     7     1
    GDAS     7     7    22     0     0
    GDAS     7     8     8     0     0
    GDAS     7     8    15     0     0
    GDAS     7     8    22     0     0
    GDAS     7     8    29     0     0
    GDAS     7     8     1     0     0
    GDAS     7     7    29     0     0
     1 BACKWARD OMEGA   
     7     8    23    18  -23.561  -46.740  4000.0
     1 PRESSURE
     1     1     7     8    23    18     0     0     0.0  -23.561  -46.740   4000.0    585.9
     1     1     7     8    23    17     0     1    -1.0  -23.501  -46.828   4058.7    579.6
     1     1     7     8    23    16     0     2    -2.0  -23.475  -46.912   4110.1    575.3
     1     1     7     8    23    15     0     3    -3.0  -23.481  -46.993   4154.3    572.1
     1     1     7     8    23    14     0     2    -4.0  -23.517  -47.081   4190.1    570.2
     1     1     7     8    23    13     0     1    -5.0  -23.580  -47.186   4212.5    569.5
     1     1     7     8    23    12     0     0    -6.0  -23.668  -47.310   4221.2    569.7
     1     1     7     8    23    11     0     1    -7.0  -23.766  -47.463   4229.2    569.8
     1     1     7     8    23    10     0     2    -8.0  -23.858  -47.654   4245.4    567.3
     1     1     7     8    23     9     0     3    -9.0  -23.945  -47.887   4260.2    563.9
     1     1     7     8    23     8     0     2   -10.0  -24.021  -48.152   4278.9    561.7
     1     1     7     8    23     7     0     1   -11.0  -24.081  -48.432   4313.1    559.2
     1     1     7     8    23     6     0     0   -12.0  -24.126  -48.724   4354.9    554.8
     1     1     7     8    23     5     0     1   -13.0  -24.163  -49.019   4381.9    549.7
     1     1     7     8    23     4     0     2   -14.0  -24.193  -49.306   4378.2    549.1
     1     1     7     8    23     3     0     3   -15.0  -24.209  -49.582   4348.6    550.0
     1     1     7     8    23     2     0     2   -16.0  -24.208  -49.852   4303.5    552.1
     1     1     7     8    23     1     0     1   -17.0  -24.185  -50.121   4254.5    555.4
     1     1     7     8    23     0     0     0   -18.0  -24.141  -50.392   4205.5    560.7
     1     1     7     8    22    23     0     1   -19.0  -24.081  -50.661   4179.6    566.0
     1     1     7     8    22    22     0     2   -20.0  -24.019  -50.922   4202.4    566.2
     1     1     7     8    22    21     0     3   -21.0  -23.961  -51.170   4275.0    564.0
     1     1     7     8    22    20     0     2   -22.0  -23.901  -51.410   4349.4    559.8
     1     1     7     8    22    19     0     1   -23.0  -23.830  -51.644   4384.6    561.3
     1     1     7     8    22    18     0     0   -24.0  -23.747  -51.871   4381.7    565.3
     1     1     7     8    22    17     0     1   -25.0  -23.652  -52.089   4366.7    571.5
     1     1     7     8    22    16     0     2   -26.0  -23.547  -52.293   4368.4    573.7
     1     1     7     8    22    15     0     3   -27.0  -23.436  -52.485   4392.0    574.0
     1     1     7     8    22    14     0     2   -28.0  -23.325  -52.669   4416.2    572.2
     1     1     7     8    22    13     0     1   -29.0  -23.217  -52.851   4417.3    573.4
     1     1     7     8    22    12     0     0   -30.0  -23.111  -53.032   4395.1    576.2
     1     1     7     8    22    11     0     1   -31.0  -23.002  -53.218   4382.6    581.0
     1     1     7     8    22    10     0     2   -32.0  -22.898  -53.421   4408.3    580.1
     1     1     7     8    22     9     0     3   -33.0  -22.803  -53.649   4469.0    576.8
     1     1     7     8    22     8     0     2   -34.0  -22.714  -53.892   4533.1    571.8
     1     1     7     8    22     7     0     1   -35.0  -22.620  -54.130   4555.4    568.6
     1     1     7     8    22     6     0     0   -36.0  -22.522  -54.363   4524.7    567.3
     1     1     7     8    22     5     0     1   -37.0  -22.406  -54.576   4452.6    570.5
     1     1     7     8    22     4     0     2   -38.0  -22.261  -54.755   4353.6    575.7
     1     1     7     8    22     3     0     3   -39.0  -22.088  -54.896   4233.0    582.9
     1     1     7     8    22     2     0     2   -40.0  -21.900  -55.008   4115.4    591.7
     1     1     7     8    22     1     0     1   -41.0  -21.712  -55.110   4029.4    599.0
     1     1     7     8    22     0     0     0   -42.0  -21.522  -55.204   3973.2    603.7
     1     1     7     8    21    23     0     1   -43.0  -21.331  -55.285   3947.3    606.9
     1     1     7     8    21    22     0     2   -44.0  -21.139  -55.346   3951.1    607.3
     1     1     7     8    21    21     0     3   -45.0  -20.949  -55.388   3977.2    606.2
     1     1     7     8    21    20     0     2   -46.0  -20.770  -55.419   4009.8    604.6
     1     1     7     8    21    19     0     1   -47.0  -20.605  -55.450   4036.7    604.5
     1     1     7     8    21    18     0     0   -48.0  -20.455  -55.479   4062.0    604.4
     1     1     7     8    21    17     0     1   -49.0  -20.320  -55.505   4089.3    604.2
     1     1     7     8    21    16     0     2   -50.0  -20.200  -55.529   4119.7    603.5
     1     1     7     8    21    15     0     3   -51.0  -20.093  -55.552   4151.4    602.6
     1     1     7     8    21    14     0     2   -52.0  -20.002  -55.574   4182.0    601.3
     1     1     7     8    21    13     0     1   -53.0  -19.929  -55.598   4208.4    599.9
     1     1     7     8    21    12     0     0   -54.0  -19.871  -55.626   4231.4    598.8
     1     1     7     8    21    11     0     1   -55.0  -19.820  -55.654   4251.9    597.6
     1     1     7     8    21    10     0     2   -56.0  -19.764  -55.679   4270.0    596.5
     1     1     7     8    21     9     0     3   -57.0  -19.701  -55.701   4284.8    595.7
     1     1     7     8    21     8     0     2   -58.0  -19.635  -55.716   4291.7    595.3
     1     1     7     8    21     7     0     1   -59.0  -19.570  -55.722   4286.7    596.1
     1     1     7     8    21     6     0     0   -60.0  -19.509  -55.716   4270.0    597.5
     1     1     7     8    21     5     0     1   -61.0  -19.451  -55.691   4257.4    599.7
     1     1     7     8    21     4     0     2   -62.0  -19.395  -55.650   4263.7    599.0
     1     1     7     8    21     3     0     3   -63.0  -19.342  -55.596   4287.2    596.8
     1     1     7     8    21     2     0     2   -64.0  -19.295  -55.541   4317.1    593.0
     1     1     7     8    21     1     0     1   -65.0  -19.259  -55.496   4343.8    590.3
     1     1     7     8    21     0     0     0   -66.0  -19.235  -55.458   4367.7    587.8
     1     1     7     8    20    23     0     1   -67.0  -19.220  -55.439   4400.0    585.7
     1     1     7     8    20    22     0     2   -68.0  -19.211  -55.453   4452.2    582.0
     1     1     7     8    20    21     0     3   -69.0  -19.205  -55.504   4524.7    577.3
     1     1     7     8    20    20     0     2   -70.0  -19.204  -55.582   4609.7    572.1
     1     1     7     8    20    19     0     1   -71.0  -19.215  -55.675   4699.3    567.2
     1     1     7     8    20    18     0     0   -72.0  -19.239  -55.783   4793.2    562.3
     1     1     7     8    20    17     0     1   -73.0  -19.278  -55.906   4882.9    557.2
     1     1     7     8    20    16     0     2   -74.0  -19.331  -56.044   4956.4    553.3
     1     1     7     8    20    15     0     3   -75.0  -19.398  -56.201   5009.8    549.3
     1     1     7     8    20    14     0     2   -76.0  -19.475  -56.381   5047.4    545.9
     1     1     7     8    20    13     0     1   -77.0  -19.562  -56.588   5068.2    543.7
     1     1     7     8    20    12     0     0   -78.0  -19.659  -56.819   5071.3    542.8
     1     1     7     8    20    11     0     1   -79.0  -19.733  -57.078   5065.7    543.3
     1     1     7     8    20    10     0     2   -80.0  -19.752  -57.365   5062.1    543.9
     1     1     7     8    20     9     0     3   -81.0  -19.717  -57.672   5058.4    544.4
     1     1     7     8    20     8     0     2   -82.0  -19.653  -57.983   5049.1    545.0
     1     1     7     8    20     7     0     1   -83.0  -19.583  -58.285   5029.4    545.4
     1     1     7     8    20     6     0     0   -84.0  -19.510  -58.577   5008.6    545.6
     1     1     7     8    20     5     0     1   -85.0  -19.434  -58.863   4988.0    545.6
     1     1     7     8    20     4     0     2   -86.0  -19.356  -59.152   4965.6    545.3
     1     1     7     8    20     3     0     3   -87.0  -19.279  -59.454   4939.9    545.2
     1     1     7     8    20     2     0     2   -88.0  -19.200  -59.776   4922.5    544.9
     1     1     7     8    20     1     0     1   -89.0  -19.112  -60.121   4922.7    542.8
     1     1     7     8    20     0     0     0   -90.0  -19.013  -60.489   4932.6    540.7
     1     1     7     8    19    23     0     1   -91.0  -18.898  -60.865   4943.7    539.1
     1     1     7     8    19    22     0     2   -92.0  -18.769  -61.235   4955.0    537.2
     1     1     7     8    19    21     0     3   -93.0  -18.625  -61.597   4973.9    535.3
     1     1     7     8    19    20     0     2   -94.0  -18.459  -61.944   4992.2    534.4
     1     1     7     8    19    19     0     1   -95.0  -18.268  -62.262   4995.3    534.1
     1     1     7     8    19    18     0     0   -96.0  -18.051  -62.549   4986.1    532.8
     1     1     7     8    19    17     0     1   -97.0  -17.826  -62.809   4975.0    533.2
     1     1     7     8    19    16     0     2   -98.0  -17.617  -63.044   4966.4    534.2
     1     1     7     8    19    15     0     3   -99.0  -17.431  -63.256   4950.3    533.2
     1     1     7     8    19    14     0     2  -100.0  -17.269  -63.456   4956.0    534.3
     1     1     7     8    19    13     0     1  -101.0  -17.126  -63.655   4985.2    536.1
     1     1     7     8    19    12     0     0  -102.0  -16.996  -63.856   5033.7    538.8
     1     1     7     8    19    11     0     1  -103.0  -16.867  -64.068   5062.6    535.4
     1     1     7     8    19    10     0     2  -104.0  -16.727  -64.302   5082.7    534.5
     1     1     7     8    19     9     0     3  -105.0  -16.580  -64.551   5089.1    535.3
     1     1     7     8    19     8     0     2  -106.0  -16.431  -64.798   5084.5    537.9
     1     1     7     8    19     7     0     1  -107.0  -16.285  -65.024   5064.0    540.0
     1     1     7     8    19     6     0     0  -108.0  -16.147  -65.229   5001.4    535.3
     1     1     7     8    19     5     0     1  -109.0  -16.027  -65.420   4954.9    535.9
     1     1     7     8    19     4     0     2  -110.0  -15.935  -65.605   4911.8    534.8
     1     1     7     8    19     3     0     3  -111.0  -15.870  -65.789   4873.5    532.6
     1     1     7     8    19     2     0     2  -112.0  -15.819  -65.973   4846.2    530.0
     1     1     7     8    19     1     0     1  -113.0  -15.766  -66.159   4831.9    526.3
     1     1     7     8    19     0     0     0  -114.0  -15.715  -66.349   4834.0    521.6
     1     1     7     8    18    23     0     1  -115.0  -15.667  -66.549   4855.6    515.6
     1     1     7     8    18    22     0     2  -116.0  -15.620  -66.760   4900.3    507.9
     1     1     7     8    18    21     0     3  -117.0  -15.570  -66.986   4971.1    498.7
     1     1     7     8    18    20     0     2  -118.0  -15.518  -67.223   5034.9    483.2
     1     1     7     8    18    19     0     1  -119.0  -15.468  -67.464   5110.1    468.9
     1     1     7     8    18    18     0     0  -120.0  -15.419  -67.712   5200.9    455.2
