     7     1
    GDAS     7     7    22     0     0
    GDAS     7     8     8     0     0
    GDAS     7     8    15     0     0
    GDAS     7     8    22     0     0
    GDAS     7     8    29     0     0
    GDAS     7     8     1     0     0
    GDAS     7     7    29     0     0
     1 BACKWARD OMEGA   
     7     8    22     6  -23.561  -46.740  4000.0
     1 PRESSURE
     1     1     7     8    22     6     0     0     0.0  -23.561  -46.740   4000.0    585.9
     1     1     7     8    22     5     0     1    -1.0  -23.739  -46.916   4062.7    581.6
     1     1     7     8    22     4     0     2    -2.0  -23.908  -47.099   4084.6    580.3
     1     1     7     8    22     3     0     3    -3.0  -24.062  -47.289   4079.4    583.5
     1     1     7     8    22     2     0     2    -4.0  -24.201  -47.480   4075.1    589.4
     1     1     7     8    22     1     0     1    -5.0  -24.331  -47.668   4089.4    591.6
     1     1     7     8    22     0     0     0    -6.0  -24.454  -47.859   4124.6    591.6
     1     1     7     8    21    23     0     1    -7.0  -24.572  -48.056   4163.4    589.0
     1     1     7     8    21    22     0     2    -8.0  -24.681  -48.254   4186.4    586.2
     1     1     7     8    21    21     0     3    -9.0  -24.781  -48.448   4198.5    582.8
     1     1     7     8    21    20     0     2   -10.0  -24.878  -48.647   4211.3    578.9
     1     1     7     8    21    19     0     1   -11.0  -24.980  -48.860   4234.4    571.9
     1     1     7     8    21    18     0     0   -12.0  -25.084  -49.089   4268.4    563.6
     1     1     7     8    21    17     0     1   -13.0  -25.197  -49.330   4307.1    555.8
     1     1     7     8    21    16     0     2   -14.0  -25.326  -49.581   4335.2    548.7
     1     1     7     8    21    15     0     3   -15.0  -25.470  -49.835   4346.7    542.2
     1     1     7     8    21    14     0     2   -16.0  -25.628  -50.103   4351.5    538.8
     1     1     7     8    21    13     0     1   -17.0  -25.800  -50.393   4363.4    539.7
     1     1     7     8    21    12     0     0   -18.0  -25.987  -50.699   4372.7    541.4
     1     1     7     8    21    11     0     1   -19.0  -26.179  -51.010   4387.6    540.5
     1     1     7     8    21    10     0     2   -20.0  -26.371  -51.322   4427.2    535.5
     1     1     7     8    21     9     0     3   -21.0  -26.574  -51.631   4494.9    531.1
     1     1     7     8    21     8     0     2   -22.0  -26.788  -51.949   4579.5    528.3
     1     1     7     8    21     7     0     1   -23.0  -27.005  -52.287   4683.0    531.5
     1     1     7     8    21     6     0     0   -24.0  -27.233  -52.637   4786.4    532.8
     1     1     7     8    21     5     0     1   -25.0  -27.473  -53.003   4897.4    531.5
     1     1     7     8    21     4     0     2   -26.0  -27.725  -53.398   5015.7    523.8
     1     1     7     8    21     3     0     3   -27.0  -27.990  -53.829   5160.5    517.2
     1     1     7     8    21     2     0     2   -28.0  -28.269  -54.296   5292.9    511.7
     1     1     7     8    21     1     0     1   -29.0  -28.558  -54.791   5357.1    510.0
     1     1     7     8    21     0     0     0   -30.0  -28.864  -55.305   5376.2    512.9
     1     1     7     8    20    23     0     1   -31.0  -29.182  -55.842   5400.7    521.7
     1     1     7     8    20    22     0     2   -32.0  -29.496  -56.410   5409.5    520.3
     1     1     7     8    20    21     0     3   -33.0  -29.790  -57.005   5430.1    517.5
     1     1     7     8    20    20     0     2   -34.0  -30.056  -57.615   5479.3    516.7
     1     1     7     8    20    19     0     1   -35.0  -30.294  -58.234   5553.1    512.1
     1     1     7     8    20    18     0     0   -36.0  -30.508  -58.859   5641.2    506.0
     1     1     7     8    20    17     0     1   -37.0  -30.697  -59.490   5731.7    499.6
     1     1     7     8    20    16     0     2   -38.0  -30.863  -60.122   5801.1    494.5
     1     1     7     8    20    15     0     3   -39.0  -31.006  -60.743   5841.4    493.0
     1     1     7     8    20    14     0     2   -40.0  -31.134  -61.351   5862.1    490.8
     1     1     7     8    20    13     0     1   -41.0  -31.258  -61.959   5902.0    484.0
     1     1     7     8    20    12     0     0   -42.0  -31.379  -62.571   6004.9    479.8
     1     1     7     8    20    11     0     1   -43.0  -31.507  -63.187   6082.4    468.5
     1     1     7     8    20    10     0     2   -44.0  -31.668  -63.816   6077.6    451.7
     1     1     7     8    20     9     0     3   -45.0  -31.874  -64.469   6056.7    438.2
     1     1     7     8    20     8     0     2   -46.0  -32.096  -65.154   6059.1    429.7
     1     1     7     8    20     7     0     1   -47.0  -32.291  -65.849   6178.9    436.9
     1     1     7     8    20     6     0     0   -48.0  -32.467  -66.547   6243.0    432.2
     1     1     7     8    20     5     0     1   -49.0  -32.625  -67.245   6338.3    430.3
     1     1     7     8    20     4     0     2   -50.0  -32.754  -67.924   6490.2    429.2
     1     1     7     8    20     3     0     3   -51.0  -32.886  -68.688   6398.7    383.9
     1     1     7     8    20     2     0     2   -52.0  -33.071  -69.646   6090.3    320.6
     1     1     7     8    20     1     0     1   -53.0  -33.258  -70.636   6506.5    362.7
     1     1     7     8    20     0     0     0   -54.0  -33.355  -71.441   6941.6    405.1
     1     1     7     8    19    23     0     1   -55.0  -33.433  -72.199   7107.7    413.2
     1     1     7     8    19    22     0     2   -56.0  -33.525  -72.964   7177.3    414.5
     1     1     7     8    19    21     0     3   -57.0  -33.635  -73.777   7237.1    408.9
     1     1     7     8    19    20     0     2   -58.0  -33.747  -74.645   7322.7    403.6
     1     1     7     8    19    19     0     1   -59.0  -33.850  -75.534   7353.1    401.6
     1     1     7     8    19    18     0     0   -60.0  -33.934  -76.447   7342.2    402.3
     1     1     7     8    19    17     0     1   -61.0  -34.004  -77.366   7326.9    403.7
     1     1     7     8    19    16     0     2   -62.0  -34.068  -78.299   7339.2    402.6
     1     1     7     8    19    15     0     3   -63.0  -34.121  -79.261   7385.3    400.0
     1     1     7     8    19    14     0     2   -64.0  -34.153  -80.253   7426.6    396.8
     1     1     7     8    19    13     0     1   -65.0  -34.156  -81.254   7435.1    396.7
     1     1     7     8    19    12     0     0   -66.0  -34.121  -82.259   7408.6    398.1
     1     1     7     8    19    11     0     1   -67.0  -34.053  -83.253   7390.1    399.7
     1     1     7     8    19    10     0     2   -68.0  -33.949  -84.228   7360.3    400.6
     1     1     7     8    19     9     0     3   -69.0  -33.811  -85.167   7293.8    405.1
     1     1     7     8    19     8     0     2   -70.0  -33.661  -86.060   7192.6    410.8
     1     1     7     8    19     7     0     1   -71.0  -33.500  -86.914   7120.3    416.4
     1     1     7     8    19     6     0     0   -72.0  -33.318  -87.725   7053.3    419.7
     1     1     7     8    19     5     0     1   -73.0  -33.136  -88.486   6983.8    424.3
     1     1     7     8    19     4     0     2   -74.0  -32.966  -89.190   6907.0    429.7
     1     1     7     8    19     3     0     3   -75.0  -32.794  -89.838   6837.1    434.1
     1     1     7     8    19     2     0     2   -76.0  -32.624  -90.437   6785.5    437.3
     1     1     7     8    19     1     0     1   -77.0  -32.466  -90.999   6736.8    439.9
     1     1     7     8    19     0     0     0   -78.0  -32.316  -91.524   6680.3    443.1
     1     1     7     8    18    23     0     1   -79.0  -32.169  -92.001   6622.9    447.8
     1     1     7     8    18    22     0     2   -80.0  -32.030  -92.420   6578.7    450.8
     1     1     7     8    18    21     0     3   -81.0  -31.914  -92.787   6562.5    451.6
     1     1     7     8    18    20     0     2   -82.0  -31.820  -93.115   6555.7    450.8
     1     1     7     8    18    19     0     1   -83.0  -31.740  -93.406   6535.3    452.7
     1     1     7     8    18    18     0     0   -84.0  -31.667  -93.660   6497.2    455.7
     1     1     7     8    18    17     0     1   -85.0  -31.607  -93.871   6465.0    459.3
     1     1     7     8    18    16     0     2   -86.0  -31.568  -94.050   6461.9    459.5
     1     1     7     8    18    15     0     3   -87.0  -31.554  -94.210   6486.2    457.6
     1     1     7     8    18    14     0     2   -88.0  -31.559  -94.357   6526.8    454.1
     1     1     7     8    18    13     0     1   -89.0  -31.579  -94.490   6573.3    451.0
     1     1     7     8    18    12     0     0   -90.0  -31.611  -94.607   6627.2    447.5
     1     1     7     8    18    11     0     1   -91.0  -31.648  -94.711   6676.8    443.8
     1     1     7     8    18    10     0     2   -92.0  -31.684  -94.804   6711.3    441.7
     1     1     7     8    18     9     0     3   -93.0  -31.721  -94.880   6733.0    440.5
     1     1     7     8    18     8     0     2   -94.0  -31.761  -94.945   6761.5    440.0
     1     1     7     8    18     7     0     1   -95.0  -31.807  -95.005   6814.3    436.8
     1     1     7     8    18     6     0     0   -96.0  -31.861  -95.063   6887.8    432.6
     1     1     7     8    18     5     0     1   -97.0  -31.931  -95.103   6976.9    427.0
     1     1     7     8    18     4     0     2   -98.0  -32.023  -95.105   7081.9    420.8
     1     1     7     8    18     3     0     3   -99.0  -32.144  -95.075   7203.3    413.6
     1     1     7     8    18     2     0     2  -100.0  -32.288  -95.031   7327.3    405.9
     1     1     7     8    18     1     0     1  -101.0  -32.443  -94.989   7441.8    399.5
     1     1     7     8    18     0     0     0  -102.0  -32.606  -94.949   7548.2    393.6
     1     1     7     8    17    23     0     1  -103.0  -32.769  -94.927   7646.3    388.4
     1     1     7     8    17    22     0     2  -104.0  -32.929  -94.941   7738.2    383.8
     1     1     7     8    17    21     0     3  -105.0  -33.084  -94.993   7826.8    379.3
     1     1     7     8    17    20     0     2  -106.0  -33.243  -95.065   7929.4    374.8
     1     1     7     8    17    19     0     1  -107.0  -33.420  -95.145   8065.1    367.7
     1     1     7     8    17    18     0     0  -108.0  -33.623  -95.239   8234.5    358.8
     1     1     7     8    17    17     0     1  -109.0  -33.862  -95.357   8413.5    348.0
     1     1     7     8    17    16     0     2  -110.0  -34.144  -95.508   8569.3    339.4
     1     1     7     8    17    15     0     3  -111.0  -34.461  -95.688   8685.4    333.1
     1     1     7     8    17    14     0     2  -112.0  -34.802  -95.899   8755.1    329.7
     1     1     7     8    17    13     0     1  -113.0  -35.164  -96.153   8787.2    328.5
     1     1     7     8    17    12     0     0  -114.0  -35.548  -96.452   8808.2    327.5
     1     1     7     8    17    11     0     1  -115.0  -35.965  -96.813   8841.5    325.5
     1     1     7     8    17    10     0     2  -116.0  -36.439  -97.260   8903.8    322.6
     1     1     7     8    17     9     0     3  -117.0  -36.981  -97.790   8996.7    318.3
     1     1     7     8    17     8     0     2  -118.0  -37.558  -98.416   9089.1    312.1
     1     1     7     8    17     7     0     1  -119.0  -38.127  -99.168   9167.2    308.8
     1     1     7     8    17     6     0     0  -120.0  -38.703 -100.032   9250.8    304.7
