     7     1
    GDAS     7     7    22     0     0
    GDAS     7     8     8     0     0
    GDAS     7     8    15     0     0
    GDAS     7     8    22     0     0
    GDAS     7     8    29     0     0
    GDAS     7     8     1     0     0
    GDAS     7     7    29     0     0
     1 BACKWARD OMEGA   
     7     8     6     6  -23.561  -46.740  4000.0
     1 PRESSURE
     1     1     7     8     6     6     0     0     0.0  -23.561  -46.740   4000.0    586.7
     1     1     7     8     6     5     0     1    -1.0  -23.599  -47.169   4029.0    583.3
     1     1     7     8     6     4     0     2    -2.0  -23.625  -47.613   4058.4    581.8
     1     1     7     8     6     3     0     3    -3.0  -23.640  -48.068   4069.6    581.0
     1     1     7     8     6     2     0     2    -4.0  -23.637  -48.529   4060.1    577.8
     1     1     7     8     6     1     0     1    -5.0  -23.610  -48.989   4042.5    574.3
     1     1     7     8     6     0     0     0    -6.0  -23.565  -49.440   4025.7    578.0
     1     1     7     8     5    23     0     1    -7.0  -23.499  -49.876   4003.4    584.1
     1     1     7     8     5    22     0     2    -8.0  -23.405  -50.311   3998.1    588.9
     1     1     7     8     5    21     0     3    -9.0  -23.282  -50.755   4027.3    590.1
     1     1     7     8     5    20     0     2   -10.0  -23.134  -51.203   4067.2    589.9
     1     1     7     8     5    19     0     1   -11.0  -22.971  -51.644   4084.5    593.9
     1     1     7     8     5    18     0     0   -12.0  -22.796  -52.070   4076.0    598.8
     1     1     7     8     5    17     0     1   -13.0  -22.612  -52.470   4065.4    602.8
     1     1     7     8     5    16     0     2   -14.0  -22.426  -52.844   4075.0    602.0
     1     1     7     8     5    15     0     3   -15.0  -22.242  -53.201   4096.3    601.4
     1     1     7     8     5    14     0     2   -16.0  -22.061  -53.550   4110.1    601.9
     1     1     7     8     5    13     0     1   -17.0  -21.878  -53.901   4094.9    603.7
     1     1     7     8     5    12     0     0   -18.0  -21.695  -54.255   4040.2    603.2
     1     1     7     8     5    11     0     1   -19.0  -21.500  -54.621   3974.3    604.8
     1     1     7     8     5    10     0     2   -20.0  -21.285  -55.000   3915.1    607.2
     1     1     7     8     5     9     0     3   -21.0  -21.060  -55.397   3873.4    613.8
     1     1     7     8     5     8     0     2   -22.0  -20.823  -55.802   3844.2    621.0
     1     1     7     8     5     7     0     1   -23.0  -20.571  -56.197   3826.1    627.9
     1     1     7     8     5     6     0     0   -24.0  -20.308  -56.583   3826.6    631.5
     1     1     7     8     5     5     0     1   -25.0  -20.035  -56.959   3847.0    633.3
     1     1     7     8     5     4     0     2   -26.0  -19.756  -57.324   3865.0    633.0
     1     1     7     8     5     3     0     3   -27.0  -19.478  -57.677   3860.8    633.3
     1     1     7     8     5     2     0     2   -28.0  -19.205  -58.019   3838.1    633.3
     1     1     7     8     5     1     0     1   -29.0  -18.935  -58.356   3810.2    632.2
     1     1     7     8     5     0     0     0   -30.0  -18.670  -58.699   3782.1    629.5
     1     1     7     8     4    23     0     1   -31.0  -18.412  -59.037   3759.0    626.1
     1     1     7     8     4    22     0     2   -32.0  -18.163  -59.359   3760.4    623.2
     1     1     7     8     4    21     0     3   -33.0  -17.929  -59.673   3791.5    620.5
     1     1     7     8     4    20     0     2   -34.0  -17.706  -59.977   3841.7    617.6
     1     1     7     8     4    19     0     1   -35.0  -17.482  -60.270   3894.5    614.8
     1     1     7     8     4    18     0     0   -36.0  -17.259  -60.556   3949.5    611.5
     1     1     7     8     4    17     0     1   -37.0  -17.040  -60.827   4003.3    607.2
     1     1     7     8     4    16     0     2   -38.0  -16.820  -61.068   4049.3    603.4
     1     1     7     8     4    15     0     3   -39.0  -16.592  -61.276   4080.6    600.9
     1     1     7     8     4    14     0     2   -40.0  -16.360  -61.464   4097.4    599.0
     1     1     7     8     4    13     0     1   -41.0  -16.133  -61.648   4101.5    597.2
     1     1     7     8     4    12     0     0   -42.0  -15.910  -61.831   4098.2    597.0
     1     1     7     8     4    11     0     1   -43.0  -15.691  -62.017   4109.7    599.3
     1     1     7     8     4    10     0     2   -44.0  -15.478  -62.209   4147.8    599.6
     1     1     7     8     4     9     0     3   -45.0  -15.263  -62.405   4202.2    597.4
     1     1     7     8     4     8     0     2   -46.0  -15.043  -62.598   4258.2    593.4
     1     1     7     8     4     7     0     1   -47.0  -14.815  -62.778   4297.6    590.0
     1     1     7     8     4     6     0     0   -48.0  -14.582  -62.946   4315.0    589.1
     1     1     7     8     4     5     0     1   -49.0  -14.347  -63.098   4311.0    591.4
     1     1     7     8     4     4     0     2   -50.0  -14.115  -63.237   4292.5    594.3
     1     1     7     8     4     3     0     3   -51.0  -13.891  -63.369   4268.2    597.3
     1     1     7     8     4     2     0     2   -52.0  -13.674  -63.501   4256.5    599.4
     1     1     7     8     4     1     0     1   -53.0  -13.461  -63.639   4272.0    599.1
     1     1     7     8     4     0     0     0   -54.0  -13.245  -63.783   4319.7    596.7
     1     1     7     8     3    23     0     1   -55.0  -13.015  -63.923   4394.5    591.7
     1     1     7     8     3    22     0     2   -56.0  -12.765  -64.043   4477.8    584.6
     1     1     7     8     3    21     0     3   -57.0  -12.499  -64.139   4564.1    577.2
     1     1     7     8     3    20     0     2   -58.0  -12.227  -64.211   4647.4    570.7
     1     1     7     8     3    19     0     1   -59.0  -11.953  -64.262   4720.2    565.2
     1     1     7     8     3    18     0     0   -60.0  -11.675  -64.297   4774.6    559.2
     1     1     7     8     3    17     0     1   -61.0  -11.383  -64.308   4814.8    554.4
     1     1     7     8     3    16     0     2   -62.0  -11.064  -64.288   4841.8    549.7
     1     1     7     8     3    15     0     3   -63.0  -10.719  -64.236   4865.9    549.6
     1     1     7     8     3    14     0     2   -64.0  -10.369  -64.158   4876.0    551.9
     1     1     7     8     3    13     0     1   -65.0  -10.036  -64.062   4868.6    555.9
     1     1     7     8     3    12     0     0   -66.0   -9.721  -63.957   4844.0    559.8
     1     1     7     8     3    11     0     1   -67.0   -9.433  -63.848   4814.2    562.6
     1     1     7     8     3    10     0     2   -68.0   -9.183  -63.741   4781.3    565.7
     1     1     7     8     3     9     0     3   -69.0   -8.960  -63.636   4749.6    568.5
     1     1     7     8     3     8     0     2   -70.0   -8.736  -63.522   4732.6    570.4
     1     1     7     8     3     7     0     1   -71.0   -8.489  -63.386   4748.1    569.2
     1     1     7     8     3     6     0     0   -72.0   -8.218  -63.225   4799.9    565.5
     1     1     7     8     3     5     0     1   -73.0   -7.938  -63.042   4885.4    559.0
     1     1     7     8     3     4     0     2   -74.0   -7.668  -62.834   4982.8    551.9
     1     1     7     8     3     3     0     3   -75.0   -7.410  -62.597   5063.9    546.7
     1     1     7     8     3     2     0     2   -76.0   -7.160  -62.337   5116.7    542.9
     1     1     7     8     3     1     0     1   -77.0   -6.917  -62.063   5139.0    541.4
     1     1     7     8     3     0     0     0   -78.0   -6.686  -61.781   5141.1    541.9
     1     1     7     8     2    23     0     1   -79.0   -6.469  -61.505   5135.9    542.6
     1     1     7     8     2    22     0     2   -80.0   -6.261  -61.244   5129.4    542.7
     1     1     7     8     2    21     0     3   -81.0   -6.059  -60.996   5121.3    542.5
     1     1     7     8     2    20     0     2   -82.0   -5.856  -60.753   5117.5    543.3
     1     1     7     8     2    19     0     1   -83.0   -5.646  -60.507   5122.7    543.5
     1     1     7     8     2    18     0     0   -84.0   -5.428  -60.257   5139.4    543.1
     1     1     7     8     2    17     0     1   -85.0   -5.201  -59.995   5169.0    542.0
     1     1     7     8     2    16     0     2   -86.0   -4.965  -59.713   5208.8    539.4
     1     1     7     8     2    15     0     3   -87.0   -4.712  -59.413   5257.8    535.9
     1     1     7     8     2    14     0     2   -88.0   -4.447  -59.105   5300.8    532.0
     1     1     7     8     2    13     0     1   -89.0   -4.184  -58.798   5331.7    530.3
     1     1     7     8     2    12     0     0   -90.0   -3.927  -58.492   5356.3    529.3
     1     1     7     8     2    11     0     1   -91.0   -3.663  -58.190   5378.6    528.0
     1     1     7     8     2    10     0     2   -92.0   -3.384  -57.887   5397.1    526.9
     1     1     7     8     2     9     0     3   -93.0   -3.098  -57.576   5406.9    526.4
     1     1     7     8     2     8     0     2   -94.0   -2.815  -57.254   5412.2    526.6
     1     1     7     8     2     7     0     1   -95.0   -2.541  -56.921   5424.1    525.3
     1     1     7     8     2     6     0     0   -96.0   -2.275  -56.577   5441.6    523.1
     1     1     7     8     2     5     0     1   -97.0   -2.021  -56.224   5455.8    521.8
     1     1     7     8     2     4     0     2   -98.0   -1.778  -55.865   5447.9    520.0
     1     1     7     8     2     3     0     3   -99.0   -1.539  -55.503   5431.6    518.7
     1     1     7     8     2     2     0     2  -100.0   -1.303  -55.142   5415.3    517.0
     1     1     7     8     2     1     0     1  -101.0   -1.070  -54.783   5397.6    514.4
     1     1     7     8     2     0     0     0  -102.0   -0.838  -54.426   5376.5    513.4
     1     1     7     8     1    23     0     1  -103.0   -0.608  -54.071   5349.4    514.4
     1     1     7     8     1    22     0     2  -104.0   -0.384  -53.717   5322.5    517.8
     1     1     7     8     1    21     0     3  -105.0   -0.177  -53.362   5294.1    521.7
     1     1     7     8     1    20     0     2  -106.0    0.017  -53.014   5274.3    526.0
     1     1     7     8     1    19     0     1  -107.0    0.203  -52.679   5274.4    527.4
     1     1     7     8     1    18     0     0  -108.0    0.379  -52.355   5298.4    526.6
     1     1     7     8     1    17     0     1  -109.0    0.551  -52.031   5333.2    525.2
     1     1     7     8     1    16     0     2  -110.0    0.731  -51.706   5368.0    524.9
     1     1     7     8     1    15     0     3  -111.0    0.919  -51.387   5393.5    525.1
     1     1     7     8     1    14     0     2  -112.0    1.116  -51.074   5419.2    525.0
     1     1     7     8     1    13     0     1  -113.0    1.324  -50.766   5454.7    523.8
     1     1     7     8     1    12     0     0  -114.0    1.550  -50.461   5493.5    521.9
     1     1     7     8     1    11     0     1  -115.0    1.777  -50.154   5521.0    520.0
     1     1     7     8     1    10     0     2  -116.0    1.989  -49.845   5530.1    519.9
     1     1     7     8     1     9     0     3  -117.0    2.188  -49.535   5533.0    519.8
     1     1     7     8     1     8     0     2  -118.0    2.376  -49.225   5541.3    519.6
     1     1     7     8     1     7     0     1  -119.0    2.556  -48.917   5557.1    518.6
     1     1     7     8     1     6     0     0  -120.0    2.726  -48.611   5573.4    517.4
