     7     1
    GDAS     7     7    22     0     0
    GDAS     7     8     8     0     0
    GDAS     7     8    15     0     0
    GDAS     7     8    22     0     0
    GDAS     7     8    29     0     0
    GDAS     7     8     1     0     0
    GDAS     7     7    29     0     0
     1 BACKWARD OMEGA   
     7     8    13    18  -23.561  -46.740  4000.0
     1 PRESSURE
     1     1     7     8    13    18     0     0     0.0  -23.561  -46.740   4000.0    588.7
     1     1     7     8    13    17     0     1    -1.0  -23.624  -46.673   4056.6    587.1
     1     1     7     8    13    16     0     2    -2.0  -23.693  -46.616   4105.6    586.9
     1     1     7     8    13    15     0     3    -3.0  -23.768  -46.567   4146.5    587.6
     1     1     7     8    13    14     0     2    -4.0  -23.848  -46.530   4175.1    588.9
     1     1     7     8    13    13     0     1    -5.0  -23.934  -46.505   4186.1    591.9
     1     1     7     8    13    12     0     0    -6.0  -24.024  -46.493   4176.7    596.0
     1     1     7     8    13    11     0     1    -7.0  -24.103  -46.481   4172.3    600.2
     1     1     7     8    13    10     0     2    -8.0  -24.166  -46.461   4203.3    599.5
     1     1     7     8    13     9     0     3    -9.0  -24.219  -46.436   4269.1    596.0
     1     1     7     8    13     8     0     2   -10.0  -24.269  -46.411   4353.7    590.1
     1     1     7     8    13     7     0     1   -11.0  -24.324  -46.390   4441.3    585.1
     1     1     7     8    13     6     0     0   -12.0  -24.382  -46.372   4533.2    579.8
     1     1     7     8    13     5     0     1   -13.0  -24.447  -46.356   4631.7    574.4
     1     1     7     8    13     4     0     2   -14.0  -24.522  -46.344   4737.2    568.4
     1     1     7     8    13     3     0     3   -15.0  -24.606  -46.335   4847.1    562.2
     1     1     7     8    13     2     0     2   -16.0  -24.701  -46.331   4956.8    555.6
     1     1     7     8    13     1     0     1   -17.0  -24.812  -46.332   5064.1    549.9
     1     1     7     8    13     0     0     0   -18.0  -24.937  -46.339   5171.8    544.3
     1     1     7     8    12    23     0     1   -19.0  -25.083  -46.363   5277.1    537.9
     1     1     7     8    12    22     0     2   -20.0  -25.254  -46.413   5377.1    531.1
     1     1     7     8    12    21     0     3   -21.0  -25.447  -46.489   5472.2    524.5
     1     1     7     8    12    20     0     2   -22.0  -25.661  -46.587   5548.1    518.5
     1     1     7     8    12    19     0     1   -23.0  -25.895  -46.706   5589.3    515.1
     1     1     7     8    12    18     0     0   -24.0  -26.145  -46.842   5599.2    514.5
     1     1     7     8    12    17     0     1   -25.0  -26.408  -47.001   5608.6    516.2
     1     1     7     8    12    16     0     2   -26.0  -26.684  -47.193   5642.3    515.6
     1     1     7     8    12    15     0     3   -27.0  -26.978  -47.422   5690.7    513.0
     1     1     7     8    12    14     0     2   -28.0  -27.293  -47.689   5749.9    509.0
     1     1     7     8    12    13     0     1   -29.0  -27.628  -47.996   5815.0    505.6
     1     1     7     8    12    12     0     0   -30.0  -27.990  -48.360   5818.6    492.5
     1     1     7     8    12    11     0     1   -31.0  -28.378  -48.794   5829.7    486.5
     1     1     7     8    12    10     0     2   -32.0  -28.773  -49.275   5847.0    484.8
     1     1     7     8    12     9     0     3   -33.0  -29.175  -49.816   5832.4    476.2
     1     1     7     8    12     8     0     2   -34.0  -29.568  -50.416   5871.7    478.3
     1     1     7     8    12     7     0     1   -35.0  -29.923  -51.047   5941.5    486.4
     1     1     7     8    12     6     0     0   -36.0  -30.238  -51.707   5967.8    487.6
     1     1     7     8    12     5     0     1   -37.0  -30.521  -52.404   5971.9    484.1
     1     1     7     8    12     4     0     2   -38.0  -30.768  -53.149   5969.8    477.0
     1     1     7     8    12     3     0     3   -39.0  -30.963  -53.941   5946.1    475.4
     1     1     7     8    12     2     0     2   -40.0  -31.097  -54.746   5939.7    482.5
     1     1     7     8    12     1     0     1   -41.0  -31.180  -55.539   5948.3    481.0
     1     1     7     8    12     0     0     0   -42.0  -31.214  -56.344   5991.6    477.5
     1     1     7     8    11    23     0     1   -43.0  -31.207  -57.145   6032.3    479.7
     1     1     7     8    11    22     0     2   -44.0  -31.172  -57.923   6034.6    482.5
     1     1     7     8    11    21     0     3   -45.0  -31.102  -58.669   6007.9    484.3
     1     1     7     8    11    20     0     2   -46.0  -31.005  -59.384   5967.0    486.9
     1     1     7     8    11    19     0     1   -47.0  -30.903  -60.072   5933.9    489.9
     1     1     7     8    11    18     0     0   -48.0  -30.786  -60.732   5913.4    491.8
     1     1     7     8    11    17     0     1   -49.0  -30.654  -61.357   5891.8    491.1
     1     1     7     8    11    16     0     2   -50.0  -30.513  -61.950   5870.2    489.9
     1     1     7     8    11    15     0     3   -51.0  -30.359  -62.517   5845.4    491.6
     1     1     7     8    11    14     0     2   -52.0  -30.204  -63.072   5792.5    491.2
     1     1     7     8    11    13     0     1   -53.0  -30.058  -63.647   5701.3    485.2
     1     1     7     8    11    12     0     0   -54.0  -29.903  -64.240   5635.0    486.1
     1     1     7     8    11    11     0     1   -55.0  -29.742  -64.814   5591.1    494.6
     1     1     7     8    11    10     0     2   -56.0  -29.586  -65.364   5553.7    497.1
     1     1     7     8    11     9     0     3   -57.0  -29.412  -65.883   5509.3    499.4
     1     1     7     8    11     8     0     2   -58.0  -29.234  -66.413   5362.5    479.9
     1     1     7     8    11     7     0     1   -59.0  -29.059  -67.052   5160.6    443.5
     1     1     7     8    11     6     0     0   -60.0  -28.847  -67.832   5051.6    416.1
     1     1     7     8    11     5     0     1   -61.0  -28.587  -68.873   4832.1    346.5
     1     1     7     8    11     4     0     2   -62.0  -28.264  -70.036   5147.3    383.9
     1     1     7     8    11     3     0     3   -63.0  -27.926  -70.725   5460.4    476.5
     1     1     7     8    11     2     0     2   -64.0  -27.646  -71.109   5438.2    515.9
     1     1     7     8    11     1     0     1   -65.0  -27.415  -71.413   5339.9    527.5
     1     1     7     8    11     0     0     0   -66.0  -27.211  -71.682   5290.7    534.4
     1     1     7     8    10    23     0     1   -67.0  -27.043  -71.927   5279.8    538.0
     1     1     7     8    10    22     0     2   -68.0  -26.922  -72.166   5278.7    537.5
     1     1     7     8    10    21     0     3   -69.0  -26.844  -72.403   5277.7    535.9
     1     1     7     8    10    20     0     2   -70.0  -26.805  -72.642   5294.0    535.2
     1     1     7     8    10    19     0     1   -71.0  -26.809  -72.891   5351.1    530.8
     1     1     7     8    10    18     0     0   -72.0  -26.863  -73.155   5458.9    523.6
     1     1     7     8    10    17     0     1   -73.0  -26.961  -73.464   5588.2    513.2
     1     1     7     8    10    16     0     2   -74.0  -27.091  -73.841   5704.1    505.6
     1     1     7     8    10    15     0     3   -75.0  -27.249  -74.288   5802.0    498.7
     1     1     7     8    10    14     0     2   -76.0  -27.425  -74.795   5885.9    492.8
     1     1     7     8    10    13     0     1   -77.0  -27.609  -75.345   5966.4    487.8
     1     1     7     8    10    12     0     0   -78.0  -27.804  -75.932   6056.8    481.7
     1     1     7     8    10    11     0     1   -79.0  -28.005  -76.547   6175.9    474.6
     1     1     7     8    10    10     0     2   -80.0  -28.208  -77.181   6328.1    465.1
     1     1     7     8    10     9     0     3   -81.0  -28.415  -77.833   6503.0    452.9
     1     1     7     8    10     8     0     2   -82.0  -28.623  -78.509   6680.8    441.3
     1     1     7     8    10     7     0     1   -83.0  -28.832  -79.208   6826.4    433.0
     1     1     7     8    10     6     0     0   -84.0  -29.053  -79.916   6926.6    426.2
     1     1     7     8    10     5     0     1   -85.0  -29.281  -80.640   7015.2    423.0
     1     1     7     8    10     4     0     2   -86.0  -29.514  -81.386   7115.2    417.7
     1     1     7     8    10     3     0     3   -87.0  -29.785  -82.158   7252.2    408.9
     1     1     7     8    10     2     0     2   -88.0  -30.095  -82.960   7411.8    399.9
     1     1     7     8    10     1     0     1   -89.0  -30.410  -83.790   7532.6    392.4
     1     1     7     8    10     0     0     0   -90.0  -30.742  -84.647   7634.3    386.6
     1     1     7     8     9    23     0     1   -91.0  -31.099  -85.535   7733.5    381.3
     1     1     7     8     9    22     0     2   -92.0  -31.462  -86.452   7835.4    375.7
     1     1     7     8     9    21     0     3   -93.0  -31.831  -87.407   7910.0    371.4
     1     1     7     8     9    20     0     2   -94.0  -32.193  -88.399   7917.1    371.7
     1     1     7     8     9    19     0     1   -95.0  -32.530  -89.416   7912.8    372.7
     1     1     7     8     9    18     0     0   -96.0  -32.855  -90.506   7979.6    369.3
     1     1     7     8     9    17     0     1   -97.0  -33.156  -91.662   8057.1    364.0
     1     1     7     8     9    16     0     2   -98.0  -33.406  -92.827   8051.9    365.1
     1     1     7     8     9    15     0     3   -99.0  -33.591  -94.024   7993.1    367.8
     1     1     7     8     9    14     0     2  -100.0  -33.734  -95.236   7947.6    371.3
     1     1     7     8     9    13     0     1  -101.0  -33.850  -96.447   7894.6    373.8
     1     1     7     8     9    12     0     0  -102.0  -33.906  -97.679   7825.5    378.0
     1     1     7     8     9    11     0     1  -103.0  -33.916  -98.882   7774.4    381.9
     1     1     7     8     9    10     0     2  -104.0  -33.909 -100.012   7724.3    384.2
     1     1     7     8     9     9     0     3  -105.0  -33.872 -101.094   7676.6    388.3
     1     1     7     8     9     8     0     2  -106.0  -33.815 -102.124   7601.3    392.9
     1     1     7     8     9     7     0     1  -107.0  -33.740 -103.099   7517.6    398.5
     1     1     7     8     9     6     0     0  -108.0  -33.625 -104.030   7435.1    403.5
     1     1     7     8     9     5     0     1  -109.0  -33.492 -104.926   7375.1    407.7
     1     1     7     8     9     4     0     2  -110.0  -33.355 -105.791   7323.4    411.0
     1     1     7     8     9     3     0     3  -111.0  -33.189 -106.624   7272.9    414.2
     1     1     7     8     9     2     0     2  -112.0  -33.002 -107.395   7226.5    417.4
     1     1     7     8     9     1     0     1  -113.0  -32.805 -108.079   7186.1    420.2
     1     1     7     8     9     0     0     0  -114.0  -32.592 -108.681   7166.5    422.4
     1     1     7     8     8    23     0     1  -115.0  -32.379 -109.196   7167.7    422.3
     1     1     7     8     8    22     0     2  -116.0  -32.180 -109.622   7181.3    421.7
     1     1     7     8     8    21     0     3  -117.0  -31.998 -109.958   7203.3    420.7
     1     1     7     8     8    20     0     2  -118.0  -31.830 -110.227   7217.0    419.4
     1     1     7     8     8    19     0     1  -119.0  -31.678 -110.449   7211.0    420.2
     1     1     7     8     8    18     0     0  -120.0  -31.540 -110.624   7191.9    421.8
