     7     1
    GDAS     7     7    22     0     0
    GDAS     7     8     8     0     0
    GDAS     7     8    15     0     0
    GDAS     7     8    22     0     0
    GDAS     7     8    29     0     0
    GDAS     7     8     1     0     0
    GDAS     7     7    29     0     0
     1 BACKWARD OMEGA   
     7     8    13    12  -23.561  -46.740  4000.0
     1 PRESSURE
     1     1     7     8    13    12     0     0     0.0  -23.561  -46.740   4000.0    589.6
     1     1     7     8    13    11     0     1    -1.0  -23.650  -46.713   4004.0    592.7
     1     1     7     8    13    10     0     2    -2.0  -23.719  -46.677   4039.1    592.4
     1     1     7     8    13     9     0     3    -3.0  -23.775  -46.634   4107.1    589.6
     1     1     7     8    13     8     0     2    -4.0  -23.827  -46.593   4194.1    584.7
     1     1     7     8    13     7     0     1    -5.0  -23.884  -46.559   4286.1    580.8
     1     1     7     8    13     6     0     0    -6.0  -23.944  -46.532   4385.0    576.5
     1     1     7     8    13     5     0     1    -7.0  -24.011  -46.510   4494.5    572.0
     1     1     7     8    13     4     0     2    -8.0  -24.087  -46.494   4613.7    565.7
     1     1     7     8    13     3     0     3    -9.0  -24.171  -46.483   4740.4    558.9
     1     1     7     8    13     2     0     2   -10.0  -24.264  -46.476   4865.3    551.7
     1     1     7     8    13     1     0     1   -11.0  -24.371  -46.472   4982.0    545.9
     1     1     7     8    13     0     0     0   -12.0  -24.494  -46.473   5093.4    540.7
     1     1     7     8    12    23     0     1   -13.0  -24.636  -46.488   5204.3    535.9
     1     1     7     8    12    22     0     2   -14.0  -24.802  -46.526   5318.1    531.2
     1     1     7     8    12    21     0     3   -15.0  -24.987  -46.586   5436.0    527.3
     1     1     7     8    12    20     0     2   -16.0  -25.190  -46.663   5529.5    520.5
     1     1     7     8    12    19     0     1   -17.0  -25.414  -46.759   5593.4    515.9
     1     1     7     8    12    18     0     0   -18.0  -25.658  -46.874   5623.5    513.2
     1     1     7     8    12    17     0     1   -19.0  -25.917  -47.010   5635.5    512.9
     1     1     7     8    12    16     0     2   -20.0  -26.190  -47.178   5665.4    513.1
     1     1     7     8    12    15     0     3   -21.0  -26.477  -47.384   5713.0    511.7
     1     1     7     8    12    14     0     2   -22.0  -26.782  -47.630   5775.0    508.0
     1     1     7     8    12    13     0     1   -23.0  -27.109  -47.918   5847.4    502.7
     1     1     7     8    12    12     0     0   -24.0  -27.464  -48.259   5897.8    493.2
     1     1     7     8    12    11     0     1   -25.0  -27.848  -48.675   5883.6    477.8
     1     1     7     8    12    10     0     2   -26.0  -28.257  -49.164   5855.3    469.0
     1     1     7     8    12     9     0     3   -27.0  -28.676  -49.721   5830.9    462.9
     1     1     7     8    12     8     0     2   -28.0  -29.082  -50.340   5831.1    462.0
     1     1     7     8    12     7     0     1   -29.0  -29.451  -50.996   5864.5    468.9
     1     1     7     8    12     6     0     0   -30.0  -29.771  -51.665   5928.2    483.0
     1     1     7     8    12     5     0     1   -31.0  -30.045  -52.344   5964.0    488.7
     1     1     7     8    12     4     0     2   -32.0  -30.281  -53.061   5985.5    481.5
     1     1     7     8    12     3     0     3   -33.0  -30.471  -53.826   6008.4    477.1
     1     1     7     8    12     2     0     2   -34.0  -30.606  -54.609   6010.0    478.8
     1     1     7     8    12     1     0     1   -35.0  -30.690  -55.386   6009.6    478.9
     1     1     7     8    12     0     0     0   -36.0  -30.726  -56.169   6025.4    476.0
     1     1     7     8    11    23     0     1   -37.0  -30.723  -56.951   6064.4    478.0
     1     1     7     8    11    22     0     2   -38.0  -30.690  -57.709   6086.2    479.1
     1     1     7     8    11    21     0     3   -39.0  -30.621  -58.432   6096.1    479.0
     1     1     7     8    11    20     0     2   -40.0  -30.527  -59.122   6079.9    479.4
     1     1     7     8    11    19     0     1   -41.0  -30.427  -59.785   6052.0    482.9
     1     1     7     8    11    18     0     0   -42.0  -30.315  -60.424   6021.2    484.7
     1     1     7     8    11    17     0     1   -43.0  -30.185  -61.032   6001.0    484.9
     1     1     7     8    11    16     0     2   -44.0  -30.045  -61.607   6001.2    484.3
     1     1     7     8    11    15     0     3   -45.0  -29.890  -62.151   5986.5    484.6
     1     1     7     8    11    14     0     2   -46.0  -29.735  -62.682   5936.6    484.1
     1     1     7     8    11    13     0     1   -47.0  -29.596  -63.224   5868.6    484.1
     1     1     7     8    11    12     0     0   -48.0  -29.453  -63.767   5800.6    487.4
     1     1     7     8    11    11     0     1   -49.0  -29.308  -64.302   5747.4    491.6
     1     1     7     8    11    10     0     2   -50.0  -29.171  -64.843   5699.8    487.0
     1     1     7     8    11     9     0     3   -51.0  -29.019  -65.384   5675.0    484.3
     1     1     7     8    11     8     0     2   -52.0  -28.859  -65.928   5628.0    479.3
     1     1     7     8    11     7     0     1   -53.0  -28.700  -66.523   5487.4    456.3
     1     1     7     8    11     6     0     0   -54.0  -28.513  -67.224   5381.0    431.4
     1     1     7     8    11     5     0     1   -55.0  -28.290  -68.132   5144.8    367.4
     1     1     7     8    11     4     0     2   -56.0  -28.005  -69.425   5097.8    334.1
     1     1     7     8    11     3     0     3   -57.0  -27.665  -70.369   5597.6    428.1
     1     1     7     8    11     2     0     2   -58.0  -27.365  -70.916   5719.3    486.9
     1     1     7     8    11     1     0     1   -59.0  -27.125  -71.294   5653.8    505.7
     1     1     7     8    11     0     0     0   -60.0  -26.916  -71.607   5598.4    513.5
     1     1     7     8    10    23     0     1   -61.0  -26.742  -71.895   5577.1    517.6
     1     1     7     8    10    22     0     2   -62.0  -26.611  -72.181   5562.5    518.2
     1     1     7     8    10    21     0     3   -63.0  -26.520  -72.466   5541.5    517.7
     1     1     7     8    10    20     0     2   -64.0  -26.468  -72.749   5536.9    518.6
     1     1     7     8    10    19     0     1   -65.0  -26.456  -73.036   5576.5    515.6
     1     1     7     8    10    18     0     0   -66.0  -26.485  -73.332   5669.9    510.4
     1     1     7     8    10    17     0     1   -67.0  -26.547  -73.664   5780.6    501.9
     1     1     7     8    10    16     0     2   -68.0  -26.642  -74.053   5878.1    495.8
     1     1     7     8    10    15     0     3   -69.0  -26.772  -74.503   5956.4    489.4
     1     1     7     8    10    14     0     2   -70.0  -26.927  -75.007   6027.4    483.8
     1     1     7     8    10    13     0     1   -71.0  -27.093  -75.550   6109.8    479.4
     1     1     7     8    10    12     0     0   -72.0  -27.268  -76.125   6209.5    473.3
     1     1     7     8    10    11     0     1   -73.0  -27.446  -76.725   6328.3    465.0
     1     1     7     8    10    10     0     2   -74.0  -27.624  -77.339   6470.2    456.4
     1     1     7     8    10     9     0     3   -75.0  -27.813  -77.959   6642.5    445.6
     1     1     7     8    10     8     0     2   -76.0  -28.014  -78.598   6833.5    433.5
     1     1     7     8    10     7     0     1   -77.0  -28.223  -79.258   7000.2    423.6
     1     1     7     8    10     6     0     0   -78.0  -28.444  -79.929   7124.0    416.3
     1     1     7     8    10     5     0     1   -79.0  -28.671  -80.616   7228.8    411.4
     1     1     7     8    10     4     0     2   -80.0  -28.907  -81.326   7339.5    405.6
     1     1     7     8    10     3     0     3   -81.0  -29.177  -82.058   7475.9    397.8
     1     1     7     8    10     2     0     2   -82.0  -29.485  -82.822   7629.7    388.0
     1     1     7     8    10     1     0     1   -83.0  -29.813  -83.618   7755.7    380.9
     1     1     7     8    10     0     0     0   -84.0  -30.164  -84.446   7878.3    374.4
     1     1     7     8     9    23     0     1   -85.0  -30.528  -85.308   7994.1    368.2
     1     1     7     8     9    22     0     2   -86.0  -30.902  -86.204   8104.4    362.8
     1     1     7     8     9    21     0     3   -87.0  -31.289  -87.140   8198.9    357.0
     1     1     7     8     9    20     0     2   -88.0  -31.669  -88.111   8243.7    355.5
     1     1     7     8     9    19     0     1   -89.0  -32.030  -89.114   8224.3    356.5
     1     1     7     8     9    18     0     0   -90.0  -32.376  -90.175   8258.7    355.9
     1     1     7     8     9    17     0     1   -91.0  -32.699  -91.296   8346.4    350.5
     1     1     7     8     9    16     0     2   -92.0  -32.986  -92.450   8387.8    347.9
     1     1     7     8     9    15     0     3   -93.0  -33.210  -93.638   8360.7    349.8
     1     1     7     8     9    14     0     2   -94.0  -33.377  -94.836   8330.7    352.2
     1     1     7     8     9    13     0     1   -95.0  -33.509  -96.027   8297.0    353.1
     1     1     7     8     9    12     0     0   -96.0  -33.578  -97.227   8253.2    356.7
     1     1     7     8     9    11     0     1   -97.0  -33.590  -98.392   8200.3    359.6
     1     1     7     8     9    10     0     2   -98.0  -33.581  -99.479   8154.2    362.7
     1     1     7     8     9     9     0     3   -99.0  -33.539 -100.506   8105.3    365.8
     1     1     7     8     9     8     0     2  -100.0  -33.469 -101.476   8042.1    369.9
     1     1     7     8     9     7     0     1  -101.0  -33.385 -102.387   7953.8    375.0
     1     1     7     8     9     6     0     0  -102.0  -33.256 -103.241   7848.3    381.5
     1     1     7     8     9     5     0     1  -103.0  -33.107 -104.048   7744.7    386.8
     1     1     7     8     9     4     0     2  -104.0  -32.962 -104.821   7670.6    392.0
     1     1     7     8     9     3     0     3  -105.0  -32.797 -105.557   7606.6    396.1
     1     1     7     8     9     2     0     2  -106.0  -32.618 -106.230   7557.3    399.8
     1     1     7     8     9     1     0     1  -107.0  -32.436 -106.818   7527.2    401.7
     1     1     7     8     9     0     0     0  -108.0  -32.245 -107.315   7513.0    402.9
     1     1     7     8     8    23     0     1  -109.0  -32.053 -107.718   7514.1    403.1
     1     1     7     8     8    22     0     2  -110.0  -31.867 -108.032   7527.5    402.5
     1     1     7     8     8    21     0     3  -111.0  -31.690 -108.256   7549.5    401.3
     1     1     7     8     8    20     0     2  -112.0  -31.532 -108.405   7570.8    399.9
     1     1     7     8     8    19     0     1  -113.0  -31.397 -108.491   7585.0    399.3
     1     1     7     8     8    18     0     0  -114.0  -31.286 -108.515   7594.1    399.0
     1     1     7     8     8    17     0     1  -115.0  -31.207 -108.482   7617.6    398.7
     1     1     7     8     8    16     0     2  -116.0  -31.166 -108.396   7672.7    395.7
     1     1     7     8     8    15     0     3  -117.0  -31.168 -108.261   7756.8    391.2
     1     1     7     8     8    14     0     2  -118.0  -31.211 -108.103   7849.3    385.5
     1     1     7     8     8    13     0     1  -119.0  -31.294 -107.943   7930.0    381.2
     1     1     7     8     8    12     0     0  -120.0  -31.416 -107.787   7998.7    377.5
