     7     1
    GDAS     7     7    22     0     0
    GDAS     7     8     8     0     0
    GDAS     7     8    15     0     0
    GDAS     7     8    22     0     0
    GDAS     7     8    29     0     0
    GDAS     7     8     1     0     0
    GDAS     7     7    29     0     0
     1 BACKWARD OMEGA   
     7     8    29    12  -23.561  -46.740  4000.0
     1 PRESSURE
     1     1     7     8    29    12     0     0     0.0  -23.561  -46.740   4000.0    587.6
     1     1     7     8    29    11     0     1    -1.0  -23.427  -47.289   4036.2    582.8
     1     1     7     8    29    10     0     2    -2.0  -23.273  -47.825   4091.1    582.4
     1     1     7     8    29     9     0     3    -3.0  -23.113  -48.343   4117.7    577.1
     1     1     7     8    29     8     0     2    -4.0  -22.950  -48.854   4103.9    569.9
     1     1     7     8    29     7     0     1    -5.0  -22.758  -49.354   4094.5    577.0
     1     1     7     8    29     6     0     0    -6.0  -22.523  -49.819   4067.3    587.3
     1     1     7     8    29     5     0     1    -7.0  -22.258  -50.255   4035.2    594.9
     1     1     7     8    29     4     0     2    -8.0  -21.984  -50.683   4037.8    596.1
     1     1     7     8    29     3     0     3    -9.0  -21.702  -51.115   4084.6    596.0
     1     1     7     8    29     2     0     2   -10.0  -21.412  -51.536   4118.2    595.0
     1     1     7     8    29     1     0     1   -11.0  -21.120  -51.922   4102.8    598.5
     1     1     7     8    29     0     0     0   -12.0  -20.836  -52.277   4069.4    601.2
     1     1     7     8    28    23     0     1   -13.0  -20.572  -52.616   4037.0    603.5
     1     1     7     8    28    22     0     2   -14.0  -20.330  -52.942   4019.7    605.6
     1     1     7     8    28    21     0     3   -15.0  -20.106  -53.258   4023.2    601.3
     1     1     7     8    28    20     0     2   -16.0  -19.889  -53.578   4042.7    593.1
     1     1     7     8    28    19     0     1   -17.0  -19.670  -53.916   4070.1    587.2
     1     1     7     8    28    18     0     0   -18.0  -19.443  -54.265   4111.6    587.6
     1     1     7     8    28    17     0     1   -19.0  -19.208  -54.611   4147.4    590.5
     1     1     7     8    28    16     0     2   -20.0  -18.968  -54.948   4174.3    594.4
     1     1     7     8    28    15     0     3   -21.0  -18.723  -55.271   4193.8    599.0
     1     1     7     8    28    14     0     2   -22.0  -18.475  -55.576   4213.0    603.2
     1     1     7     8    28    13     0     1   -23.0  -18.230  -55.865   4251.6    604.0
     1     1     7     8    28    12     0     0   -24.0  -17.992  -56.145   4314.5    600.3
     1     1     7     8    28    11     0     1   -25.0  -17.766  -56.432   4370.9    592.7
     1     1     7     8    28    10     0     2   -26.0  -17.552  -56.729   4396.2    591.3
     1     1     7     8    28     9     0     3   -27.0  -17.345  -57.028   4395.2    592.2
     1     1     7     8    28     8     0     2   -28.0  -17.137  -57.325   4384.4    593.5
     1     1     7     8    28     7     0     1   -29.0  -16.922  -57.613   4389.2    591.8
     1     1     7     8    28     6     0     0   -30.0  -16.700  -57.894   4406.2    588.2
     1     1     7     8    28     5     0     1   -31.0  -16.482  -58.165   4436.3    584.4
     1     1     7     8    28     4     0     2   -32.0  -16.274  -58.423   4473.7    579.6
     1     1     7     8    28     3     0     3   -33.0  -16.072  -58.666   4520.1    573.5
     1     1     7     8    28     2     0     2   -34.0  -15.868  -58.902   4556.6    565.1
     1     1     7     8    28     1     0     1   -35.0  -15.661  -59.141   4569.3    561.0
     1     1     7     8    28     0     0     0   -36.0  -15.451  -59.387   4566.9    560.8
     1     1     7     8    27    23     0     1   -37.0  -15.237  -59.642   4570.0    562.9
     1     1     7     8    27    22     0     2   -38.0  -15.022  -59.901   4597.5    564.2
     1     1     7     8    27    21     0     3   -39.0  -14.809  -60.161   4635.8    561.3
     1     1     7     8    27    20     0     2   -40.0  -14.598  -60.422   4678.5    557.7
     1     1     7     8    27    19     0     1   -41.0  -14.389  -60.683   4718.1    556.6
     1     1     7     8    27    18     0     0   -42.0  -14.189  -60.941   4751.9    557.3
     1     1     7     8    27    17     0     1   -43.0  -13.994  -61.194   4776.0    556.6
     1     1     7     8    27    16     0     2   -44.0  -13.802  -61.439   4798.2    553.5
     1     1     7     8    27    15     0     3   -45.0  -13.612  -61.673   4820.3    552.2
     1     1     7     8    27    14     0     2   -46.0  -13.422  -61.895   4833.5    552.9
     1     1     7     8    27    13     0     1   -47.0  -13.232  -62.104   4836.5    555.4
     1     1     7     8    27    12     0     0   -48.0  -13.047  -62.299   4834.9    556.9
     1     1     7     8    27    11     0     1   -49.0  -12.866  -62.477   4831.0    555.6
     1     1     7     8    27    10     0     2   -50.0  -12.689  -62.632   4828.2    554.2
     1     1     7     8    27     9     0     3   -51.0  -12.522  -62.765   4822.6    553.6
     1     1     7     8    27     8     0     2   -52.0  -12.363  -62.874   4813.5    554.4
     1     1     7     8    27     7     0     1   -53.0  -12.207  -62.958   4803.2    555.4
     1     1     7     8    27     6     0     0   -54.0  -12.058  -63.017   4792.5    556.6
     1     1     7     8    27     5     0     1   -55.0  -11.917  -63.054   4787.7    557.3
     1     1     7     8    27     4     0     2   -56.0  -11.784  -63.073   4796.0    555.9
     1     1     7     8    27     3     0     3   -57.0  -11.661  -63.074   4814.4    553.9
     1     1     7     8    27     2     0     2   -58.0  -11.553  -63.066   4837.4    551.1
     1     1     7     8    27     1     0     1   -59.0  -11.467  -63.064   4861.7    548.7
     1     1     7     8    27     0     0     0   -60.0  -11.400  -63.069   4889.4    546.2
     1     1     7     8    26    23     0     1   -61.0  -11.341  -63.083   4917.8    543.4
     1     1     7     8    26    22     0     2   -62.0  -11.281  -63.112   4942.6    541.0
     1     1     7     8    26    21     0     3   -63.0  -11.217  -63.151   4963.5    538.8
     1     1     7     8    26    20     0     2   -64.0  -11.157  -63.182   4969.1    537.4
     1     1     7     8    26    19     0     1   -65.0  -11.108  -63.193   4947.0    538.8
     1     1     7     8    26    18     0     0   -66.0  -11.071  -63.186   4896.8    542.1
     1     1     7     8    26    17     0     1   -67.0  -11.052  -63.150   4845.1    547.7
     1     1     7     8    26    16     0     2   -68.0  -11.057  -63.078   4821.0    549.9
     1     1     7     8    26    15     0     3   -69.0  -11.088  -62.970   4827.7    550.2
     1     1     7     8    26    14     0     2   -70.0  -11.132  -62.848   4855.2    548.1
     1     1     7     8    26    13     0     1   -71.0  -11.178  -62.732   4889.2    546.0
     1     1     7     8    26    12     0     0   -72.0  -11.232  -62.622   4926.0    543.6
     1     1     7     8    26    11     0     1   -73.0  -11.300  -62.523   4949.3    541.0
     1     1     7     8    26    10     0     2   -74.0  -11.383  -62.445   4944.5    541.1
     1     1     7     8    26     9     0     3   -75.0  -11.478  -62.387   4913.4    543.0
     1     1     7     8    26     8     0     2   -76.0  -11.578  -62.339   4865.7    546.8
     1     1     7     8    26     7     0     1   -77.0  -11.683  -62.289   4810.9    550.4
     1     1     7     8    26     6     0     0   -78.0  -11.794  -62.236   4748.5    554.5
     1     1     7     8    26     5     0     1   -79.0  -11.912  -62.186   4687.2    559.0
     1     1     7     8    26     4     0     2   -80.0  -12.040  -62.144   4639.3    562.6
     1     1     7     8    26     3     0     3   -81.0  -12.182  -62.112   4613.1    566.1
     1     1     7     8    26     2     0     2   -82.0  -12.334  -62.098   4615.7    567.6
     1     1     7     8    26     1     0     1   -83.0  -12.490  -62.107   4650.3    566.2
     1     1     7     8    26     0     0     0   -84.0  -12.653  -62.139   4711.5    563.1
     1     1     7     8    25    23     0     1   -85.0  -12.822  -62.191   4788.5    558.4
     1     1     7     8    25    22     0     2   -86.0  -12.994  -62.262   4872.9    553.5
     1     1     7     8    25    21     0     3   -87.0  -13.160  -62.346   4956.0    545.9
     1     1     7     8    25    20     0     2   -88.0  -13.302  -62.431   5032.8    539.1
     1     1     7     8    25    19     0     1   -89.0  -13.416  -62.513   5093.6    534.7
     1     1     7     8    25    18     0     0   -90.0  -13.507  -62.593   5141.1    531.5
     1     1     7     8    25    17     0     1   -91.0  -13.576  -62.662   5180.7    529.3
     1     1     7     8    25    16     0     2   -92.0  -13.622  -62.712   5216.4    527.1
     1     1     7     8    25    15     0     3   -93.0  -13.648  -62.742   5247.1    525.2
     1     1     7     8    25    14     0     2   -94.0  -13.667  -62.751   5266.1    523.4
     1     1     7     8    25    13     0     1   -95.0  -13.694  -62.736   5268.0    522.9
     1     1     7     8    25    12     0     0   -96.0  -13.727  -62.700   5253.2    523.5
     1     1     7     8    25    11     0     1   -97.0  -13.775  -62.651   5239.5    525.0
     1     1     7     8    25    10     0     2   -98.0  -13.851  -62.593   5244.9    523.9
     1     1     7     8    25     9     0     3   -99.0  -13.953  -62.523   5271.1    521.2
     1     1     7     8    25     8     0     2  -100.0  -14.077  -62.437   5298.0    517.4
     1     1     7     8    25     7     0     1  -101.0  -14.212  -62.344   5301.7    517.2
     1     1     7     8    25     6     0     0  -102.0  -14.358  -62.250   5281.9    518.9
     1     1     7     8    25     5     0     1  -103.0  -14.509  -62.162   5253.3    522.5
     1     1     7     8    25     4     0     2  -104.0  -14.660  -62.083   5232.2    525.2
     1     1     7     8    25     3     0     3  -105.0  -14.811  -62.015   5224.7    527.3
     1     1     7     8    25     2     0     2  -106.0  -14.952  -61.959   5232.0    527.4
     1     1     7     8    25     1     0     1  -107.0  -15.076  -61.912   5245.4    525.3
     1     1     7     8    25     0     0     0  -108.0  -15.186  -61.872   5264.7    522.5
     1     1     7     8    24    23     0     1  -109.0  -15.272  -61.829   5288.7    519.4
     1     1     7     8    24    22     0     2  -110.0  -15.329  -61.767   5313.8    516.8
     1     1     7     8    24    21     0     3  -111.0  -15.357  -61.686   5339.4    514.5
     1     1     7     8    24    20     0     2  -112.0  -15.372  -61.587   5356.9    512.9
     1     1     7     8    24    19     0     1  -113.0  -15.384  -61.478   5357.3    513.0
     1     1     7     8    24    18     0     0  -114.0  -15.394  -61.360   5339.6    514.3
     1     1     7     8    24    17     0     1  -115.0  -15.403  -61.242   5325.5    516.8
     1     1     7     8    24    16     0     2  -116.0  -15.415  -61.128   5337.4    516.2
     1     1     7     8    24    15     0     3  -117.0  -15.428  -61.016   5375.7    513.9
     1     1     7     8    24    14     0     2  -118.0  -15.443  -60.904   5416.8    509.5
     1     1     7     8    24    13     0     1  -119.0  -15.461  -60.797   5437.6    507.9
     1     1     7     8    24    12     0     0  -120.0  -15.479  -60.700   5439.5    507.6
