     7     1
    GDAS     7     7    22     0     0
    GDAS     7     8     8     0     0
    GDAS     7     8    15     0     0
    GDAS     7     8    22     0     0
    GDAS     7     8    29     0     0
    GDAS     7     8     1     0     0
    GDAS     7     7    29     0     0
     1 BACKWARD OMEGA   
     7     8    25     0  -23.561  -46.740  4000.0
     1 PRESSURE
     1     1     7     8    25     0     0     0     0.0  -23.561  -46.740   4000.0    585.4
     1     1     7     8    24    23     0     1    -1.0  -23.349  -46.885   4028.6    577.4
     1     1     7     8    24    22     0     2    -2.0  -23.136  -47.024   4041.6    574.1
     1     1     7     8    24    21     0     3    -3.0  -22.923  -47.155   4030.0    574.5
     1     1     7     8    24    20     0     2    -4.0  -22.712  -47.263   4005.2    577.7
     1     1     7     8    24    19     0     1    -5.0  -22.509  -47.340   3983.6    578.9
     1     1     7     8    24    18     0     0    -6.0  -22.321  -47.387   3964.4    579.7
     1     1     7     8    24    17     0     1    -7.0  -22.160  -47.406   3955.2    580.4
     1     1     7     8    24    16     0     2    -8.0  -22.037  -47.400   3962.7    579.1
     1     1     7     8    24    15     0     3    -9.0  -21.951  -47.374   3986.8    576.9
     1     1     7     8    24    14     0     2   -10.0  -21.894  -47.342   4014.5    573.6
     1     1     7     8    24    13     0     1   -11.0  -21.857  -47.317   4034.8    571.8
     1     1     7     8    24    12     0     0   -12.0  -21.838  -47.298   4048.9    570.6
     1     1     7     8    24    11     0     1   -13.0  -21.839  -47.285   4070.1    569.5
     1     1     7     8    24    10     0     2   -14.0  -21.860  -47.278   4111.0    566.1
     1     1     7     8    24     9     0     3   -15.0  -21.905  -47.283   4170.4    561.7
     1     1     7     8    24     8     0     2   -16.0  -21.953  -47.301   4232.8    556.4
     1     1     7     8    24     7     0     1   -17.0  -21.985  -47.325   4284.7    553.1
     1     1     7     8    24     6     0     0   -18.0  -21.999  -47.354   4326.9    550.5
     1     1     7     8    24     5     0     1   -19.0  -21.989  -47.382   4367.2    549.0
     1     1     7     8    24     4     0     2   -20.0  -21.950  -47.403   4412.1    546.4
     1     1     7     8    24     3     0     3   -21.0  -21.882  -47.414   4461.9    543.4
     1     1     7     8    24     2     0     2   -22.0  -21.801  -47.412   4523.7    539.4
     1     1     7     8    24     1     0     1   -23.0  -21.720  -47.395   4604.9    533.6
     1     1     7     8    24     0     0     0   -24.0  -21.641  -47.362   4707.5    526.1
     1     1     7     8    23    23     0     1   -25.0  -21.572  -47.318   4807.8    516.9
     1     1     7     8    23    22     0     2   -26.0  -21.520  -47.268   4880.5    511.2
     1     1     7     8    23    21     0     3   -27.0  -21.485  -47.211   4924.7    507.3
     1     1     7     8    23    20     0     2   -28.0  -21.467  -47.144   4958.5    505.5
     1     1     7     8    23    19     0     1   -29.0  -21.471  -47.068   5001.5    501.9
     1     1     7     8    23    18     0     0   -30.0  -21.497  -46.985   5056.8    497.5
     1     1     7     8    23    17     0     1   -31.0  -21.550  -46.894   5126.1    492.5
     1     1     7     8    23    16     0     2   -32.0  -21.636  -46.793   5206.9    486.5
     1     1     7     8    23    15     0     3   -33.0  -21.757  -46.683   5299.1    479.6
     1     1     7     8    23    14     0     2   -34.0  -21.912  -46.578   5389.8    471.5
     1     1     7     8    23    13     0     1   -35.0  -22.100  -46.492   5467.2    465.9
     1     1     7     8    23    12     0     0   -36.0  -22.320  -46.430   5531.4    462.2
     1     1     7     8    23    11     0     1   -37.0  -22.564  -46.403   5601.4    459.2
     1     1     7     8    23    10     0     2   -38.0  -22.827  -46.422   5699.4    454.0
     1     1     7     8    23     9     0     3   -39.0  -23.114  -46.491   5835.7    450.7
     1     1     7     8    23     8     0     2   -40.0  -23.413  -46.594   5988.2    449.9
     1     1     7     8    23     7     0     1   -41.0  -23.705  -46.714   6125.2    448.7
     1     1     7     8    23     6     0     0   -42.0  -23.995  -46.853   6270.9    443.4
     1     1     7     8    23     5     0     1   -43.0  -24.295  -47.031   6439.2    437.8
     1     1     7     8    23     4     0     2   -44.0  -24.609  -47.260   6586.4    437.0
     1     1     7     8    23     3     0     3   -45.0  -24.926  -47.530   6675.1    438.7
     1     1     7     8    23     2     0     2   -46.0  -25.236  -47.836   6693.1    440.4
     1     1     7     8    23     1     0     1   -47.0  -25.541  -48.170   6675.5    440.1
     1     1     7     8    23     0     0     0   -48.0  -25.852  -48.526   6624.4    435.4
     1     1     7     8    22    23     0     1   -49.0  -26.169  -48.918   6575.3    428.9
     1     1     7     8    22    22     0     2   -50.0  -26.482  -49.365   6557.5    423.2
     1     1     7     8    22    21     0     3   -51.0  -26.799  -49.867   6539.9    414.2
     1     1     7     8    22    20     0     2   -52.0  -27.124  -50.426   6526.0    403.9
     1     1     7     8    22    19     0     1   -53.0  -27.447  -51.039   6531.0    400.7
     1     1     7     8    22    18     0     0   -54.0  -27.750  -51.692   6529.8    408.0
     1     1     7     8    22    17     0     1   -55.0  -27.997  -52.366   6463.5    419.7
     1     1     7     8    22    16     0     2   -56.0  -28.185  -53.053   6383.5    431.8
     1     1     7     8    22    15     0     3   -57.0  -28.323  -53.741   6315.7    444.3
     1     1     7     8    22    14     0     2   -58.0  -28.413  -54.413   6268.0    454.4
     1     1     7     8    22    13     0     1   -59.0  -28.470  -55.073   6259.6    458.9
     1     1     7     8    22    12     0     0   -60.0  -28.509  -55.743   6306.5    462.8
     1     1     7     8    22    11     0     1   -61.0  -28.516  -56.422   6323.1    460.4
     1     1     7     8    22    10     0     2   -62.0  -28.463  -57.091   6269.1    463.4
     1     1     7     8    22     9     0     3   -63.0  -28.361  -57.740   6179.9    470.0
     1     1     7     8    22     8     0     2   -64.0  -28.248  -58.364   6093.7    477.7
     1     1     7     8    22     7     0     1   -65.0  -28.147  -58.970   6051.7    480.9
     1     1     7     8    22     6     0     0   -66.0  -28.059  -59.568   6052.3    481.5
     1     1     7     8    22     5     0     1   -67.0  -27.994  -60.154   6089.5    478.8
     1     1     7     8    22     4     0     2   -68.0  -27.955  -60.726   6156.8    474.6
     1     1     7     8    22     3     0     3   -69.0  -27.940  -61.301   6245.7    468.3
     1     1     7     8    22     2     0     2   -70.0  -27.938  -61.914   6326.0    460.5
     1     1     7     8    22     1     0     1   -71.0  -27.942  -62.566   6382.6    456.0
     1     1     7     8    22     0     0     0   -72.0  -27.948  -63.240   6428.8    452.4
     1     1     7     8    21    23     0     1   -73.0  -27.951  -63.937   6489.5    448.2
     1     1     7     8    21    22     0     2   -74.0  -27.926  -64.696   6509.2    432.9
     1     1     7     8    21    21     0     3   -75.0  -27.824  -65.564   6390.6    402.7
     1     1     7     8    21    20     0     2   -76.0  -27.616  -66.589   6233.3    373.0
     1     1     7     8    21    19     0     1   -77.0  -27.366  -67.785   5892.8    310.4
     1     1     7     8    21    18     0     0   -78.0  -27.094  -69.324   5947.4    298.4
     1     1     7     8    21    17     0     1   -79.0  -26.739  -70.386   6607.0    390.1
     1     1     7     8    21    16     0     2   -80.0  -26.457  -71.135   6749.2    433.5
     1     1     7     8    21    15     0     3   -81.0  -26.212  -71.797   6701.6    444.3
     1     1     7     8    21    14     0     2   -82.0  -25.974  -72.432   6652.7    448.6
     1     1     7     8    21    13     0     1   -83.0  -25.733  -73.053   6610.4    447.8
     1     1     7     8    21    12     0     0   -84.0  -25.480  -73.654   6604.6    450.4
     1     1     7     8    21    11     0     1   -85.0  -25.242  -74.242   6602.5    450.7
     1     1     7     8    21    10     0     2   -86.0  -25.047  -74.840   6599.9    448.7
     1     1     7     8    21     9     0     3   -87.0  -24.886  -75.456   6632.3    447.8
     1     1     7     8    21     8     0     2   -88.0  -24.734  -76.074   6684.9    445.5
     1     1     7     8    21     7     0     1   -89.0  -24.572  -76.687   6735.4    440.6
     1     1     7     8    21     6     0     0   -90.0  -24.405  -77.293   6788.5    436.9
     1     1     7     8    21     5     0     1   -91.0  -24.241  -77.881   6832.0    433.9
     1     1     7     8    21     4     0     2   -92.0  -24.088  -78.448   6867.4    432.2
     1     1     7     8    21     3     0     3   -93.0  -23.953  -78.986   6898.7    431.2
     1     1     7     8    21     2     0     2   -94.0  -23.831  -79.502   6932.3    429.5
     1     1     7     8    21     1     0     1   -95.0  -23.719  -80.015   6987.6    425.5
     1     1     7     8    21     0     0     0   -96.0  -23.621  -80.531   7076.0    421.5
     1     1     7     8    20    23     0     1   -97.0  -23.534  -81.057   7177.5    416.2
     1     1     7     8    20    22     0     2   -98.0  -23.453  -81.603   7266.1    409.9
     1     1     7     8    20    21     0     3   -99.0  -23.374  -82.169   7351.4    404.4
     1     1     7     8    20    20     0     2  -100.0  -23.305  -82.740   7437.0    400.4
     1     1     7     8    20    19     0     1  -101.0  -23.248  -83.300   7508.2    396.7
     1     1     7     8    20    18     0     0  -102.0  -23.207  -83.844   7567.1    393.1
     1     1     7     8    20    17     0     1  -103.0  -23.167  -84.379   7618.1    390.4
     1     1     7     8    20    16     0     2  -104.0  -23.114  -84.917   7652.9    389.2
     1     1     7     8    20    15     0     3  -105.0  -23.059  -85.456   7668.5    388.3
     1     1     7     8    20    14     0     2  -106.0  -23.003  -85.985   7677.2    387.1
     1     1     7     8    20    13     0     1  -107.0  -22.932  -86.500   7684.6    386.8
     1     1     7     8    20    12     0     0  -108.0  -22.853  -87.007   7682.7    387.4
     1     1     7     8    20    11     0     1  -109.0  -22.774  -87.491   7677.8    387.8
     1     1     7     8    20    10     0     2  -110.0  -22.685  -87.939   7676.8    387.3
     1     1     7     8    20     9     0     3  -111.0  -22.585  -88.353   7675.7    387.7
     1     1     7     8    20     8     0     2  -112.0  -22.490  -88.730   7676.8    388.6
     1     1     7     8    20     7     0     1  -113.0  -22.411  -89.067   7682.5    388.4
     1     1     7     8    20     6     0     0  -114.0  -22.339  -89.367   7687.5    388.2
     1     1     7     8    20     5     0     1  -115.0  -22.280  -89.650   7696.8    388.0
     1     1     7     8    20     4     0     2  -116.0  -22.241  -89.930   7714.0    387.1
     1     1     7     8    20     3     0     3  -117.0  -22.217  -90.211   7738.5    385.9
     1     1     7     8    20     2     0     2  -118.0  -22.210  -90.485   7769.1    384.4
     1     1     7     8    20     1     0     1  -119.0  -22.217  -90.745   7804.0    382.6
     1     1     7     8    20     0     0     0  -120.0  -22.233  -90.986   7841.2    380.7
