     7     1
    GDAS     7     7    22     0     0
    GDAS     7     8     8     0     0
    GDAS     7     8    15     0     0
    GDAS     7     8    22     0     0
    GDAS     7     8    29     0     0
    GDAS     7     8     1     0     0
    GDAS     7     7    29     0     0
     1 BACKWARD OMEGA   
     7     8    29    18  -23.561  -46.740  4000.0
     1 PRESSURE
     1     1     7     8    29    18     0     0     0.0  -23.561  -46.740   4000.0    587.3
     1     1     7     8    29    17     0     1    -1.0  -23.418  -47.202   3991.9    585.9
     1     1     7     8    29    16     0     2    -2.0  -23.268  -47.697   4006.6    587.9
     1     1     7     8    29    15     0     3    -3.0  -23.105  -48.221   4005.7    588.8
     1     1     7     8    29    14     0     2    -4.0  -22.938  -48.763   3978.5    583.1
     1     1     7     8    29    13     0     1    -5.0  -22.763  -49.309   3976.5    586.5
     1     1     7     8    29    12     0     0    -6.0  -22.570  -49.846   3971.7    595.6
     1     1     7     8    29    11     0     1    -7.0  -22.375  -50.348   3932.8    600.6
     1     1     7     8    29    10     0     2    -8.0  -22.193  -50.806   3874.8    605.8
     1     1     7     8    29     9     0     3    -9.0  -22.020  -51.234   3823.0    613.4
     1     1     7     8    29     8     0     2   -10.0  -21.837  -51.658   3786.2    622.7
     1     1     7     8    29     7     0     1   -11.0  -21.635  -52.097   3753.9    628.0
     1     1     7     8    29     6     0     0   -12.0  -21.422  -52.554   3712.3    629.3
     1     1     7     8    29     5     0     1   -13.0  -21.194  -53.018   3657.9    633.7
     1     1     7     8    29     4     0     2   -14.0  -20.945  -53.479   3593.9    636.1
     1     1     7     8    29     3     0     3   -15.0  -20.687  -53.949   3562.7    633.5
     1     1     7     8    29     2     0     2   -16.0  -20.415  -54.430   3584.0    631.6
     1     1     7     8    29     1     0     1   -17.0  -20.120  -54.907   3623.1    633.5
     1     1     7     8    29     0     0     0   -18.0  -19.810  -55.373   3636.7    637.9
     1     1     7     8    28    23     0     1   -19.0  -19.495  -55.790   3609.7    649.4
     1     1     7     8    28    22     0     2   -20.0  -19.181  -56.142   3574.2    657.4
     1     1     7     8    28    21     0     3   -21.0  -18.873  -56.457   3546.3    659.6
     1     1     7     8    28    20     0     2   -22.0  -18.563  -56.756   3526.6    659.3
     1     1     7     8    28    19     0     1   -23.0  -18.237  -57.041   3502.5    660.7
     1     1     7     8    28    18     0     0   -24.0  -17.901  -57.314   3466.6    661.0
     1     1     7     8    28    17     0     1   -25.0  -17.565  -57.575   3431.1    664.4
     1     1     7     8    28    16     0     2   -26.0  -17.237  -57.814   3407.6    667.1
     1     1     7     8    28    15     0     3   -27.0  -16.916  -58.034   3397.1    668.7
     1     1     7     8    28    14     0     2   -28.0  -16.613  -58.247   3391.1    666.5
     1     1     7     8    28    13     0     1   -29.0  -16.333  -58.466   3383.7    663.7
     1     1     7     8    28    12     0     0   -30.0  -16.076  -58.700   3371.1    660.1
     1     1     7     8    28    11     0     1   -31.0  -15.838  -58.945   3345.9    656.0
     1     1     7     8    28    10     0     2   -32.0  -15.620  -59.190   3316.4    655.7
     1     1     7     8    28     9     0     3   -33.0  -15.419  -59.437   3295.7    657.5
     1     1     7     8    28     8     0     2   -34.0  -15.231  -59.690   3292.0    660.3
     1     1     7     8    28     7     0     1   -35.0  -15.051  -59.955   3308.0    663.2
     1     1     7     8    28     6     0     0   -36.0  -14.879  -60.234   3333.2    661.5
     1     1     7     8    28     5     0     1   -37.0  -14.708  -60.523   3378.7    658.5
     1     1     7     8    28     4     0     2   -38.0  -14.535  -60.824   3448.6    654.7
     1     1     7     8    28     3     0     3   -39.0  -14.364  -61.137   3532.1    649.6
     1     1     7     8    28     2     0     2   -40.0  -14.188  -61.454   3597.6    641.5
     1     1     7     8    28     1     0     1   -41.0  -13.996  -61.763   3626.5    636.7
     1     1     7     8    28     0     0     0   -42.0  -13.791  -62.056   3634.7    637.4
     1     1     7     8    27    23     0     1   -43.0  -13.575  -62.323   3647.9    640.7
     1     1     7     8    27    22     0     2   -44.0  -13.349  -62.564   3680.9    639.5
     1     1     7     8    27    21     0     3   -45.0  -13.114  -62.784   3733.2    635.4
     1     1     7     8    27    20     0     2   -46.0  -12.878  -62.985   3782.8    629.5
     1     1     7     8    27    19     0     1   -47.0  -12.651  -63.167   3812.6    628.2
     1     1     7     8    27    18     0     0   -48.0  -12.432  -63.332   3817.8    628.7
     1     1     7     8    27    17     0     1   -49.0  -12.223  -63.485   3806.4    630.9
     1     1     7     8    27    16     0     2   -50.0  -12.030  -63.631   3788.9    633.0
     1     1     7     8    27    15     0     3   -51.0  -11.852  -63.773   3762.5    633.9
     1     1     7     8    27    14     0     2   -52.0  -11.680  -63.915   3725.2    634.6
     1     1     7     8    27    13     0     1   -53.0  -11.506  -64.056   3672.6    636.7
     1     1     7     8    27    12     0     0   -54.0  -11.330  -64.192   3600.1    641.3
     1     1     7     8    27    11     0     1   -55.0  -11.158  -64.310   3516.0    648.4
     1     1     7     8    27    10     0     2   -56.0  -10.994  -64.400   3435.8    654.8
     1     1     7     8    27     9     0     3   -57.0  -10.846  -64.464   3363.7    662.4
     1     1     7     8    27     8     0     2   -58.0  -10.723  -64.508   3291.1    669.8
     1     1     7     8    27     7     0     1   -59.0  -10.629  -64.543   3218.2    677.3
     1     1     7     8    27     6     0     0   -60.0  -10.557  -64.572   3150.4    684.0
     1     1     7     8    27     5     0     1   -61.0  -10.502  -64.593   3088.5    689.7
     1     1     7     8    27     4     0     2   -62.0  -10.461  -64.608   3032.8    695.1
     1     1     7     8    27     3     0     3   -63.0  -10.430  -64.617   2987.2    699.6
     1     1     7     8    27     2     0     2   -64.0  -10.398  -64.624   2964.4    702.3
     1     1     7     8    27     1     0     1   -65.0  -10.356  -64.636   2974.4    701.4
     1     1     7     8    27     0     0     0   -66.0  -10.299  -64.650   3013.8    697.9
     1     1     7     8    26    23     0     1   -67.0  -10.217  -64.669   3069.9    692.7
     1     1     7     8    26    22     0     2   -68.0  -10.108  -64.694   3133.1    687.9
     1     1     7     8    26    21     0     3   -69.0   -9.970  -64.723   3204.2    682.5
     1     1     7     8    26    20     0     2   -70.0   -9.807  -64.748   3260.8    676.4
     1     1     7     8    26    19     0     1   -71.0   -9.628  -64.760   3284.1    675.2
     1     1     7     8    26    18     0     0   -72.0   -9.441  -64.759   3275.7    676.4
     1     1     7     8    26    17     0     1   -73.0   -9.252  -64.735   3242.3    680.3
     1     1     7     8    26    16     0     2   -74.0   -9.068  -64.680   3188.4    685.5
     1     1     7     8    26    15     0     3   -75.0   -8.895  -64.597   3116.2    692.8
     1     1     7     8    26    14     0     2   -76.0   -8.730  -64.495   3056.1    700.5
     1     1     7     8    26    13     0     1   -77.0   -8.572  -64.387   3036.9    702.8
     1     1     7     8    26    12     0     0   -78.0   -8.422  -64.279   3064.4    701.2
     1     1     7     8    26    11     0     1   -79.0   -8.282  -64.174   3121.3    694.6
     1     1     7     8    26    10     0     2   -80.0   -8.150  -64.072   3181.7    689.2
     1     1     7     8    26     9     0     3   -81.0   -8.018  -63.964   3237.0    683.8
     1     1     7     8    26     8     0     2   -82.0   -7.885  -63.849   3271.5    679.7
     1     1     7     8    26     7     0     1   -83.0   -7.752  -63.725   3275.3    679.3
     1     1     7     8    26     6     0     0   -84.0   -7.616  -63.591   3249.1    681.4
     1     1     7     8    26     5     0     1   -85.0   -7.480  -63.443   3206.5    686.3
     1     1     7     8    26     4     0     2   -86.0   -7.344  -63.279   3162.9    690.3
     1     1     7     8    26     3     0     3   -87.0   -7.207  -63.098   3123.3    694.2
     1     1     7     8    26     2     0     2   -88.0   -7.077  -62.906   3096.5    696.9
     1     1     7     8    26     1     0     1   -89.0   -6.970  -62.714   3082.0    697.5
     1     1     7     8    26     0     0     0   -90.0   -6.887  -62.522   3066.2    698.1
     1     1     7     8    25    23     0     1   -91.0   -6.827  -62.330   3061.8    700.0
     1     1     7     8    25    22     0     2   -92.0   -6.787  -62.144   3095.0    697.7
     1     1     7     8    25    21     0     3   -93.0   -6.769  -61.972   3176.6    691.1
     1     1     7     8    25    20     0     2   -94.0   -6.758  -61.811   3267.4    680.1
     1     1     7     8    25    19     0     1   -95.0   -6.743  -61.648   3325.6    675.7
     1     1     7     8    25    18     0     0   -96.0   -6.725  -61.480   3355.4    673.7
     1     1     7     8    25    17     0     1   -97.0   -6.702  -61.303   3375.2    673.8
     1     1     7     8    25    16     0     2   -98.0   -6.668  -61.119   3402.4    672.0
     1     1     7     8    25    15     0     3   -99.0   -6.625  -60.933   3441.9    669.3
     1     1     7     8    25    14     0     2  -100.0   -6.579  -60.754   3483.3    664.4
     1     1     7     8    25    13     0     1  -101.0   -6.537  -60.587   3511.5    661.7
     1     1     7     8    25    12     0     0  -102.0   -6.503  -60.429   3523.0    660.3
     1     1     7     8    25    11     0     1  -103.0   -6.475  -60.281   3521.6    660.4
     1     1     7     8    25    10     0     2  -104.0   -6.449  -60.145   3512.1    660.6
     1     1     7     8    25     9     0     3  -105.0   -6.424  -60.018   3493.1    661.6
     1     1     7     8    25     8     0     2  -106.0   -6.398  -59.891   3471.3    664.0
     1     1     7     8    25     7     0     1  -107.0   -6.365  -59.755   3452.5    665.5
     1     1     7     8    25     6     0     0  -108.0   -6.324  -59.612   3436.0    666.9
     1     1     7     8    25     5     0     1  -109.0   -6.276  -59.462   3421.7    668.3
     1     1     7     8    25     4     0     2  -110.0   -6.227  -59.305   3410.9    669.4
     1     1     7     8    25     3     0     3  -111.0   -6.176  -59.142   3405.4    670.0
     1     1     7     8    25     2     0     2  -112.0   -6.126  -58.980   3401.7    669.3
     1     1     7     8    25     1     0     1  -113.0   -6.082  -58.824   3395.8    669.7
     1     1     7     8    25     0     0     0  -114.0   -6.042  -58.676   3384.2    670.5
     1     1     7     8    24    23     0     1  -115.0   -6.018  -58.536   3365.3    672.0
     1     1     7     8    24    22     0     2  -116.0   -6.024  -58.406   3342.4    674.0
     1     1     7     8    24    21     0     3  -117.0   -6.063  -58.285   3320.2    675.7
     1     1     7     8    24    20     0     2  -118.0   -6.127  -58.174   3288.9    677.5
     1     1     7     8    24    19     0     1  -119.0   -6.209  -58.077   3240.2    681.5
     1     1     7     8    24    18     0     0  -120.0   -6.311  -57.997   3177.8    686.5
