     7     1
    GDAS     7     7    22     0     0
    GDAS     7     8     8     0     0
    GDAS     7     8    15     0     0
    GDAS     7     8    22     0     0
    GDAS     7     8    29     0     0
    GDAS     7     8     1     0     0
    GDAS     7     7    29     0     0
     1 BACKWARD OMEGA   
     7     8     7     0  -23.561  -46.740  4000.0
     1 PRESSURE
     1     1     7     8     7     0     0     0     0.0  -23.561  -46.740   4000.0    587.3
     1     1     7     8     6    23     0     1    -1.0  -23.202  -46.883   3951.5    583.3
     1     1     7     8     6    22     0     2    -2.0  -22.860  -47.012   3927.2    582.8
     1     1     7     8     6    21     0     3    -3.0  -22.539  -47.122   3917.0    582.0
     1     1     7     8     6    20     0     2    -4.0  -22.234  -47.211   3915.5    581.3
     1     1     7     8     6    19     0     1    -5.0  -21.943  -47.281   3922.3    580.0
     1     1     7     8     6    18     0     0    -6.0  -21.665  -47.330   3936.1    580.0
     1     1     7     8     6    17     0     1    -7.0  -21.403  -47.353   3940.7    579.6
     1     1     7     8     6    16     0     2    -8.0  -21.160  -47.343   3929.1    580.9
     1     1     7     8     6    15     0     3    -9.0  -20.938  -47.300   3905.5    582.2
     1     1     7     8     6    14     0     2   -10.0  -20.742  -47.238   3874.0    582.8
     1     1     7     8     6    13     0     1   -11.0  -20.573  -47.172   3841.6    583.1
     1     1     7     8     6    12     0     0   -12.0  -20.427  -47.101   3811.5    583.0
     1     1     7     8     6    11     0     1   -13.0  -20.307  -47.033   3790.8    582.4
     1     1     7     8     6    10     0     2   -14.0  -20.212  -46.980   3785.3    580.8
     1     1     7     8     6     9     0     3   -15.0  -20.141  -46.945   3793.4    579.2
     1     1     7     8     6     8     0     2   -16.0  -20.080  -46.924   3815.2    577.3
     1     1     7     8     6     7     0     1   -17.0  -20.018  -46.911   3853.3    574.0
     1     1     7     8     6     6     0     0   -18.0  -19.954  -46.906   3908.7    569.9
     1     1     7     8     6     5     0     1   -19.0  -19.891  -46.914   3965.5    565.4
     1     1     7     8     6     4     0     2   -20.0  -19.833  -46.940   4008.4    562.8
     1     1     7     8     6     3     0     3   -21.0  -19.783  -46.981   4036.5    561.2
     1     1     7     8     6     2     0     2   -22.0  -19.742  -47.034   4050.7    560.9
     1     1     7     8     6     1     0     1   -23.0  -19.711  -47.096   4052.0    562.1
     1     1     7     8     6     0     0     0   -24.0  -19.690  -47.168   4042.5    564.2
     1     1     7     8     5    23     0     1   -25.0  -19.673  -47.246   4032.0    566.5
     1     1     7     8     5    22     0     2   -26.0  -19.655  -47.326   4028.1    567.6
     1     1     7     8     5    21     0     3   -27.0  -19.638  -47.409   4029.3    568.5
     1     1     7     8     5    20     0     2   -28.0  -19.623  -47.500   4048.5    569.6
     1     1     7     8     5    19     0     1   -29.0  -19.612  -47.606   4099.7    567.8
     1     1     7     8     5    18     0     0   -30.0  -19.607  -47.731   4183.1    564.0
     1     1     7     8     5    17     0     1   -31.0  -19.602  -47.878   4272.2    558.3
     1     1     7     8     5    16     0     2   -32.0  -19.596  -48.046   4336.1    556.2
     1     1     7     8     5    15     0     3   -33.0  -19.589  -48.237   4371.7    556.0
     1     1     7     8     5    14     0     2   -34.0  -19.575  -48.445   4397.1    557.4
     1     1     7     8     5    13     0     1   -35.0  -19.551  -48.666   4427.7    557.3
     1     1     7     8     5    12     0     0   -36.0  -19.518  -48.901   4461.1    557.0
     1     1     7     8     5    11     0     1   -37.0  -19.470  -49.142   4506.4    556.0
     1     1     7     8     5    10     0     2   -38.0  -19.402  -49.378   4577.0    551.8
     1     1     7     8     5     9     0     3   -39.0  -19.311  -49.610   4672.8    545.6
     1     1     7     8     5     8     0     2   -40.0  -19.184  -49.837   4784.5    538.2
     1     1     7     8     5     7     0     1   -41.0  -19.013  -50.051   4901.5    530.4
     1     1     7     8     5     6     0     0   -42.0  -18.805  -50.245   5018.4    522.2
     1     1     7     8     5     5     0     1   -43.0  -18.570  -50.408   5120.8    513.8
     1     1     7     8     5     4     0     2   -44.0  -18.307  -50.533   5204.3    506.9
     1     1     7     8     5     3     0     3   -45.0  -18.015  -50.617   5274.6    499.9
     1     1     7     8     5     2     0     2   -46.0  -17.696  -50.649   5337.4    494.9
     1     1     7     8     5     1     0     1   -47.0  -17.353  -50.620   5379.2    491.6
     1     1     7     8     5     0     0     0   -48.0  -16.993  -50.534   5394.7    489.9
     1     1     7     8     4    23     0     1   -49.0  -16.631  -50.391   5370.1    491.0
     1     1     7     8     4    22     0     2   -50.0  -16.285  -50.192   5286.5    495.5
     1     1     7     8     4    21     0     3   -51.0  -15.959  -49.938   5169.7    500.1
     1     1     7     8     4    20     0     2   -52.0  -15.657  -49.637   5077.3    506.5
     1     1     7     8     4    19     0     1   -53.0  -15.380  -49.299   5022.5    509.1
     1     1     7     8     4    18     0     0   -54.0  -15.131  -48.933   4992.0    510.9
     1     1     7     8     4    17     0     1   -55.0  -14.907  -48.553   4960.3    510.1
     1     1     7     8     4    16     0     2   -56.0  -14.704  -48.165   4925.7    510.8
     1     1     7     8     4    15     0     3   -57.0  -14.515  -47.762   4897.2    515.1
     1     1     7     8     4    14     0     2   -58.0  -14.345  -47.335   4872.9    520.3
     1     1     7     8     4    13     0     1   -59.0  -14.204  -46.886   4862.7    522.1
     1     1     7     8     4    12     0     0   -60.0  -14.102  -46.425   4879.1    521.5
     1     1     7     8     4    11     0     1   -61.0  -14.042  -45.969   4900.2    518.5
     1     1     7     8     4    10     0     2   -62.0  -14.021  -45.523   4902.2    516.7
     1     1     7     8     4     9     0     3   -63.0  -14.033  -45.088   4899.7    515.0
     1     1     7     8     4     8     0     2   -64.0  -14.066  -44.650   4931.5    519.8
     1     1     7     8     4     7     0     1   -65.0  -14.109  -44.194   4993.2    524.3
     1     1     7     8     4     6     0     0   -66.0  -14.165  -43.735   5049.1    520.8
     1     1     7     8     4     5     0     1   -67.0  -14.241  -43.297   5087.0    512.9
     1     1     7     8     4     4     0     2   -68.0  -14.338  -42.883   5112.2    507.4
     1     1     7     8     4     3     0     3   -69.0  -14.450  -42.490   5122.6    504.5
     1     1     7     8     4     2     0     2   -70.0  -14.575  -42.118   5130.2    502.5
     1     1     7     8     4     1     0     1   -71.0  -14.710  -41.773   5169.3    500.3
     1     1     7     8     4     0     0     0   -72.0  -14.846  -41.455   5233.6    497.0
     1     1     7     8     3    23     0     1   -73.0  -14.981  -41.166   5295.2    491.2
     1     1     7     8     3    22     0     2   -74.0  -15.124  -40.897   5347.6    491.1
     1     1     7     8     3    21     0     3   -75.0  -15.282  -40.641   5387.2    494.4
     1     1     7     8     3    20     0     2   -76.0  -15.459  -40.399   5412.4    499.2
     1     1     7     8     3    19     0     1   -77.0  -15.650  -40.172   5431.2    503.4
     1     1     7     8     3    18     0     0   -78.0  -15.855  -39.958   5446.6    507.8
     1     1     7     8     3    17     0     1   -79.0  -16.069  -39.749   5475.4    512.0
     1     1     7     8     3    16     0     2   -80.0  -16.284  -39.541   5526.0    513.1
     1     1     7     8     3    15     0     3   -81.0  -16.503  -39.337   5590.3    513.0
     1     1     7     8     3    14     0     2   -82.0  -16.728  -39.137   5658.1    512.3
     1     1     7     8     3    13     0     1   -83.0  -16.965  -38.946   5717.0    511.0
     1     1     7     8     3    12     0     0   -84.0  -17.214  -38.774   5759.6    508.6
     1     1     7     8     3    11     0     1   -85.0  -17.474  -38.639   5803.6    506.2
     1     1     7     8     3    10     0     2   -86.0  -17.744  -38.553   5859.1    502.4
     1     1     7     8     3     9     0     3   -87.0  -18.022  -38.522   5927.1    497.7
     1     1     7     8     3     8     0     2   -88.0  -18.310  -38.539   5996.4    492.7
     1     1     7     8     3     7     0     1   -89.0  -18.609  -38.592   6057.0    489.0
     1     1     7     8     3     6     0     0   -90.0  -18.917  -38.684   6111.8    485.8
     1     1     7     8     3     5     0     1   -91.0  -19.245  -38.813   6162.7    482.9
     1     1     7     8     3     4     0     2   -92.0  -19.599  -38.979   6212.7    480.1
     1     1     7     8     3     3     0     3   -93.0  -19.971  -39.191   6261.0    476.5
     1     1     7     8     3     2     0     2   -94.0  -20.336  -39.461   6316.1    472.4
     1     1     7     8     3     1     0     1   -95.0  -20.679  -39.787   6381.2    468.8
     1     1     7     8     3     0     0     0   -96.0  -20.996  -40.168   6458.6    464.6
     1     1     7     8     2    23     0     1   -97.0  -21.292  -40.587   6551.7    458.1
     1     1     7     8     2    22     0     2   -98.0  -21.576  -41.034   6678.1    450.5
     1     1     7     8     2    21     0     3   -99.0  -21.847  -41.520   6778.3    433.5
     1     1     7     8     2    20     0     2  -100.0  -22.098  -42.055   6884.8    416.8
     1     1     7     8     2    19     0     1  -101.0  -22.330  -42.640   7006.8    408.5
     1     1     7     8     2    18     0     0  -102.0  -22.541  -43.273   7093.4    403.3
     1     1     7     8     2    17     0     1  -103.0  -22.718  -43.942   7143.6    398.8
     1     1     7     8     2    16     0     2  -104.0  -22.856  -44.649   7148.9    386.4
     1     1     7     8     2    15     0     3  -105.0  -22.947  -45.399   7186.8    373.2
     1     1     7     8     2    14     0     2  -106.0  -22.993  -46.186   7271.4    365.2
     1     1     7     8     2    13     0     1  -107.0  -23.002  -46.969   7408.0    369.4
     1     1     7     8     2    12     0     0  -108.0  -22.970  -47.719   7475.8    374.2
     1     1     7     8     2    11     0     1  -109.0  -22.895  -48.445   7419.7    375.1
     1     1     7     8     2    10     0     2  -110.0  -22.791  -49.169   7325.6    376.2
     1     1     7     8     2     9     0     3  -111.0  -22.668  -49.874   7277.9    387.3
     1     1     7     8     2     8     0     2  -112.0  -22.523  -50.562   7207.4    393.8
     1     1     7     8     2     7     0     1  -113.0  -22.345  -51.242   7157.3    398.3
     1     1     7     8     2     6     0     0  -114.0  -22.131  -51.903   7125.6    406.2
     1     1     7     8     2     5     0     1  -115.0  -21.890  -52.530   7066.5    410.7
     1     1     7     8     2     4     0     2  -116.0  -21.637  -53.119   7043.7    411.7
     1     1     7     8     2     3     0     3  -117.0  -21.372  -53.677   7056.2    409.6
     1     1     7     8     2     2     0     2  -118.0  -21.103  -54.222   7073.2    404.3
     1     1     7     8     2     1     0     1  -119.0  -20.832  -54.759   7108.5    402.4
     1     1     7     8     2     0     0     0  -120.0  -20.561  -55.267   7156.5    403.5
