     7     1
    GDAS     7     7    22     0     0
    GDAS     7     8     8     0     0
    GDAS     7     8    15     0     0
    GDAS     7     8    22     0     0
    GDAS     7     8    29     0     0
    GDAS     7     8     1     0     0
    GDAS     7     7    29     0     0
     1 BACKWARD OMEGA   
     7     8    12     0  -23.561  -46.740  4000.0
     1 PRESSURE
     1     1     7     8    12     0     0     0     0.0  -23.561  -46.740   4000.0    589.1
     1     1     7     8    11    23     0     1    -1.0  -23.570  -46.965   3992.1    587.3
     1     1     7     8    11    22     0     2    -2.0  -23.560  -47.196   3981.9    588.2
     1     1     7     8    11    21     0     3    -3.0  -23.530  -47.432   3971.0    589.9
     1     1     7     8    11    20     0     2    -4.0  -23.478  -47.666   3965.9    591.6
     1     1     7     8    11    19     0     1    -5.0  -23.401  -47.894   3967.7    593.2
     1     1     7     8    11    18     0     0    -6.0  -23.300  -48.119   3961.8    593.4
     1     1     7     8    11    17     0     1    -7.0  -23.191  -48.343   3939.9    592.7
     1     1     7     8    11    16     0     2    -8.0  -23.094  -48.571   3912.5    592.0
     1     1     7     8    11    15     0     3    -9.0  -23.013  -48.807   3887.2    590.2
     1     1     7     8    11    14     0     2   -10.0  -22.952  -49.049   3887.1    589.2
     1     1     7     8    11    13     0     1   -11.0  -22.920  -49.295   3934.4    590.4
     1     1     7     8    11    12     0     0   -12.0  -22.915  -49.551   4012.6    588.9
     1     1     7     8    11    11     0     1   -13.0  -22.916  -49.833   4085.0    585.4
     1     1     7     8    11    10     0     2   -14.0  -22.901  -50.140   4112.1    586.5
     1     1     7     8    11     9     0     3   -15.0  -22.862  -50.472   4103.7    588.1
     1     1     7     8    11     8     0     2   -16.0  -22.797  -50.823   4086.2    590.9
     1     1     7     8    11     7     0     1   -17.0  -22.704  -51.182   4068.0    593.8
     1     1     7     8    11     6     0     0   -18.0  -22.585  -51.532   4041.3    599.2
     1     1     7     8    11     5     0     1   -19.0  -22.435  -51.859   4004.2    606.6
     1     1     7     8    11     4     0     2   -20.0  -22.253  -52.156   3951.5    613.0
     1     1     7     8    11     3     0     3   -21.0  -22.030  -52.417   3873.1    618.9
     1     1     7     8    11     2     0     2   -22.0  -21.778  -52.634   3794.2    626.1
     1     1     7     8    11     1     0     1   -23.0  -21.516  -52.819   3750.2    629.5
     1     1     7     8    11     0     0     0   -24.0  -21.247  -52.971   3752.1    630.3
     1     1     7     8    10    23     0     1   -25.0  -20.986  -53.103   3777.8    625.7
     1     1     7     8    10    22     0     2   -26.0  -20.741  -53.229   3789.3    621.7
     1     1     7     8    10    21     0     3   -27.0  -20.511  -53.353   3776.6    619.8
     1     1     7     8    10    20     0     2   -28.0  -20.286  -53.471   3747.1    620.6
     1     1     7     8    10    19     0     1   -29.0  -20.057  -53.582   3711.3    620.9
     1     1     7     8    10    18     0     0   -30.0  -19.819  -53.684   3670.4    621.8
     1     1     7     8    10    17     0     1   -31.0  -19.572  -53.777   3638.5    623.7
     1     1     7     8    10    16     0     2   -32.0  -19.316  -53.866   3627.2    624.3
     1     1     7     8    10    15     0     3   -33.0  -19.049  -53.955   3639.7    624.2
     1     1     7     8    10    14     0     2   -34.0  -18.772  -54.031   3653.9    622.6
     1     1     7     8    10    13     0     1   -35.0  -18.491  -54.081   3647.5    624.6
     1     1     7     8    10    12     0     0   -36.0  -18.214  -54.109   3626.6    627.5
     1     1     7     8    10    11     0     1   -37.0  -17.942  -54.100   3598.3    629.4
     1     1     7     8    10    10     0     2   -38.0  -17.676  -54.037   3562.3    627.3
     1     1     7     8    10     9     0     3   -39.0  -17.414  -53.925   3527.6    625.2
     1     1     7     8    10     8     0     2   -40.0  -17.155  -53.779   3515.8    624.4
     1     1     7     8    10     7     0     1   -41.0  -16.900  -53.609   3544.6    622.0
     1     1     7     8    10     6     0     0   -42.0  -16.644  -53.416   3606.1    619.3
     1     1     7     8    10     5     0     1   -43.0  -16.385  -53.195   3671.0    615.5
     1     1     7     8    10     4     0     2   -44.0  -16.123  -52.946   3714.9    614.8
     1     1     7     8    10     3     0     3   -45.0  -15.860  -52.664   3730.3    617.1
     1     1     7     8    10     2     0     2   -46.0  -15.608  -52.358   3713.3    621.3
     1     1     7     8    10     1     0     1   -47.0  -15.370  -52.041   3675.1    628.1
     1     1     7     8    10     0     0     0   -48.0  -15.147  -51.713   3630.2    633.9
     1     1     7     8     9    23     0     1   -49.0  -14.933  -51.376   3612.9    638.5
     1     1     7     8     9    22     0     2   -50.0  -14.721  -51.032   3628.8    639.0
     1     1     7     8     9    21     0     3   -51.0  -14.517  -50.677   3637.3    632.3
     1     1     7     8     9    20     0     2   -52.0  -14.332  -50.303   3628.2    627.2
     1     1     7     8     9    19     0     1   -53.0  -14.163  -49.904   3601.4    626.0
     1     1     7     8     9    18     0     0   -54.0  -14.008  -49.485   3577.5    627.5
     1     1     7     8     9    17     0     1   -55.0  -13.873  -49.057   3564.9    626.6
     1     1     7     8     9    16     0     2   -56.0  -13.763  -48.630   3570.7    624.9
     1     1     7     8     9    15     0     3   -57.0  -13.677  -48.205   3590.3    624.3
     1     1     7     8     9    14     0     2   -58.0  -13.608  -47.780   3622.2    621.7
     1     1     7     8     9    13     0     1   -59.0  -13.547  -47.354   3659.7    616.0
     1     1     7     8     9    12     0     0   -60.0  -13.493  -46.928   3694.0    610.3
     1     1     7     8     9    11     0     1   -61.0  -13.430  -46.506   3721.5    604.0
     1     1     7     8     9    10     0     2   -62.0  -13.342  -46.085   3741.7    597.3
     1     1     7     8     9     9     0     3   -63.0  -13.235  -45.648   3771.6    593.8
     1     1     7     8     9     8     0     2   -64.0  -13.128  -45.184   3821.4    590.9
     1     1     7     8     9     7     0     1   -65.0  -13.030  -44.703   3885.2    589.2
     1     1     7     8     9     6     0     0   -66.0  -12.942  -44.221   3933.8    590.8
     1     1     7     8     9     5     0     1   -67.0  -12.869  -43.755   3945.3    593.1
     1     1     7     8     9     4     0     2   -68.0  -12.810  -43.316   3913.3    595.5
     1     1     7     8     9     3     0     3   -69.0  -12.756  -42.899   3834.9    598.6
     1     1     7     8     9     2     0     2   -70.0  -12.704  -42.496   3733.6    596.8
     1     1     7     8     9     1     0     1   -71.0  -12.653  -42.101   3661.1    591.0
     1     1     7     8     9     0     0     0   -72.0  -12.597  -41.692   3655.7    596.0
     1     1     7     8     8    23     0     1   -73.0  -12.533  -41.247   3702.2    601.0
     1     1     7     8     8    22     0     2   -74.0  -12.463  -40.769   3772.0    603.8
     1     1     7     8     8    21     0     3   -75.0  -12.392  -40.252   3848.8    606.5
     1     1     7     8     8    20     0     2   -76.0  -12.323  -39.701   3928.7    609.9
     1     1     7     8     8    19     0     1   -77.0  -12.262  -39.130   4009.3    611.0
     1     1     7     8     8    18     0     0   -78.0  -12.213  -38.549   4082.7    612.1
     1     1     7     8     8    17     0     1   -79.0  -12.181  -37.971   4129.1    614.6
     1     1     7     8     8    16     0     2   -80.0  -12.166  -37.401   4136.1    618.5
     1     1     7     8     8    15     0     3   -81.0  -12.167  -36.834   4123.0    622.8
     1     1     7     8     8    14     0     2   -82.0  -12.180  -36.259   4103.6    624.4
     1     1     7     8     8    13     0     1   -83.0  -12.205  -35.673   4097.6    625.0
     1     1     7     8     8    12     0     0   -84.0  -12.246  -35.078   4109.6    625.0
     1     1     7     8     8    11     0     1   -85.0  -12.303  -34.482   4131.9    622.3
     1     1     7     8     8    10     0     2   -86.0  -12.371  -33.891   4153.7    620.4
     1     1     7     8     8     9     0     3   -87.0  -12.446  -33.313   4177.2    618.2
     1     1     7     8     8     8     0     2   -88.0  -12.530  -32.753   4202.5    615.7
     1     1     7     8     8     7     0     1   -89.0  -12.627  -32.208   4224.5    614.5
     1     1     7     8     8     6     0     0   -90.0  -12.741  -31.673   4239.5    613.1
     1     1     7     8     8     5     0     1   -91.0  -12.867  -31.148   4254.8    612.0
     1     1     7     8     8     4     0     2   -92.0  -13.001  -30.634   4283.9    610.3
     1     1     7     8     8     3     0     3   -93.0  -13.135  -30.137   4327.2    608.0
     1     1     7     8     8     2     0     2   -94.0  -13.272  -29.662   4368.6    604.1
     1     1     7     8     8     1     0     1   -95.0  -13.416  -29.204   4397.7    601.8
     1     1     7     8     8     0     0     0   -96.0  -13.565  -28.758   4414.5    600.9
     1     1     7     8     7    23     0     1   -97.0  -13.719  -28.321   4424.3    600.8
     1     1     7     8     7    22     0     2   -98.0  -13.876  -27.894   4433.1    600.1
     1     1     7     8     7    21     0     3   -99.0  -14.034  -27.475   4446.7    599.2
     1     1     7     8     7    20     0     2  -100.0  -14.190  -27.065   4464.0    597.4
     1     1     7     8     7    19     0     1  -101.0  -14.347  -26.664   4480.2    596.3
     1     1     7     8     7    18     0     0  -102.0  -14.504  -26.270   4498.9    595.0
     1     1     7     8     7    17     0     1  -103.0  -14.659  -25.882   4517.2    593.3
     1     1     7     8     7    16     0     2  -104.0  -14.811  -25.500   4525.7    592.4
     1     1     7     8     7    15     0     3  -105.0  -14.961  -25.116   4518.0    592.7
     1     1     7     8     7    14     0     2  -106.0  -15.115  -24.732   4506.5    595.0
     1     1     7     8     7    13     0     1  -107.0  -15.276  -24.357   4505.0    595.3
     1     1     7     8     7    12     0     0  -108.0  -15.440  -23.992   4510.5    595.1
     1     1     7     8     7    11     0     1  -109.0  -15.599  -23.639   4522.3    594.0
     1     1     7     8     7    10     0     2  -110.0  -15.742  -23.300   4540.3    592.3
     1     1     7     8     7     9     0     3  -111.0  -15.870  -22.974   4561.8    590.4
     1     1     7     8     7     8     0     2  -112.0  -15.980  -22.654   4589.8    588.5
     1     1     7     8     7     7     0     1  -113.0  -16.072  -22.334   4628.8    585.6
     1     1     7     8     7     6     0     0  -114.0  -16.148  -22.018   4680.9    581.7
     1     1     7     8     7     5     0     1  -115.0  -16.213  -21.701   4740.0    577.2
     1     1     7     8     7     4     0     2  -116.0  -16.273  -21.380   4798.3    573.2
     1     1     7     8     7     3     0     3  -117.0  -16.327  -21.053   4854.8    569.4
     1     1     7     8     7     2     0     2  -118.0  -16.377  -20.726   4898.3    565.6
     1     1     7     8     7     1     0     1  -119.0  -16.424  -20.402   4918.6    564.4
     1     1     7     8     7     0     0     0  -120.0  -16.469  -20.078   4918.2    564.6
