     7     1
    GDAS     7     7    22     0     0
    GDAS     7     8     8     0     0
    GDAS     7     8    15     0     0
    GDAS     7     8    22     0     0
    GDAS     7     8    29     0     0
    GDAS     7     8     1     0     0
    GDAS     7     7    29     0     0
     1 BACKWARD OMEGA   
     7     8     4    12  -23.561  -46.740  4000.0
     1 PRESSURE
     1     1     7     8     4    12     0     0     0.0  -23.561  -46.740   4000.0    588.6
     1     1     7     8     4    11     0     1    -1.0  -23.342  -47.153   3995.4    586.1
     1     1     7     8     4    10     0     2    -2.0  -23.108  -47.544   4034.2    586.4
     1     1     7     8     4     9     0     3    -3.0  -22.866  -47.904   4100.7    586.2
     1     1     7     8     4     8     0     2    -4.0  -22.620  -48.240   4153.5    578.8
     1     1     7     8     4     7     0     1    -5.0  -22.371  -48.552   4194.9    575.2
     1     1     7     8     4     6     0     0    -6.0  -22.123  -48.837   4238.6    575.3
     1     1     7     8     4     5     0     1    -7.0  -21.874  -49.095   4270.6    575.7
     1     1     7     8     4     4     0     2    -8.0  -21.616  -49.325   4272.2    576.2
     1     1     7     8     4     3     0     3    -9.0  -21.350  -49.522   4249.5    578.8
     1     1     7     8     4     2     0     2   -10.0  -21.077  -49.683   4218.0    582.3
     1     1     7     8     4     1     0     1   -11.0  -20.800  -49.810   4194.7    584.9
     1     1     7     8     4     0     0     0   -12.0  -20.523  -49.903   4182.4    586.5
     1     1     7     8     3    23     0     1   -13.0  -20.254  -49.961   4173.3    587.2
     1     1     7     8     3    22     0     2   -14.0  -20.000  -49.990   4160.4    588.6
     1     1     7     8     3    21     0     3   -15.0  -19.763  -49.996   4139.4    588.3
     1     1     7     8     3    20     0     2   -16.0  -19.540  -49.981   4122.5    588.5
     1     1     7     8     3    19     0     1   -17.0  -19.330  -49.944   4115.9    587.4
     1     1     7     8     3    18     0     0   -18.0  -19.131  -49.888   4118.8    585.4
     1     1     7     8     3    17     0     1   -19.0  -18.939  -49.815   4120.3    583.0
     1     1     7     8     3    16     0     2   -20.0  -18.752  -49.732   4107.0    582.9
     1     1     7     8     3    15     0     3   -21.0  -18.570  -49.641   4072.3    584.6
     1     1     7     8     3    14     0     2   -22.0  -18.396  -49.549   4031.9    588.1
     1     1     7     8     3    13     0     1   -23.0  -18.229  -49.457   4002.4    589.7
     1     1     7     8     3    12     0     0   -24.0  -18.068  -49.363   3983.2    590.6
     1     1     7     8     3    11     0     1   -25.0  -17.923  -49.259   3969.7    589.8
     1     1     7     8     3    10     0     2   -26.0  -17.803  -49.136   3961.1    588.2
     1     1     7     8     3     9     0     3   -27.0  -17.711  -48.995   3961.5    586.0
     1     1     7     8     3     8     0     2   -28.0  -17.634  -48.844   3969.0    583.2
     1     1     7     8     3     7     0     1   -29.0  -17.557  -48.691   3980.9    580.3
     1     1     7     8     3     6     0     0   -30.0  -17.481  -48.534   3995.5    577.0
     1     1     7     8     3     5     0     1   -31.0  -17.404  -48.369   4004.5    573.8
     1     1     7     8     3     4     0     2   -32.0  -17.330  -48.194   4001.4    572.0
     1     1     7     8     3     3     0     3   -33.0  -17.259  -48.007   3988.1    570.8
     1     1     7     8     3     2     0     2   -34.0  -17.198  -47.813   3990.5    572.7
     1     1     7     8     3     1     0     1   -35.0  -17.150  -47.621   4018.1    572.3
     1     1     7     8     3     0     0     0   -36.0  -17.114  -47.430   4072.9    570.3
     1     1     7     8     2    23     0     1   -37.0  -17.094  -47.223   4132.0    566.5
     1     1     7     8     2    22     0     2   -38.0  -17.096  -46.986   4168.4    566.2
     1     1     7     8     2    21     0     3   -39.0  -17.122  -46.730   4174.1    567.5
     1     1     7     8     2    20     0     2   -40.0  -17.166  -46.476   4165.6    571.2
     1     1     7     8     2    19     0     1   -41.0  -17.224  -46.242   4158.7    573.3
     1     1     7     8     2    18     0     0   -42.0  -17.297  -46.029   4154.8    574.6
     1     1     7     8     2    17     0     1   -43.0  -17.385  -45.846   4154.3    574.7
     1     1     7     8     2    16     0     2   -44.0  -17.488  -45.699   4160.5    573.7
     1     1     7     8     2    15     0     3   -45.0  -17.604  -45.587   4172.0    572.3
     1     1     7     8     2    14     0     2   -46.0  -17.731  -45.504   4183.3    570.2
     1     1     7     8     2    13     0     1   -47.0  -17.867  -45.447   4189.9    568.7
     1     1     7     8     2    12     0     0   -48.0  -18.010  -45.415   4193.9    567.5
     1     1     7     8     2    11     0     1   -49.0  -18.149  -45.419   4206.0    566.7
     1     1     7     8     2    10     0     2   -50.0  -18.272  -45.464   4229.4    564.4
     1     1     7     8     2     9     0     3   -51.0  -18.378  -45.547   4262.0    561.0
     1     1     7     8     2     8     0     2   -52.0  -18.468  -45.659   4302.3    557.1
     1     1     7     8     2     7     0     1   -53.0  -18.544  -45.795   4349.6    552.3
     1     1     7     8     2     6     0     0   -54.0  -18.608  -45.952   4403.3    546.8
     1     1     7     8     2     5     0     1   -55.0  -18.659  -46.118   4462.1    541.6
     1     1     7     8     2     4     0     2   -56.0  -18.699  -46.276   4523.4    536.8
     1     1     7     8     2     3     0     3   -57.0  -18.730  -46.428   4587.4    531.8
     1     1     7     8     2     2     0     2   -58.0  -18.760  -46.580   4644.4    526.2
     1     1     7     8     2     1     0     1   -59.0  -18.794  -46.740   4684.5    522.3
     1     1     7     8     2     0     0     0   -60.0  -18.833  -46.909   4709.4    519.3
     1     1     7     8     1    23     0     1   -61.0  -18.871  -47.091   4731.1    517.4
     1     1     7     8     1    22     0     2   -62.0  -18.902  -47.292   4761.0    515.6
     1     1     7     8     1    21     0     3   -63.0  -18.924  -47.511   4799.5    513.4
     1     1     7     8     1    20     0     2   -64.0  -18.938  -47.744   4838.0    511.1
     1     1     7     8     1    19     0     1   -65.0  -18.944  -47.983   4863.7    510.1
     1     1     7     8     1    18     0     0   -66.0  -18.940  -48.223   4876.4    512.0
     1     1     7     8     1    17     0     1   -67.0  -18.928  -48.459   4873.0    515.7
     1     1     7     8     1    16     0     2   -68.0  -18.905  -48.684   4858.2    519.8
     1     1     7     8     1    15     0     3   -69.0  -18.873  -48.897   4832.7    524.4
     1     1     7     8     1    14     0     2   -70.0  -18.839  -49.106   4809.1    528.9
     1     1     7     8     1    13     0     1   -71.0  -18.810  -49.318   4802.5    530.9
     1     1     7     8     1    12     0     0   -72.0  -18.787  -49.531   4813.8    531.6
     1     1     7     8     1    11     0     1   -73.0  -18.772  -49.752   4837.6    530.9
     1     1     7     8     1    10     0     2   -74.0  -18.768  -49.984   4868.0    530.2
     1     1     7     8     1     9     0     3   -75.0  -18.776  -50.229   4896.7    528.2
     1     1     7     8     1     8     0     2   -76.0  -18.785  -50.478   4925.1    526.9
     1     1     7     8     1     7     0     1   -77.0  -18.784  -50.721   4954.1    525.4
     1     1     7     8     1     6     0     0   -78.0  -18.774  -50.956   4983.4    523.8
     1     1     7     8     1     5     0     1   -79.0  -18.759  -51.182   5009.6    521.0
     1     1     7     8     1     4     0     2   -80.0  -18.744  -51.398   5037.9    517.6
     1     1     7     8     1     3     0     3   -81.0  -18.731  -51.604   5067.7    514.3
     1     1     7     8     1     2     0     2   -82.0  -18.724  -51.808   5099.2    510.8
     1     1     7     8     1     1     0     1   -83.0  -18.732  -52.019   5134.2    507.2
     1     1     7     8     1     0     0     0   -84.0  -18.757  -52.239   5179.5    504.4
     1     1     7     7    31    23     0     1   -85.0  -18.803  -52.474   5214.0    500.9
     1     1     7     7    31    22     0     2   -86.0  -18.872  -52.728   5217.5    500.7
     1     1     7     7    31    21     0     3   -87.0  -18.971  -52.995   5187.1    502.9
     1     1     7     7    31    20     0     2   -88.0  -19.090  -53.276   5162.4    509.6
     1     1     7     7    31    19     0     1   -89.0  -19.216  -53.586   5164.7    511.7
     1     1     7     7    31    18     0     0   -90.0  -19.352  -53.931   5193.7    510.5
     1     1     7     7    31    17     0     1   -91.0  -19.487  -54.306   5247.1    509.6
     1     1     7     7    31    16     0     2   -92.0  -19.607  -54.694   5296.9    510.9
     1     1     7     7    31    15     0     3   -93.0  -19.709  -55.088   5334.2    513.3
     1     1     7     7    31    14     0     2   -94.0  -19.794  -55.481   5369.9    516.6
     1     1     7     7    31    13     0     1   -95.0  -19.864  -55.871   5414.5    518.2
     1     1     7     7    31    12     0     0   -96.0  -19.918  -56.267   5452.9    516.8
     1     1     7     7    31    11     0     1   -97.0  -19.946  -56.665   5486.0    514.0
     1     1     7     7    31    10     0     2   -98.0  -19.935  -57.052   5520.6    511.9
     1     1     7     7    31     9     0     3   -99.0  -19.883  -57.417   5568.6    510.2
     1     1     7     7    31     8     0     2  -100.0  -19.806  -57.766   5623.5    507.0
     1     1     7     7    31     7     0     1  -101.0  -19.723  -58.107   5674.7    503.5
     1     1     7     7    31     6     0     0  -102.0  -19.632  -58.439   5715.8    499.3
     1     1     7     7    31     5     0     1  -103.0  -19.533  -58.755   5754.6    496.0
     1     1     7     7    31     4     0     2  -104.0  -19.426  -59.054   5798.1    491.6
     1     1     7     7    31     3     0     3  -105.0  -19.313  -59.334   5845.8    486.9
     1     1     7     7    31     2     0     2  -106.0  -19.200  -59.606   5897.6    481.5
     1     1     7     7    31     1     0     1  -107.0  -19.093  -59.872   5951.9    476.2
     1     1     7     7    31     0     0     0  -108.0  -18.991  -60.133   6009.0    471.2
     1     1     7     7    30    23     0     1  -109.0  -18.893  -60.388   6066.0    467.1
     1     1     7     7    30    22     0     2  -110.0  -18.802  -60.634   6118.7    463.7
     1     1     7     7    30    21     0     3  -111.0  -18.725  -60.869   6168.9    460.4
     1     1     7     7    30    20     0     2  -112.0  -18.660  -61.101   6196.4    457.5
     1     1     7     7    30    19     0     1  -113.0  -18.601  -61.334   6182.8    458.0
     1     1     7     7    30    18     0     0  -114.0  -18.548  -61.557   6127.2    461.3
     1     1     7     7    30    17     0     1  -115.0  -18.500  -61.778   6058.3    467.7
     1     1     7     7    30    16     0     2  -116.0  -18.456  -62.019   6007.9    471.4
     1     1     7     7    30    15     0     3  -117.0  -18.411  -62.283   5969.4    472.4
     1     1     7     7    30    14     0     2  -118.0  -18.356  -62.564   5939.7    471.9
     1     1     7     7    30    13     0     1  -119.0  -18.294  -62.855   5912.3    471.3
     1     1     7     7    30    12     0     0  -120.0  -18.228  -63.164   5857.6    463.8
