     7     1
    GDAS     7     7    22     0     0
    GDAS     7     8     8     0     0
    GDAS     7     8    15     0     0
    GDAS     7     8    22     0     0
    GDAS     7     8    29     0     0
    GDAS     7     8     1     0     0
    GDAS     7     7    29     0     0
     1 BACKWARD OMEGA   
     7     8     5     6  -23.561  -46.740  4000.0
     1 PRESSURE
     1     1     7     8     5     6     0     0     0.0  -23.561  -46.740   4000.0    587.3
     1     1     7     8     5     5     0     1    -1.0  -23.309  -47.388   4031.6    584.2
     1     1     7     8     5     4     0     2    -2.0  -23.036  -47.971   4093.0    587.6
     1     1     7     8     5     3     0     3    -3.0  -22.745  -48.501   4109.1    579.4
     1     1     7     8     5     2     0     2    -4.0  -22.428  -48.990   4117.1    578.3
     1     1     7     8     5     1     0     1    -5.0  -22.093  -49.424   4116.4    586.4
     1     1     7     8     5     0     0     0    -6.0  -21.750  -49.799   4074.8    591.3
     1     1     7     8     4    23     0     1    -7.0  -21.402  -50.114   4033.8    597.5
     1     1     7     8     4    22     0     2    -8.0  -21.046  -50.373   4027.6    600.2
     1     1     7     8     4    21     0     3    -9.0  -20.685  -50.587   4043.8    600.4
     1     1     7     8     4    20     0     2   -10.0  -20.325  -50.755   4066.5    599.1
     1     1     7     8     4    19     0     1   -11.0  -19.971  -50.872   4088.3    597.9
     1     1     7     8     4    18     0     0   -12.0  -19.622  -50.940   4114.2    594.4
     1     1     7     8     4    17     0     1   -13.0  -19.284  -50.964   4150.0    589.6
     1     1     7     8     4    16     0     2   -14.0  -18.965  -50.946   4186.3    584.4
     1     1     7     8     4    15     0     3   -15.0  -18.666  -50.886   4210.2    578.6
     1     1     7     8     4    14     0     2   -16.0  -18.385  -50.793   4215.7    574.4
     1     1     7     8     4    13     0     1   -17.0  -18.125  -50.675   4197.7    573.3
     1     1     7     8     4    12     0     0   -18.0  -17.888  -50.533   4157.7    575.6
     1     1     7     8     4    11     0     1   -19.0  -17.679  -50.370   4112.2    580.2
     1     1     7     8     4    10     0     2   -20.0  -17.498  -50.188   4078.5    582.1
     1     1     7     8     4     9     0     3   -21.0  -17.342  -49.987   4057.7    582.5
     1     1     7     8     4     8     0     2   -22.0  -17.197  -49.765   4034.1    580.5
     1     1     7     8     4     7     0     1   -23.0  -17.056  -49.519   3999.3    579.7
     1     1     7     8     4     6     0     0   -24.0  -16.917  -49.249   3955.7    579.3
     1     1     7     8     4     5     0     1   -25.0  -16.780  -48.950   3918.4    579.1
     1     1     7     8     4     4     0     2   -26.0  -16.647  -48.624   3904.6    576.7
     1     1     7     8     4     3     0     3   -27.0  -16.525  -48.276   3914.3    572.9
     1     1     7     8     4     2     0     2   -28.0  -16.421  -47.913   3929.9    569.0
     1     1     7     8     4     1     0     1   -29.0  -16.345  -47.544   3935.2    572.0
     1     1     7     8     4     0     0     0   -30.0  -16.302  -47.175   3917.9    577.0
     1     1     7     8     3    23     0     1   -31.0  -16.292  -46.807   3892.3    584.0
     1     1     7     8     3    22     0     2   -32.0  -16.310  -46.445   3867.7    591.5
     1     1     7     8     3    21     0     3   -33.0  -16.357  -46.100   3841.9    598.6
     1     1     7     8     3    20     0     2   -34.0  -16.425  -45.781   3808.8    603.2
     1     1     7     8     3    19     0     1   -35.0  -16.509  -45.490   3774.1    606.3
     1     1     7     8     3    18     0     0   -36.0  -16.609  -45.223   3740.3    609.1
     1     1     7     8     3    17     0     1   -37.0  -16.721  -44.978   3709.9    611.5
     1     1     7     8     3    16     0     2   -38.0  -16.843  -44.751   3678.7    609.7
     1     1     7     8     3    15     0     3   -39.0  -16.980  -44.540   3650.5    607.3
     1     1     7     8     3    14     0     2   -40.0  -17.126  -44.348   3631.1    604.8
     1     1     7     8     3    13     0     1   -41.0  -17.274  -44.182   3629.4    601.3
     1     1     7     8     3    12     0     0   -42.0  -17.425  -44.045   3648.9    596.8
     1     1     7     8     3    11     0     1   -43.0  -17.564  -43.920   3681.9    591.9
     1     1     7     8     3    10     0     2   -44.0  -17.677  -43.786   3711.5    588.8
     1     1     7     8     3     9     0     3   -45.0  -17.762  -43.640   3731.9    586.4
     1     1     7     8     3     8     0     2   -46.0  -17.832  -43.486   3745.6    585.4
     1     1     7     8     3     7     0     1   -47.0  -17.904  -43.333   3758.1    584.0
     1     1     7     8     3     6     0     0   -48.0  -17.976  -43.179   3770.8    582.5
     1     1     7     8     3     5     0     1   -49.0  -18.055  -43.023   3787.3    582.2
     1     1     7     8     3     4     0     2   -50.0  -18.141  -42.868   3813.9    585.4
     1     1     7     8     3     3     0     3   -51.0  -18.229  -42.714   3842.5    588.9
     1     1     7     8     3     2     0     2   -52.0  -18.321  -42.566   3881.4    591.8
     1     1     7     8     3     1     0     1   -53.0  -18.422  -42.430   3942.3    592.2
     1     1     7     8     3     0     0     0   -54.0  -18.534  -42.305   4026.3    590.7
     1     1     7     8     2    23     0     1   -55.0  -18.657  -42.191   4128.2    587.1
     1     1     7     8     2    22     0     2   -56.0  -18.795  -42.089   4241.8    583.0
     1     1     7     8     2    21     0     3   -57.0  -18.955  -42.000   4364.4    577.9
     1     1     7     8     2    20     0     2   -58.0  -19.138  -41.936   4463.3    567.7
     1     1     7     8     2    19     0     1   -59.0  -19.345  -41.912   4536.9    558.6
     1     1     7     8     2    18     0     0   -60.0  -19.575  -41.934   4597.5    550.1
     1     1     7     8     2    17     0     1   -61.0  -19.817  -42.003   4651.5    541.8
     1     1     7     8     2    16     0     2   -62.0  -20.056  -42.119   4705.5    535.2
     1     1     7     8     2    15     0     3   -63.0  -20.282  -42.271   4768.0    532.3
     1     1     7     8     2    14     0     2   -64.0  -20.498  -42.452   4823.6    528.8
     1     1     7     8     2    13     0     1   -65.0  -20.712  -42.662   4869.0    524.8
     1     1     7     8     2    12     0     0   -66.0  -20.927  -42.905   4896.8    520.5
     1     1     7     8     2    11     0     1   -67.0  -21.143  -43.182   4915.1    515.4
     1     1     7     8     2    10     0     2   -68.0  -21.356  -43.501   4943.6    507.5
     1     1     7     8     2     9     0     3   -69.0  -21.562  -43.868   4982.5    498.3
     1     1     7     8     2     8     0     2   -70.0  -21.761  -44.285   5018.2    490.3
     1     1     7     8     2     7     0     1   -71.0  -21.953  -44.750   5012.6    484.4
     1     1     7     8     2     6     0     0   -72.0  -22.127  -45.247   4985.1    486.3
     1     1     7     8     2     5     0     1   -73.0  -22.268  -45.756   4955.0    493.8
     1     1     7     8     2     4     0     2   -74.0  -22.368  -46.269   4944.1    498.9
     1     1     7     8     2     3     0     3   -75.0  -22.415  -46.784   4950.6    505.3
     1     1     7     8     2     2     0     2   -76.0  -22.418  -47.290   4964.7    512.3
     1     1     7     8     2     1     0     1   -77.0  -22.390  -47.784   4996.8    518.0
     1     1     7     8     2     0     0     0   -78.0  -22.336  -48.270   5040.5    518.0
     1     1     7     8     1    23     0     1   -79.0  -22.264  -48.757   5092.1    513.4
     1     1     7     8     1    22     0     2   -80.0  -22.177  -49.237   5145.4    511.8
     1     1     7     8     1    21     0     3   -81.0  -22.074  -49.699   5180.0    511.6
     1     1     7     8     1    20     0     2   -82.0  -21.954  -50.144   5181.3    512.6
     1     1     7     8     1    19     0     1   -83.0  -21.819  -50.576   5156.2    515.5
     1     1     7     8     1    18     0     0   -84.0  -21.667  -50.981   5115.9    520.2
     1     1     7     8     1    17     0     1   -85.0  -21.501  -51.350   5079.4    527.7
     1     1     7     8     1    16     0     2   -86.0  -21.331  -51.683   5047.6    531.9
     1     1     7     8     1    15     0     3   -87.0  -21.161  -51.977   5011.1    534.8
     1     1     7     8     1    14     0     2   -88.0  -20.996  -52.243   4975.6    537.5
     1     1     7     8     1    13     0     1   -89.0  -20.839  -52.493   4952.3    539.0
     1     1     7     8     1    12     0     0   -90.0  -20.692  -52.728   4939.1    539.8
     1     1     7     8     1    11     0     1   -91.0  -20.561  -52.946   4939.5    540.2
     1     1     7     8     1    10     0     2   -92.0  -20.452  -53.155   4951.7    537.2
     1     1     7     8     1     9     0     3   -93.0  -20.369  -53.368   4977.4    532.4
     1     1     7     8     1     8     0     2   -94.0  -20.311  -53.592   5007.4    526.9
     1     1     7     8     1     7     0     1   -95.0  -20.274  -53.832   5027.6    522.3
     1     1     7     8     1     6     0     0   -96.0  -20.255  -54.087   5038.3    520.3
     1     1     7     8     1     5     0     1   -97.0  -20.246  -54.346   5048.1    522.7
     1     1     7     8     1     4     0     2   -98.0  -20.243  -54.600   5049.8    525.4
     1     1     7     8     1     3     0     3   -99.0  -20.248  -54.851   5043.4    528.6
     1     1     7     8     1     2     0     2  -100.0  -20.261  -55.097   5043.3    531.9
     1     1     7     8     1     1     0     1  -101.0  -20.280  -55.344   5063.0    533.0
     1     1     7     8     1     0     0     0  -102.0  -20.304  -55.598   5098.4    532.8
     1     1     7     7    31    23     0     1  -103.0  -20.328  -55.867   5136.7    532.0
     1     1     7     7    31    22     0     2  -104.0  -20.346  -56.151   5165.2    531.1
     1     1     7     7    31    21     0     3  -105.0  -20.349  -56.446   5189.2    529.4
     1     1     7     7    31    20     0     2  -106.0  -20.336  -56.754   5212.6    527.8
     1     1     7     7    31    19     0     1  -107.0  -20.311  -57.068   5231.2    527.4
     1     1     7     7    31    18     0     0  -108.0  -20.273  -57.379   5245.1    529.0
     1     1     7     7    31    17     0     1  -109.0  -20.223  -57.677   5248.8    531.5
     1     1     7     7    31    16     0     2  -110.0  -20.166  -57.964   5243.5    534.0
     1     1     7     7    31    15     0     3  -111.0  -20.103  -58.239   5224.8    535.5
     1     1     7     7    31    14     0     2  -112.0  -20.036  -58.509   5208.2    536.4
     1     1     7     7    31    13     0     1  -113.0  -19.965  -58.779   5201.0    535.9
     1     1     7     7    31    12     0     0  -114.0  -19.889  -59.043   5203.2    534.3
     1     1     7     7    31    11     0     1  -115.0  -19.802  -59.294   5211.8    531.4
     1     1     7     7    31    10     0     2  -116.0  -19.700  -59.526   5224.7    528.4
     1     1     7     7    31     9     0     3  -117.0  -19.588  -59.743   5241.1    525.1
     1     1     7     7    31     8     0     2  -118.0  -19.473  -59.952   5256.3    522.2
     1     1     7     7    31     7     0     1  -119.0  -19.359  -60.158   5267.8    520.5
     1     1     7     7    31     6     0     0  -120.0  -19.245  -60.356   5274.0    519.2
