     7     1
    GDAS     7     7    22     0     0
    GDAS     7     8     8     0     0
    GDAS     7     8    15     0     0
    GDAS     7     8    22     0     0
    GDAS     7     8    29     0     0
    GDAS     7     8     1     0     0
    GDAS     7     7    29     0     0
     1 BACKWARD OMEGA   
     7     8    27    12  -23.561  -46.740  4000.0
     1 PRESSURE
     1     1     7     8    27    12     0     0     0.0  -23.561  -46.740   4000.0    584.9
     1     1     7     8    27    11     0     1    -1.0  -23.414  -47.304   4000.7    581.7
     1     1     7     8    27    10     0     2    -2.0  -23.316  -47.875   4001.3    586.4
     1     1     7     8    27     9     0     3    -3.0  -23.261  -48.466   3983.8    583.1
     1     1     7     8    27     8     0     2    -4.0  -23.205  -49.078   3952.2    576.1
     1     1     7     8    27     7     0     1    -5.0  -23.119  -49.709   3914.0    588.9
     1     1     7     8    27     6     0     0    -6.0  -23.007  -50.361   3831.7    603.4
     1     1     7     8    27     5     0     1    -7.0  -22.859  -51.012   3732.8    615.0
     1     1     7     8    27     4     0     2    -8.0  -22.672  -51.636   3665.7    626.8
     1     1     7     8    27     3     0     3    -9.0  -22.454  -52.241   3606.6    635.7
     1     1     7     8    27     2     0     2   -10.0  -22.201  -52.829   3537.0    640.7
     1     1     7     8    27     1     0     1   -11.0  -21.915  -53.398   3492.0    647.4
     1     1     7     8    27     0     0     0   -12.0  -21.595  -53.951   3480.9    647.2
     1     1     7     8    26    23     0     1   -13.0  -21.241  -54.495   3466.5    638.7
     1     1     7     8    26    22     0     2   -14.0  -20.847  -55.031   3447.1    641.3
     1     1     7     8    26    21     0     3   -15.0  -20.423  -55.534   3448.7    650.2
     1     1     7     8    26    20     0     2   -16.0  -19.971  -56.007   3465.4    659.7
     1     1     7     8    26    19     0     1   -17.0  -19.500  -56.449   3458.1    661.8
     1     1     7     8    26    18     0     0   -18.0  -19.013  -56.842   3430.4    665.1
     1     1     7     8    26    17     0     1   -19.0  -18.517  -57.189   3389.1    668.1
     1     1     7     8    26    16     0     2   -20.0  -18.029  -57.490   3356.1    668.1
     1     1     7     8    26    15     0     3   -21.0  -17.553  -57.734   3329.4    669.5
     1     1     7     8    26    14     0     2   -22.0  -17.105  -57.932   3285.3    675.2
     1     1     7     8    26    13     0     1   -23.0  -16.706  -58.109   3221.3    680.0
     1     1     7     8    26    12     0     0   -24.0  -16.363  -58.271   3153.8    683.8
     1     1     7     8    26    11     0     1   -25.0  -16.084  -58.406   3092.2    684.9
     1     1     7     8    26    10     0     2   -26.0  -15.854  -58.513   3031.6    685.8
     1     1     7     8    26     9     0     3   -27.0  -15.652  -58.598   2978.7    686.4
     1     1     7     8    26     8     0     2   -28.0  -15.460  -58.660   2933.8    686.5
     1     1     7     8    26     7     0     1   -29.0  -15.264  -58.696   2894.5    686.5
     1     1     7     8    26     6     0     0   -30.0  -15.063  -58.703   2860.9    686.1
     1     1     7     8    26     5     0     1   -31.0  -14.859  -58.688   2839.8    686.2
     1     1     7     8    26     4     0     2   -32.0  -14.660  -58.664   2837.9    684.2
     1     1     7     8    26     3     0     3   -33.0  -14.468  -58.636   2858.7    680.6
     1     1     7     8    26     2     0     2   -34.0  -14.289  -58.615   2893.7    674.2
     1     1     7     8    26     1     0     1   -35.0  -14.128  -58.604   2934.2    668.6
     1     1     7     8    26     0     0     0   -36.0  -13.985  -58.605   2983.5    662.9
     1     1     7     8    25    23     0     1   -37.0  -13.854  -58.620   3045.4    659.5
     1     1     7     8    25    22     0     2   -38.0  -13.723  -58.655   3116.4    655.7
     1     1     7     8    25    21     0     3   -39.0  -13.592  -58.705   3201.4    650.6
     1     1     7     8    25    20     0     2   -40.0  -13.458  -58.765   3294.7    644.7
     1     1     7     8    25    19     0     1   -41.0  -13.325  -58.828   3386.4    639.4
     1     1     7     8    25    18     0     0   -42.0  -13.191  -58.892   3473.7    634.5
     1     1     7     8    25    17     0     1   -43.0  -13.058  -58.961   3550.3    630.0
     1     1     7     8    25    16     0     2   -44.0  -12.927  -59.039   3604.9    626.6
     1     1     7     8    25    15     0     3   -45.0  -12.799  -59.120   3631.4    625.3
     1     1     7     8    25    14     0     2   -46.0  -12.685  -59.190   3641.2    625.7
     1     1     7     8    25    13     0     1   -47.0  -12.595  -59.241   3645.7    625.5
     1     1     7     8    25    12     0     0   -48.0  -12.526  -59.274   3643.7    625.8
     1     1     7     8    25    11     0     1   -49.0  -12.473  -59.307   3637.5    626.3
     1     1     7     8    25    10     0     2   -50.0  -12.427  -59.354   3629.4    626.8
     1     1     7     8    25     9     0     3   -51.0  -12.392  -59.415   3621.8    627.2
     1     1     7     8    25     8     0     2   -52.0  -12.361  -59.483   3624.0    627.7
     1     1     7     8    25     7     0     1   -53.0  -12.330  -59.551   3644.3    626.2
     1     1     7     8    25     6     0     0   -54.0  -12.301  -59.618   3682.7    623.2
     1     1     7     8    25     5     0     1   -55.0  -12.275  -59.681   3725.5    619.2
     1     1     7     8    25     4     0     2   -56.0  -12.251  -59.737   3761.2    616.9
     1     1     7     8    25     3     0     3   -57.0  -12.226  -59.787   3791.5    615.0
     1     1     7     8    25     2     0     2   -58.0  -12.200  -59.835   3813.9    612.8
     1     1     7     8    25     1     0     1   -59.0  -12.175  -59.885   3825.3    611.8
     1     1     7     8    25     0     0     0   -60.0  -12.146  -59.939   3826.7    611.5
     1     1     7     8    24    23     0     1   -61.0  -12.114  -59.993   3829.0    611.9
     1     1     7     8    24    22     0     2   -62.0  -12.078  -60.044   3843.2    611.1
     1     1     7     8    24    21     0     3   -63.0  -12.037  -60.091   3867.6    609.6
     1     1     7     8    24    20     0     2   -64.0  -11.996  -60.135   3889.0    608.1
     1     1     7     8    24    19     0     1   -65.0  -11.957  -60.179   3896.0    608.8
     1     1     7     8    24    18     0     0   -66.0  -11.917  -60.223   3888.5    610.5
     1     1     7     8    24    17     0     1   -67.0  -11.874  -60.263   3873.4    613.1
     1     1     7     8    24    16     0     2   -68.0  -11.828  -60.291   3856.0    615.2
     1     1     7     8    24    15     0     3   -69.0  -11.777  -60.307   3835.1    617.5
     1     1     7     8    24    14     0     2   -70.0  -11.727  -60.314   3829.2    619.7
     1     1     7     8    24    13     0     1   -71.0  -11.686  -60.311   3855.0    617.8
     1     1     7     8    24    12     0     0   -72.0  -11.659  -60.301   3910.4    613.5
     1     1     7     8    24    11     0     1   -73.0  -11.653  -60.283   3972.2    606.8
     1     1     7     8    24    10     0     2   -74.0  -11.671  -60.260   4020.4    602.6
     1     1     7     8    24     9     0     3   -75.0  -11.715  -60.231   4055.6    599.2
     1     1     7     8    24     8     0     2   -76.0  -11.774  -60.200   4077.9    596.8
     1     1     7     8    24     7     0     1   -77.0  -11.838  -60.168   4087.0    595.4
     1     1     7     8    24     6     0     0   -78.0  -11.901  -60.136   4082.2    594.9
     1     1     7     8    24     5     0     1   -79.0  -11.961  -60.101   4072.4    595.7
     1     1     7     8    24     4     0     2   -80.0  -12.016  -60.063   4066.6    595.6
     1     1     7     8    24     3     0     3   -81.0  -12.065  -60.023   4065.5    595.4
     1     1     7     8    24     2     0     2   -82.0  -12.115  -59.984   4067.9    594.6
     1     1     7     8    24     1     0     1   -83.0  -12.169  -59.953   4073.2    593.9
     1     1     7     8    24     0     0     0   -84.0  -12.227  -59.930   4082.0    593.0
     1     1     7     8    23    23     0     1   -85.0  -12.279  -59.900   4101.8    591.7
     1     1     7     8    23    22     0     2   -86.0  -12.318  -59.845   4138.8    588.9
     1     1     7     8    23    21     0     3   -87.0  -12.342  -59.763   4192.4    584.9
     1     1     7     8    23    20     0     2   -88.0  -12.367  -59.662   4248.1    580.2
     1     1     7     8    23    19     0     1   -89.0  -12.404  -59.558   4291.2    577.4
     1     1     7     8    23    18     0     0   -90.0  -12.454  -59.452   4320.1    575.5
     1     1     7     8    23    17     0     1   -91.0  -12.510  -59.344   4344.7    574.7
     1     1     7     8    23    16     0     2   -92.0  -12.568  -59.235   4375.2    572.7
     1     1     7     8    23    15     0     3   -93.0  -12.631  -59.125   4410.7    570.3
     1     1     7     8    23    14     0     2   -94.0  -12.694  -59.018   4447.2    567.2
     1     1     7     8    23    13     0     1   -95.0  -12.748  -58.917   4481.7    564.7
     1     1     7     8    23    12     0     0   -96.0  -12.794  -58.822   4515.5    562.2
     1     1     7     8    23    11     0     1   -97.0  -12.828  -58.734   4546.6    559.7
     1     1     7     8    23    10     0     2   -98.0  -12.846  -58.654   4572.8    557.7
     1     1     7     8    23     9     0     3   -99.0  -12.846  -58.580   4594.9    556.0
     1     1     7     8    23     8     0     2  -100.0  -12.834  -58.504   4613.0    555.2
     1     1     7     8    23     7     0     1  -101.0  -12.816  -58.420   4627.0    554.7
     1     1     7     8    23     6     0     0  -102.0  -12.792  -58.326   4636.7    554.6
     1     1     7     8    23     5     0     1  -103.0  -12.765  -58.221   4645.1    555.1
     1     1     7     8    23     4     0     2  -104.0  -12.740  -58.100   4654.8    555.2
     1     1     7     8    23     3     0     3  -105.0  -12.717  -57.965   4665.0    555.3
     1     1     7     8    23     2     0     2  -106.0  -12.699  -57.820   4675.8    554.7
     1     1     7     8    23     1     0     1  -107.0  -12.689  -57.676   4688.5    553.9
     1     1     7     8    23     0     0     0  -108.0  -12.690  -57.530   4702.3    552.9
     1     1     7     8    22    23     0     1  -109.0  -12.703  -57.384   4727.8    551.7
     1     1     7     8    22    22     0     2  -110.0  -12.727  -57.240   4776.0    548.2
     1     1     7     8    22    21     0     3  -111.0  -12.761  -57.099   4847.0    543.1
     1     1     7     8    22    20     0     2  -112.0  -12.808  -56.967   4916.6    537.2
     1     1     7     8    22    19     0     1  -113.0  -12.866  -56.848   4962.4    534.4
     1     1     7     8    22    18     0     0  -114.0  -12.937  -56.744   4986.2    533.1
     1     1     7     8    22    17     0     1  -115.0  -13.012  -56.655   4999.4    533.1
     1     1     7     8    22    16     0     2  -116.0  -13.089  -56.580   5013.6    532.0
     1     1     7     8    22    15     0     3  -117.0  -13.166  -56.522   5031.0    530.6
     1     1     7     8    22    14     0     2  -118.0  -13.241  -56.476   5047.9    528.6
     1     1     7     8    22    13     0     1  -119.0  -13.308  -56.441   5059.7    527.3
     1     1     7     8    22    12     0     0  -120.0  -13.366  -56.414   5066.6    526.4
