     7     1
    GDAS     7     7    22     0     0
    GDAS     7     8     8     0     0
    GDAS     7     8    15     0     0
    GDAS     7     8    22     0     0
    GDAS     7     8    29     0     0
    GDAS     7     8     1     0     0
    GDAS     7     7    29     0     0
     1 BACKWARD OMEGA   
     7     8    15     6  -23.561  -46.740  4000.0
     1 PRESSURE
     1     1     7     8    15     6     0     0     0.0  -23.561  -46.740   4000.0    588.8
     1     1     7     8    15     5     0     1    -1.0  -23.429  -46.473   4085.4    580.1
     1     1     7     8    15     4     0     2    -2.0  -23.307  -46.183   4153.3    569.3
     1     1     7     8    15     3     0     3    -3.0  -23.200  -45.875   4203.0    559.6
     1     1     7     8    15     2     0     2    -4.0  -23.113  -45.555   4258.4    555.4
     1     1     7     8    15     1     0     1    -5.0  -23.044  -45.222   4330.6    550.6
     1     1     7     8    15     0     0     0    -6.0  -22.988  -44.875   4429.0    548.4
     1     1     7     8    14    23     0     1    -7.0  -22.943  -44.530   4534.0    550.6
     1     1     7     8    14    22     0     2    -8.0  -22.923  -44.201   4606.7    556.7
     1     1     7     8    14    21     0     3    -9.0  -22.937  -43.885   4651.8    563.5
     1     1     7     8    14    20     0     2   -10.0  -22.977  -43.589   4669.0    569.7
     1     1     7     8    14    19     0     1   -11.0  -23.032  -43.314   4665.6    576.6
     1     1     7     8    14    18     0     0   -12.0  -23.102  -43.061   4645.4    583.1
     1     1     7     8    14    17     0     1   -13.0  -23.182  -42.818   4623.9    587.9
     1     1     7     8    14    16     0     2   -14.0  -23.264  -42.578   4622.2    589.0
     1     1     7     8    14    15     0     3   -15.0  -23.349  -42.338   4643.1    588.4
     1     1     7     8    14    14     0     2   -16.0  -23.445  -42.098   4669.2    585.6
     1     1     7     8    14    13     0     1   -17.0  -23.556  -41.858   4676.1    584.5
     1     1     7     8    14    12     0     0   -18.0  -23.680  -41.622   4660.4    585.0
     1     1     7     8    14    11     0     1   -19.0  -23.818  -41.394   4644.8    587.0
     1     1     7     8    14    10     0     2   -20.0  -23.974  -41.179   4652.7    585.9
     1     1     7     8    14     9     0     3   -21.0  -24.152  -40.972   4682.8    583.3
     1     1     7     8    14     8     0     2   -22.0  -24.345  -40.774   4731.1    579.3
     1     1     7     8    14     7     0     1   -23.0  -24.545  -40.590   4792.9    574.3
     1     1     7     8    14     6     0     0   -24.0  -24.756  -40.421   4863.6    568.5
     1     1     7     8    14     5     0     1   -25.0  -24.981  -40.270   4931.6    562.8
     1     1     7     8    14     4     0     2   -26.0  -25.218  -40.138   4993.1    559.1
     1     1     7     8    14     3     0     3   -27.0  -25.463  -40.023   5056.8    555.4
     1     1     7     8    14     2     0     2   -28.0  -25.715  -39.932   5125.3    550.8
     1     1     7     8    14     1     0     1   -29.0  -25.977  -39.871   5193.4    546.1
     1     1     7     8    14     0     0     0   -30.0  -26.249  -39.837   5254.3    541.4
     1     1     7     8    13    23     0     1   -31.0  -26.527  -39.818   5317.3    537.1
     1     1     7     8    13    22     0     2   -32.0  -26.809  -39.808   5392.1    531.4
     1     1     7     8    13    21     0     3   -33.0  -27.094  -39.809   5477.6    525.1
     1     1     7     8    13    20     0     2   -34.0  -27.386  -39.825   5561.7    518.8
     1     1     7     8    13    19     0     1   -35.0  -27.686  -39.855   5630.9    514.3
     1     1     7     8    13    18     0     0   -36.0  -27.994  -39.904   5684.2    511.0
     1     1     7     8    13    17     0     1   -37.0  -28.310  -39.965   5750.3    508.8
     1     1     7     8    13    16     0     2   -38.0  -28.637  -40.036   5863.9    501.6
     1     1     7     8    13    15     0     3   -39.0  -28.987  -40.120   6029.9    491.1
     1     1     7     8    13    14     0     2   -40.0  -29.362  -40.230   6210.2    476.7
     1     1     7     8    13    13     0     1   -41.0  -29.753  -40.373   6359.7    467.1
     1     1     7     8    13    12     0     0   -42.0  -30.158  -40.539   6476.6    459.7
     1     1     7     8    13    11     0     1   -43.0  -30.566  -40.732   6565.3    454.0
     1     1     7     8    13    10     0     2   -44.0  -30.968  -40.954   6635.3    449.8
     1     1     7     8    13     9     0     3   -45.0  -31.364  -41.204   6694.8    446.0
     1     1     7     8    13     8     0     2   -46.0  -31.763  -41.491   6762.2    441.9
     1     1     7     8    13     7     0     1   -47.0  -32.175  -41.815   6845.4    436.1
     1     1     7     8    13     6     0     0   -48.0  -32.600  -42.164   6943.0    430.2
     1     1     7     8    13     5     0     1   -49.0  -33.033  -42.554   7053.6    423.8
     1     1     7     8    13     4     0     2   -50.0  -33.475  -43.000   7177.6    415.7
     1     1     7     8    13     3     0     3   -51.0  -33.941  -43.489   7318.6    408.1
     1     1     7     8    13     2     0     2   -52.0  -34.422  -44.028   7446.6    399.5
     1     1     7     8    13     1     0     1   -53.0  -34.899  -44.626   7559.8    393.7
     1     1     7     8    13     0     0     0   -54.0  -35.358  -45.290   7676.3    387.0
     1     1     7     8    12    23     0     1   -55.0  -35.790  -46.026   7775.8    379.8
     1     1     7     8    12    22     0     2   -56.0  -36.193  -46.838   7850.8    376.8
     1     1     7     8    12    21     0     3   -57.0  -36.561  -47.710   7871.3    374.9
     1     1     7     8    12    20     0     2   -58.0  -36.855  -48.630   7853.6    376.4
     1     1     7     8    12    19     0     1   -59.0  -37.062  -49.608   7830.8    377.6
     1     1     7     8    12    18     0     0   -60.0  -37.205  -50.629   7803.4    378.7
     1     1     7     8    12    17     0     1   -61.0  -37.291  -51.686   7755.9    381.1
     1     1     7     8    12    16     0     2   -62.0  -37.306  -52.772   7696.5    384.5
     1     1     7     8    12    15     0     3   -63.0  -37.254  -53.869   7637.1    387.7
     1     1     7     8    12    14     0     2   -64.0  -37.133  -54.939   7568.1    391.4
     1     1     7     8    12    13     0     1   -65.0  -36.945  -55.967   7477.7    396.1
     1     1     7     8    12    12     0     0   -66.0  -36.717  -56.952   7363.7    401.9
     1     1     7     8    12    11     0     1   -67.0  -36.469  -57.897   7244.1    408.2
     1     1     7     8    12    10     0     2   -68.0  -36.176  -58.824   7111.3    415.5
     1     1     7     8    12     9     0     3   -69.0  -35.826  -59.748   6960.2    421.6
     1     1     7     8    12     8     0     2   -70.0  -35.442  -60.677   6835.4    429.0
     1     1     7     8    12     7     0     1   -71.0  -35.024  -61.601   6700.1    435.2
     1     1     7     8    12     6     0     0   -72.0  -34.569  -62.518   6565.9    442.6
     1     1     7     8    12     5     0     1   -73.0  -34.109  -63.423   6456.5    446.8
     1     1     7     8    12     4     0     2   -74.0  -33.659  -64.278   6294.2    448.0
     1     1     7     8    12     3     0     3   -75.0  -33.230  -65.128   6016.0    435.2
     1     1     7     8    12     2     0     2   -76.0  -32.800  -66.050   5948.0    436.5
     1     1     7     8    12     1     0     1   -77.0  -32.338  -66.974   6093.5    446.4
     1     1     7     8    12     0     0     0   -78.0  -31.853  -67.918   6144.4    440.7
     1     1     7     8    11    23     0     1   -79.0  -31.309  -69.070   5858.3    381.2
     1     1     7     8    11    22     0     2   -80.0  -30.610  -70.596   5850.5    362.1
     1     1     7     8    11    21     0     3   -81.0  -29.871  -71.732   6272.8    451.8
     1     1     7     8    11    20     0     2   -82.0  -29.211  -72.603   6104.6    478.9
     1     1     7     8    11    19     0     1   -83.0  -28.577  -73.409   5922.2    490.2
     1     1     7     8    11    18     0     0   -84.0  -27.948  -74.211   5745.8    500.4
     1     1     7     8    11    17     0     1   -85.0  -27.348  -74.990   5579.3    512.1
     1     1     7     8    11    16     0     2   -86.0  -26.760  -75.720   5462.3    520.8
     1     1     7     8    11    15     0     3   -87.0  -26.182  -76.421   5393.5    525.8
     1     1     7     8    11    14     0     2   -88.0  -25.621  -77.106   5329.9    527.9
     1     1     7     8    11    13     0     1   -89.0  -25.095  -77.756   5263.4    533.8
     1     1     7     8    11    12     0     0   -90.0  -24.599  -78.368   5193.9    538.4
     1     1     7     8    11    11     0     1   -91.0  -24.140  -78.959   5138.8    543.4
     1     1     7     8    11    10     0     2   -92.0  -23.720  -79.537   5097.7    545.9
     1     1     7     8    11     9     0     3   -93.0  -23.328  -80.096   5063.9    547.5
     1     1     7     8    11     8     0     2   -94.0  -22.961  -80.630   5041.1    551.6
     1     1     7     8    11     7     0     1   -95.0  -22.614  -81.132   5006.0    554.4
     1     1     7     8    11     6     0     0   -96.0  -22.281  -81.600   4955.2    556.9
     1     1     7     8    11     5     0     1   -97.0  -21.956  -82.036   4909.1    561.2
     1     1     7     8    11     4     0     2   -98.0  -21.642  -82.446   4875.5    563.5
     1     1     7     8    11     3     0     3   -99.0  -21.338  -82.826   4845.4    564.6
     1     1     7     8    11     2     0     2  -100.0  -21.047  -83.181   4818.6    566.6
     1     1     7     8    11     1     0     1  -101.0  -20.778  -83.522   4806.0    568.1
     1     1     7     8    11     0     0     0  -102.0  -20.527  -83.848   4803.7    568.3
     1     1     7     8    10    23     0     1  -103.0  -20.291  -84.159   4809.3    568.3
     1     1     7     8    10    22     0     2  -104.0  -20.069  -84.454   4829.3    566.7
     1     1     7     8    10    21     0     3  -105.0  -19.857  -84.731   4870.5    563.9
     1     1     7     8    10    20     0     2  -106.0  -19.653  -84.994   4915.6    559.6
     1     1     7     8    10    19     0     1  -107.0  -19.458  -85.247   4943.9    558.3
     1     1     7     8    10    18     0     0  -108.0  -19.276  -85.488   4952.5    558.4
     1     1     7     8    10    17     0     1  -109.0  -19.107  -85.716   4951.1    559.5
     1     1     7     8    10    16     0     2  -110.0  -18.951  -85.933   4948.0    559.9
     1     1     7     8    10    15     0     3  -111.0  -18.809  -86.140   4941.9    560.2
     1     1     7     8    10    14     0     2  -112.0  -18.676  -86.339   4938.0    560.6
     1     1     7     8    10    13     0     1  -113.0  -18.547  -86.536   4942.8    560.1
     1     1     7     8    10    12     0     0  -114.0  -18.422  -86.732   4959.0    559.0
     1     1     7     8    10    11     0     1  -115.0  -18.298  -86.921   4989.7    557.0
     1     1     7     8    10    10     0     2  -116.0  -18.167  -87.101   5036.7    553.7
     1     1     7     8    10     9     0     3  -117.0  -18.029  -87.278   5101.2    549.0
     1     1     7     8    10     8     0     2  -118.0  -17.886  -87.452   5158.7    543.2
     1     1     7     8    10     7     0     1  -119.0  -17.746  -87.618   5183.7    541.7
     1     1     7     8    10     6     0     0  -120.0  -17.611  -87.774   5176.7    542.5
