     7     1
    GDAS     7     7    22     0     0
    GDAS     7     8     8     0     0
    GDAS     7     8    15     0     0
    GDAS     7     8    22     0     0
    GDAS     7     8    29     0     0
    GDAS     7     8     1     0     0
    GDAS     7     7    29     0     0
     1 BACKWARD OMEGA   
     7     8    21     0  -23.561  -46.740  4000.0
     1 PRESSURE
     1     1     7     8    21     0     0     0     0.0  -23.561  -46.740   4000.0    585.5
     1     1     7     8    20    23     0     1    -1.0  -23.757  -47.124   4002.5    583.5
     1     1     7     8    20    22     0     2    -2.0  -23.978  -47.537   3992.2    584.1
     1     1     7     8    20    21     0     3    -3.0  -24.224  -47.979   4001.8    588.3
     1     1     7     8    20    20     0     2    -4.0  -24.488  -48.459   4019.7    587.8
     1     1     7     8    20    19     0     1    -5.0  -24.780  -48.992   4046.4    578.4
     1     1     7     8    20    18     0     0    -6.0  -25.109  -49.594   4097.4    563.6
     1     1     7     8    20    17     0     1    -7.0  -25.454  -50.256   4160.3    550.3
     1     1     7     8    20    16     0     2    -8.0  -25.799  -50.969   4224.0    549.3
     1     1     7     8    20    15     0     3    -9.0  -26.163  -51.736   4249.1    546.6
     1     1     7     8    20    14     0     2   -10.0  -26.545  -52.541   4323.6    556.9
     1     1     7     8    20    13     0     1   -11.0  -26.940  -53.360   4390.6    569.5
     1     1     7     8    20    12     0     0   -12.0  -27.366  -54.218   4392.9    571.9
     1     1     7     8    20    11     0     1   -13.0  -27.829  -55.074   4437.5    579.6
     1     1     7     8    20    10     0     2   -14.0  -28.335  -55.922   4537.3    578.6
     1     1     7     8    20     9     0     3   -15.0  -28.899  -56.785   4681.5    567.0
     1     1     7     8    20     8     0     2   -16.0  -29.502  -57.686   4839.6    557.6
     1     1     7     8    20     7     0     1   -17.0  -30.121  -58.612   4984.0    547.3
     1     1     7     8    20     6     0     0   -18.0  -30.750  -59.559   5131.1    536.9
     1     1     7     8    20     5     0     1   -19.0  -31.355  -60.505   5289.0    526.7
     1     1     7     8    20     4     0     2   -20.0  -31.899  -61.414   5476.3    512.6
     1     1     7     8    20     3     0     3   -21.0  -32.391  -62.297   5708.1    494.3
     1     1     7     8    20     2     0     2   -22.0  -32.858  -63.157   5976.9    472.1
     1     1     7     8    20     1     0     1   -23.0  -33.315  -64.025   6233.7    450.2
     1     1     7     8    20     0     0     0   -24.0  -33.808  -64.897   6372.9    429.4
     1     1     7     8    19    23     0     1   -25.0  -34.339  -65.778   6500.2    422.6
     1     1     7     8    19    22     0     2   -26.0  -34.881  -66.680   6655.6    417.6
     1     1     7     8    19    21     0     3   -27.0  -35.418  -67.617   6716.1    398.3
     1     1     7     8    19    20     0     2   -28.0  -35.949  -68.736   6574.2    359.4
     1     1     7     8    19    19     0     1   -29.0  -36.440  -70.044   6514.2    339.5
     1     1     7     8    19    18     0     0   -30.0  -36.853  -71.364   6778.9    359.2
     1     1     7     8    19    17     0     1   -31.0  -37.175  -72.526   7165.5    390.8
     1     1     7     8    19    16     0     2   -32.0  -37.443  -73.631   7318.6    394.6
     1     1     7     8    19    15     0     3   -33.0  -37.711  -74.771   7448.2    392.7
     1     1     7     8    19    14     0     2   -34.0  -37.950  -75.988   7525.2    385.9
     1     1     7     8    19    13     0     1   -35.0  -38.122  -77.301   7558.8    384.4
     1     1     7     8    19    12     0     0   -36.0  -38.240  -78.714   7546.3    385.1
     1     1     7     8    19    11     0     1   -37.0  -38.295  -80.196   7549.6    384.7
     1     1     7     8    19    10     0     2   -38.0  -38.279  -81.742   7569.0    383.2
     1     1     7     8    19     9     0     3   -39.0  -38.185  -83.330   7524.5    385.9
     1     1     7     8    19     8     0     2   -40.0  -38.025  -84.887   7411.9    393.2
     1     1     7     8    19     7     0     1   -41.0  -37.835  -86.423   7374.4    395.5
     1     1     7     8    19     6     0     0   -42.0  -37.633  -87.987   7454.9    390.7
     1     1     7     8    19     5     0     1   -43.0  -37.428  -89.558   7565.3    384.9
     1     1     7     8    19     4     0     2   -44.0  -37.230  -91.130   7622.2    382.3
     1     1     7     8    19     3     0     3   -45.0  -37.024  -92.692   7638.1    382.1
     1     1     7     8    19     2     0     2   -46.0  -36.808  -94.216   7648.8    381.5
     1     1     7     8    19     1     0     1   -47.0  -36.598  -95.709   7614.9    383.4
     1     1     7     8    19     0     0     0   -48.0  -36.389  -97.168   7495.7    389.6
     1     1     7     8    18    23     0     1   -49.0  -36.192  -98.593   7332.4    399.5
     1     1     7     8    18    22     0     2   -50.0  -35.999 -100.009   7157.1    409.9
     1     1     7     8    18    21     0     3   -51.0  -35.789 -101.414   6967.1    420.5
     1     1     7     8    18    20     0     2   -52.0  -35.592 -102.810   6813.2    429.9
     1     1     7     8    18    19     0     1   -53.0  -35.430 -104.209   6707.4    437.4
     1     1     7     8    18    18     0     0   -54.0  -35.312 -105.599   6635.9    441.7
     1     1     7     8    18    17     0     1   -55.0  -35.236 -107.007   6599.5    443.2
     1     1     7     8    18    16     0     2   -56.0  -35.194 -108.478   6613.3    442.8
     1     1     7     8    18    15     0     3   -57.0  -35.175 -110.023   6644.9    441.1
     1     1     7     8    18    14     0     2   -58.0  -35.145 -111.625   6670.9    439.1
     1     1     7     8    18    13     0     1   -59.0  -35.078 -113.243   6712.8    436.2
     1     1     7     8    18    12     0     0   -60.0  -34.972 -114.864   6779.4    433.3
     1     1     7     8    18    11     0     1   -61.0  -34.826 -116.490   6819.9    431.1
     1     1     7     8    18    10     0     2   -62.0  -34.657 -118.098   6823.1    431.4
     1     1     7     8    18     9     0     3   -63.0  -34.465 -119.651   6821.3    432.1
     1     1     7     8    18     8     0     2   -64.0  -34.255 -121.149   6826.8    432.2
     1     1     7     8    18     7     0     1   -65.0  -34.036 -122.597   6834.6    432.2
     1     1     7     8    18     6     0     0   -66.0  -33.792 -123.963   6836.9    432.3
     1     1     7     8    18     5     0     1   -67.0  -33.533 -125.261   6823.5    433.1
     1     1     7     8    18     4     0     2   -68.0  -33.275 -126.505   6800.7    434.7
     1     1     7     8    18     3     0     3   -69.0  -33.018 -127.673   6781.7    435.8
     1     1     7     8    18     2     0     2   -70.0  -32.747 -128.783   6767.4    436.4
     1     1     7     8    18     1     0     1   -71.0  -32.466 -129.858   6713.8    439.5
     1     1     7     8    18     0     0     0   -72.0  -32.184 -130.894   6612.3    446.0
     1     1     7     8    17    23     0     1   -73.0  -31.881 -131.890   6493.9    453.6
     1     1     7     8    17    22     0     2   -74.0  -31.543 -132.852   6351.3    462.7
     1     1     7     8    17    21     0     3   -75.0  -31.171 -133.793   6209.0    472.8
     1     1     7     8    17    20     0     2   -76.0  -30.800 -134.688   6101.6    479.3
     1     1     7     8    17    19     0     1   -77.0  -30.427 -135.505   5970.8    487.4
     1     1     7     8    17    18     0     0   -78.0  -30.013 -136.250   5792.5    499.7
     1     1     7     8    17    17     0     1   -79.0  -29.576 -136.925   5617.4    511.4
     1     1     7     8    17    16     0     2   -80.0  -29.119 -137.492   5465.9    522.5
     1     1     7     8    17    15     0     3   -81.0  -28.641 -137.956   5363.9    530.8
     1     1     7     8    17    14     0     2   -82.0  -28.167 -138.315   5305.6    533.2
     1     1     7     8    17    13     0     1   -83.0  -27.719 -138.577   5241.3    536.1
     1     1     7     8    17    12     0     0   -84.0  -27.292 -138.775   5145.7    543.0
     1     1     7     8    17    11     0     1   -85.0  -26.905 -138.919   5037.7    552.5
     1     1     7     8    17    10     0     2   -86.0  -26.572 -139.029   4959.0    560.0
     1     1     7     8    17     9     0     3   -87.0  -26.285 -139.130   4938.9    562.7
     1     1     7     8    17     8     0     2   -88.0  -26.032 -139.242   4945.0    559.2
     1     1     7     8    17     7     0     1   -89.0  -25.811 -139.376   4932.4    560.1
     1     1     7     8    17     6     0     0   -90.0  -25.613 -139.529   4908.8    562.3
     1     1     7     8    17     5     0     1   -91.0  -25.438 -139.715   4878.0    564.2
     1     1     7     8    17     4     0     2   -92.0  -25.283 -139.936   4836.1    567.1
     1     1     7     8    17     3     0     3   -93.0  -25.138 -140.167   4783.3    570.9
     1     1     7     8    17     2     0     2   -94.0  -24.997 -140.402   4746.1    575.4
     1     1     7     8    17     1     0     1   -95.0  -24.863 -140.657   4746.7    575.0
     1     1     7     8    17     0     0     0   -96.0  -24.742 -140.933   4779.0    572.4
     1     1     7     8    16    23     0     1   -97.0  -24.621 -141.228   4820.7    568.2
     1     1     7     8    16    22     0     2   -98.0  -24.489 -141.539   4852.7    566.4
     1     1     7     8    16    21     0     3   -99.0  -24.357 -141.862   4878.6    565.0
     1     1     7     8    16    20     0     2  -100.0  -24.229 -142.179   4887.1    563.5
     1     1     7     8    16    19     0     1  -101.0  -24.104 -142.476   4866.4    564.9
     1     1     7     8    16    18     0     0  -102.0  -23.988 -142.748   4822.0    568.4
     1     1     7     8    16    17     0     1  -103.0  -23.877 -143.011   4773.9    572.8
     1     1     7     8    16    16     0     2  -104.0  -23.762 -143.285   4738.9    575.3
     1     1     7     8    16    15     0     3  -105.0  -23.643 -143.572   4715.0    576.6
     1     1     7     8    16    14     0     2  -106.0  -23.522 -143.859   4704.1    577.8
     1     1     7     8    16    13     0     1  -107.0  -23.401 -144.145   4712.1    577.4
     1     1     7     8    16    12     0     0  -108.0  -23.283 -144.431   4741.8    575.4
     1     1     7     8    16    11     0     1  -109.0  -23.172 -144.712   4786.6    571.7
     1     1     7     8    16    10     0     2  -110.0  -23.071 -144.983   4834.9    568.1
     1     1     7     8    16     9     0     3  -111.0  -22.984 -145.236   4880.5    564.9
     1     1     7     8    16     8     0     2  -112.0  -22.910 -145.488   4923.8    561.9
     1     1     7     8    16     7     0     1  -113.0  -22.848 -145.750   4966.3    558.6
     1     1     7     8    16     6     0     0  -114.0  -22.798 -146.018   5004.1    555.7
     1     1     7     8    16     5     0     1  -115.0  -22.749 -146.301   5030.0    553.5
     1     1     7     8    16     4     0     2  -116.0  -22.687 -146.607   5037.5    552.9
     1     1     7     8    16     3     0     3  -117.0  -22.611 -146.927   5024.6    553.8
     1     1     7     8    16     2     0     2  -118.0  -22.521 -147.253   4998.4    556.3
     1     1     7     8    16     1     0     1  -119.0  -22.422 -147.582   4971.9    558.6
     1     1     7     8    16     0     0     0  -120.0  -22.314 -147.907   4955.4    560.3
