     7     1
    GDAS     7     7    22     0     0
    GDAS     7     8     8     0     0
    GDAS     7     8    15     0     0
    GDAS     7     8    22     0     0
    GDAS     7     8    29     0     0
    GDAS     7     8     1     0     0
    GDAS     7     7    29     0     0
     1 BACKWARD OMEGA   
     7     8    18     0  -23.561  -46.740  4000.0
     1 PRESSURE
     1     1     7     8    18     0     0     0     0.0  -23.561  -46.740   4000.0    587.9
     1     1     7     8    17    23     0     1    -1.0  -23.315  -46.833   3949.8    584.9
     1     1     7     8    17    22     0     2    -2.0  -23.059  -46.910   3888.7    585.0
     1     1     7     8    17    21     0     3    -3.0  -22.782  -46.974   3824.2    588.3
     1     1     7     8    17    20     0     2    -4.0  -22.499  -47.011   3776.4    591.3
     1     1     7     8    17    19     0     1    -5.0  -22.230  -47.014   3755.8    590.2
     1     1     7     8    17    18     0     0    -6.0  -21.978  -46.994   3753.8    587.8
     1     1     7     8    17    17     0     1    -7.0  -21.749  -46.955   3759.7    587.1
     1     1     7     8    17    16     0     2    -8.0  -21.544  -46.898   3755.4    587.9
     1     1     7     8    17    15     0     3    -9.0  -21.359  -46.823   3741.7    589.4
     1     1     7     8    17    14     0     2   -10.0  -21.188  -46.728   3716.3    591.1
     1     1     7     8    17    13     0     1   -11.0  -21.031  -46.612   3677.7    594.2
     1     1     7     8    17    12     0     0   -12.0  -20.888  -46.473   3627.7    596.9
     1     1     7     8    17    11     0     1   -13.0  -20.754  -46.308   3580.1    599.1
     1     1     7     8    17    10     0     2   -14.0  -20.623  -46.115   3543.3    600.0
     1     1     7     8    17     9     0     3   -15.0  -20.500  -45.897   3518.3    601.1
     1     1     7     8    17     8     0     2   -16.0  -20.389  -45.654   3516.1    603.5
     1     1     7     8    17     7     0     1   -17.0  -20.294  -45.391   3539.6    604.1
     1     1     7     8    17     6     0     0   -18.0  -20.210  -45.116   3579.9    604.3
     1     1     7     8    17     5     0     1   -19.0  -20.141  -44.837   3618.9    600.8
     1     1     7     8    17     4     0     2   -20.0  -20.090  -44.560   3657.6    594.2
     1     1     7     8    17     3     0     3   -21.0  -20.045  -44.292   3711.9    586.3
     1     1     7     8    17     2     0     2   -22.0  -20.008  -44.031   3767.9    576.1
     1     1     7     8    17     1     0     1   -23.0  -19.989  -43.770   3820.4    577.0
     1     1     7     8    17     0     0     0   -24.0  -19.989  -43.506   3838.9    582.2
     1     1     7     8    16    23     0     1   -25.0  -20.006  -43.245   3831.9    590.1
     1     1     7     8    16    22     0     2   -26.0  -20.037  -42.997   3817.0    597.7
     1     1     7     8    16    21     0     3   -27.0  -20.080  -42.758   3792.8    599.9
     1     1     7     8    16    20     0     2   -28.0  -20.129  -42.526   3785.8    601.5
     1     1     7     8    16    19     0     1   -29.0  -20.177  -42.301   3803.4    601.0
     1     1     7     8    16    18     0     0   -30.0  -20.222  -42.081   3846.4    598.8
     1     1     7     8    16    17     0     1   -31.0  -20.254  -41.858   3899.5    595.6
     1     1     7     8    16    16     0     2   -32.0  -20.272  -41.618   3943.1    594.9
     1     1     7     8    16    15     0     3   -33.0  -20.280  -41.362   3972.2    595.5
     1     1     7     8    16    14     0     2   -34.0  -20.287  -41.088   3998.1    597.3
     1     1     7     8    16    13     0     1   -35.0  -20.296  -40.802   4042.2    601.7
     1     1     7     8    16    12     0     0   -36.0  -20.305  -40.512   4094.8    607.1
     1     1     7     8    16    11     0     1   -37.0  -20.315  -40.209   4153.1    612.5
     1     1     7     8    16    10     0     2   -38.0  -20.330  -39.883   4216.7    614.6
     1     1     7     8    16     9     0     3   -39.0  -20.356  -39.534   4285.0    611.0
     1     1     7     8    16     8     0     2   -40.0  -20.399  -39.163   4364.8    605.7
     1     1     7     8    16     7     0     1   -41.0  -20.461  -38.778   4440.2    600.0
     1     1     7     8    16     6     0     0   -42.0  -20.542  -38.381   4504.9    594.2
     1     1     7     8    16     5     0     1   -43.0  -20.651  -37.974   4558.5    590.2
     1     1     7     8    16     4     0     2   -44.0  -20.793  -37.559   4607.7    587.8
     1     1     7     8    16     3     0     3   -45.0  -20.964  -37.140   4656.5    585.6
     1     1     7     8    16     2     0     2   -46.0  -21.165  -36.726   4711.9    581.8
     1     1     7     8    16     1     0     1   -47.0  -21.400  -36.324   4780.9    576.3
     1     1     7     8    16     0     0     0   -48.0  -21.668  -35.931   4864.8    569.8
     1     1     7     8    15    23     0     1   -49.0  -21.980  -35.557   4953.5    562.9
     1     1     7     8    15    22     0     2   -50.0  -22.337  -35.213   5032.0    557.3
     1     1     7     8    15    21     0     3   -51.0  -22.730  -34.902   5098.2    551.9
     1     1     7     8    15    20     0     2   -52.0  -23.154  -34.636   5161.6    548.3
     1     1     7     8    15    19     0     1   -53.0  -23.603  -34.424   5230.4    544.2
     1     1     7     8    15    18     0     0   -54.0  -24.061  -34.264   5297.7    539.4
     1     1     7     8    15    17     0     1   -55.0  -24.540  -34.158   5349.3    535.1
     1     1     7     8    15    16     0     2   -56.0  -25.055  -34.108   5384.5    532.6
     1     1     7     8    15    15     0     3   -57.0  -25.592  -34.113   5415.4    531.7
     1     1     7     8    15    14     0     2   -58.0  -26.125  -34.172   5451.7    530.4
     1     1     7     8    15    13     0     1   -59.0  -26.645  -34.292   5506.0    526.7
     1     1     7     8    15    12     0     0   -60.0  -27.150  -34.477   5586.2    521.4
     1     1     7     8    15    11     0     1   -61.0  -27.627  -34.723   5671.5    513.9
     1     1     7     8    15    10     0     2   -62.0  -28.070  -35.020   5723.3    508.4
     1     1     7     8    15     9     0     3   -63.0  -28.474  -35.365   5721.8    508.3
     1     1     7     8    15     8     0     2   -64.0  -28.837  -35.745   5680.1    513.2
     1     1     7     8    15     7     0     1   -65.0  -29.160  -36.153   5638.8    516.8
     1     1     7     8    15     6     0     0   -66.0  -29.438  -36.581   5611.2    518.4
     1     1     7     8    15     5     0     1   -67.0  -29.665  -37.014   5594.9    519.6
     1     1     7     8    15     4     0     2   -68.0  -29.847  -37.434   5588.9    520.2
     1     1     7     8    15     3     0     3   -69.0  -29.994  -37.841   5597.0    520.1
     1     1     7     8    15     2     0     2   -70.0  -30.118  -38.242   5612.2    518.3
     1     1     7     8    15     1     0     1   -71.0  -30.224  -38.652   5624.9    517.5
     1     1     7     8    15     0     0     0   -72.0  -30.305  -39.073   5635.0    516.9
     1     1     7     8    14    23     0     1   -73.0  -30.364  -39.504   5658.7    515.9
     1     1     7     8    14    22     0     2   -74.0  -30.405  -39.950   5702.9    511.5
     1     1     7     8    14    21     0     3   -75.0  -30.421  -40.408   5749.2    507.7
     1     1     7     8    14    20     0     2   -76.0  -30.407  -40.866   5773.0    505.4
     1     1     7     8    14    19     0     1   -77.0  -30.361  -41.312   5770.9    506.4
     1     1     7     8    14    18     0     0   -78.0  -30.279  -41.744   5763.2    507.2
     1     1     7     8    14    17     0     1   -79.0  -30.177  -42.151   5755.5    507.8
     1     1     7     8    14    16     0     2   -80.0  -30.078  -42.527   5739.5    508.7
     1     1     7     8    14    15     0     3   -81.0  -29.984  -42.866   5696.2    511.1
     1     1     7     8    14    14     0     2   -82.0  -29.905  -43.176   5648.8    516.5
     1     1     7     8    14    13     0     1   -83.0  -29.854  -43.478   5630.2    517.4
     1     1     7     8    14    12     0     0   -84.0  -29.830  -43.786   5627.3    517.0
     1     1     7     8    14    11     0     1   -85.0  -29.819  -44.101   5632.1    516.5
     1     1     7     8    14    10     0     2   -86.0  -29.808  -44.432   5651.4    515.2
     1     1     7     8    14     9     0     3   -87.0  -29.799  -44.789   5686.1    512.7
     1     1     7     8    14     8     0     2   -88.0  -29.785  -45.171   5712.0    509.4
     1     1     7     8    14     7     0     1   -89.0  -29.749  -45.561   5711.8    509.4
     1     1     7     8    14     6     0     0   -90.0  -29.692  -45.952   5694.3    510.6
     1     1     7     8    14     5     0     1   -91.0  -29.621  -46.359   5659.4    512.7
     1     1     7     8    14     4     0     2   -92.0  -29.534  -46.792   5594.0    516.9
     1     1     7     8    14     3     0     3   -93.0  -29.424  -47.238   5485.3    523.7
     1     1     7     8    14     2     0     2   -94.0  -29.288  -47.675   5358.0    532.9
     1     1     7     8    14     1     0     1   -95.0  -29.128  -48.096   5247.2    539.9
     1     1     7     8    14     0     0     0   -96.0  -28.938  -48.498   5161.7    547.9
     1     1     7     8    13    23     0     1   -97.0  -28.702  -48.889   5058.4    547.7
     1     1     7     8    13    22     0     2   -98.0  -28.424  -49.298   4893.9    532.6
     1     1     7     8    13    21     0     3   -99.0  -28.114  -49.750   4724.0    511.1
     1     1     7     8    13    20     0     2  -100.0  -27.790  -50.218   4665.5    508.4
     1     1     7     8    13    19     0     1  -101.0  -27.469  -50.652   4656.3    516.8
     1     1     7     8    13    18     0     0  -102.0  -27.156  -51.055   4612.7    516.8
     1     1     7     8    13    17     0     1  -103.0  -26.845  -51.418   4612.1    523.8
     1     1     7     8    13    16     0     2  -104.0  -26.537  -51.726   4652.9    525.2
     1     1     7     8    13    15     0     3  -105.0  -26.233  -51.984   4720.4    521.0
     1     1     7     8    13    14     0     2  -106.0  -25.955  -52.210   4800.5    516.3
     1     1     7     8    13    13     0     1  -107.0  -25.720  -52.416   4852.8    517.1
     1     1     7     8    13    12     0     0  -108.0  -25.526  -52.604   4865.7    520.1
     1     1     7     8    13    11     0     1  -109.0  -25.366  -52.787   4849.0    524.9
     1     1     7     8    13    10     0     2  -110.0  -25.233  -52.981   4813.8    530.6
     1     1     7     8    13     9     0     3  -111.0  -25.115  -53.188   4761.4    536.4
     1     1     7     8    13     8     0     2  -112.0  -24.997  -53.393   4700.1    543.3
     1     1     7     8    13     7     0     1  -113.0  -24.867  -53.586   4648.6    551.1
     1     1     7     8    13     6     0     0  -114.0  -24.719  -53.767   4613.9    557.5
     1     1     7     8    13     5     0     1  -115.0  -24.547  -53.929   4590.1    562.3
     1     1     7     8    13     4     0     2  -116.0  -24.345  -54.066   4565.9    567.2
     1     1     7     8    13     3     0     3  -117.0  -24.113  -54.181   4535.5    571.5
     1     1     7     8    13     2     0     2  -118.0  -23.872  -54.271   4508.5    574.9
     1     1     7     8    13     1     0     1  -119.0  -23.650  -54.332   4503.9    574.7
     1     1     7     8    13     0     0     0  -120.0  -23.457  -54.367   4532.1    572.4
