     7     1
    GDAS     7     7    22     0     0
    GDAS     7     8     8     0     0
    GDAS     7     8    15     0     0
    GDAS     7     8    22     0     0
    GDAS     7     8    29     0     0
    GDAS     7     8     1     0     0
    GDAS     7     7    29     0     0
     1 BACKWARD OMEGA   
     7     8    10    18  -23.561  -46.740  4000.0
     1 PRESSURE
     1     1     7     8    10    18     0     0     0.0  -23.561  -46.740   4000.0    589.0
     1     1     7     8    10    17     0     1    -1.0  -23.331  -46.832   3989.9    584.0
     1     1     7     8    10    16     0     2    -2.0  -23.115  -46.886   3966.5    582.1
     1     1     7     8    10    15     0     3    -3.0  -22.906  -46.900   3922.5    582.9
     1     1     7     8    10    14     0     2    -4.0  -22.701  -46.891   3888.4    585.8
     1     1     7     8    10    13     0     1    -5.0  -22.503  -46.880   3892.8    583.5
     1     1     7     8    10    12     0     0    -6.0  -22.317  -46.870   3934.0    578.7
     1     1     7     8    10    11     0     1    -7.0  -22.152  -46.855   3978.6    571.3
     1     1     7     8    10    10     0     2    -8.0  -22.012  -46.829   3996.3    568.4
     1     1     7     8    10     9     0     3    -9.0  -21.895  -46.792   3991.9    568.3
     1     1     7     8    10     8     0     2   -10.0  -21.787  -46.746   3980.3    570.2
     1     1     7     8    10     7     0     1   -11.0  -21.680  -46.693   3979.1    570.3
     1     1     7     8    10     6     0     0   -12.0  -21.574  -46.632   3991.8    569.5
     1     1     7     8    10     5     0     1   -13.0  -21.475  -46.557   4012.8    567.7
     1     1     7     8    10     4     0     2   -14.0  -21.388  -46.462   4031.5    566.2
     1     1     7     8    10     3     0     3   -15.0  -21.311  -46.345   4042.1    565.2
     1     1     7     8    10     2     0     2   -16.0  -21.243  -46.213   4051.4    564.8
     1     1     7     8    10     1     0     1   -17.0  -21.184  -46.078   4071.0    563.1
     1     1     7     8    10     0     0     0   -18.0  -21.139  -45.944   4105.3    560.5
     1     1     7     8     9    23     0     1   -19.0  -21.107  -45.820   4145.5    556.7
     1     1     7     8     9    22     0     2   -20.0  -21.086  -45.716   4181.0    553.9
     1     1     7     8     9    21     0     3   -21.0  -21.075  -45.631   4212.1    551.4
     1     1     7     8     9    20     0     2   -22.0  -21.070  -45.564   4230.7    549.5
     1     1     7     8     9    19     0     1   -23.0  -21.066  -45.507   4228.0    549.7
     1     1     7     8     9    18     0     0   -24.0  -21.060  -45.458   4204.1    551.4
     1     1     7     8     9    17     0     1   -25.0  -21.052  -45.401   4188.5    554.8
     1     1     7     8     9    16     0     2   -26.0  -21.044  -45.335   4211.6    553.5
     1     1     7     8     9    15     0     3   -27.0  -21.040  -45.265   4274.7    549.4
     1     1     7     8     9    14     0     2   -28.0  -21.045  -45.205   4347.9    542.1
     1     1     7     8     9    13     0     1   -29.0  -21.059  -45.159   4399.0    538.3
     1     1     7     8     9    12     0     0   -30.0  -21.079  -45.125   4426.5    536.1
     1     1     7     8     9    11     0     1   -31.0  -21.096  -45.107   4445.0    535.2
     1     1     7     8     9    10     0     2   -32.0  -21.101  -45.111   4470.0    533.0
     1     1     7     8     9     9     0     3   -33.0  -21.095  -45.136   4501.9    530.6
     1     1     7     8     9     8     0     2   -34.0  -21.080  -45.174   4531.9    528.4
     1     1     7     8     9     7     0     1   -35.0  -21.062  -45.217   4550.3    527.4
     1     1     7     8     9     6     0     0   -36.0  -21.040  -45.263   4556.0    527.4
     1     1     7     8     9     5     0     1   -37.0  -21.012  -45.308   4557.5    528.6
     1     1     7     8     9     4     0     2   -38.0  -20.975  -45.352   4563.9    528.8
     1     1     7     8     9     3     0     3   -39.0  -20.929  -45.395   4576.9    528.5
     1     1     7     8     9     2     0     2   -40.0  -20.878  -45.448   4592.9    527.2
     1     1     7     8     9     1     0     1   -41.0  -20.827  -45.519   4608.2    526.4
     1     1     7     8     9     0     0     0   -42.0  -20.775  -45.608   4626.1    525.3
     1     1     7     8     8    23     0     1   -43.0  -20.718  -45.715   4640.7    523.3
     1     1     7     8     8    22     0     2   -44.0  -20.654  -45.837   4641.2    522.5
     1     1     7     8     8    21     0     3   -45.0  -20.581  -45.973   4622.2    522.6
     1     1     7     8     8    20     0     2   -46.0  -20.502  -46.115   4595.2    525.0
     1     1     7     8     8    19     0     1   -47.0  -20.422  -46.259   4572.6    526.6
     1     1     7     8     8    18     0     0   -48.0  -20.344  -46.407   4557.3    527.6
     1     1     7     8     8    17     0     1   -49.0  -20.271  -46.565   4554.1    527.9
     1     1     7     8     8    16     0     2   -50.0  -20.208  -46.738   4563.5    527.0
     1     1     7     8     8    15     0     3   -51.0  -20.158  -46.929   4580.4    525.6
     1     1     7     8     8    14     0     2   -52.0  -20.116  -47.132   4610.1    526.1
     1     1     7     8     8    13     0     1   -53.0  -20.076  -47.340   4652.1    527.3
     1     1     7     8     8    12     0     0   -54.0  -20.040  -47.554   4704.3    528.2
     1     1     7     8     8    11     0     1   -55.0  -19.997  -47.780   4751.8    528.2
     1     1     7     8     8    10     0     2   -56.0  -19.928  -48.018   4772.1    530.1
     1     1     7     8     8     9     0     3   -57.0  -19.830  -48.264   4760.6    531.5
     1     1     7     8     8     8     0     2   -58.0  -19.715  -48.516   4749.8    534.5
     1     1     7     8     8     7     0     1   -59.0  -19.590  -48.773   4763.3    534.7
     1     1     7     8     8     6     0     0   -60.0  -19.452  -49.035   4802.8    533.1
     1     1     7     8     8     5     0     1   -61.0  -19.296  -49.303   4844.6    529.3
     1     1     7     8     8     4     0     2   -62.0  -19.122  -49.569   4869.2    528.2
     1     1     7     8     8     3     0     3   -63.0  -18.932  -49.829   4876.3    529.0
     1     1     7     8     8     2     0     2   -64.0  -18.725  -50.080   4877.7    530.8
     1     1     7     8     8     1     0     1   -65.0  -18.502  -50.326   4882.8    529.7
     1     1     7     8     8     0     0     0   -66.0  -18.260  -50.568   4896.8    526.5
     1     1     7     8     7    23     0     1   -67.0  -17.997  -50.805   4912.9    521.1
     1     1     7     8     7    22     0     2   -68.0  -17.726  -51.029   4938.7    518.4
     1     1     7     8     7    21     0     3   -69.0  -17.460  -51.233   4967.6    515.9
     1     1     7     8     7    20     0     2   -70.0  -17.200  -51.419   4987.3    513.5
     1     1     7     8     7    19     0     1   -71.0  -16.947  -51.589   4990.5    513.4
     1     1     7     8     7    18     0     0   -72.0  -16.711  -51.745   4984.7    517.8
     1     1     7     8     7    17     0     1   -73.0  -16.487  -51.879   4977.8    524.1
     1     1     7     8     7    16     0     2   -74.0  -16.259  -51.979   4992.6    528.7
     1     1     7     8     7    15     0     3   -75.0  -16.014  -52.041   5036.6    531.6
     1     1     7     8     7    14     0     2   -76.0  -15.758  -52.069   5077.3    527.4
     1     1     7     8     7    13     0     1   -77.0  -15.513  -52.078   5108.9    525.2
     1     1     7     8     7    12     0     0   -78.0  -15.284  -52.071   5131.4    523.7
     1     1     7     8     7    11     0     1   -79.0  -15.065  -52.043   5142.2    522.8
     1     1     7     8     7    10     0     2   -80.0  -14.848  -51.984   5137.1    522.6
     1     1     7     8     7     9     0     3   -81.0  -14.630  -51.891   5117.9    523.4
     1     1     7     8     7     8     0     2   -82.0  -14.409  -51.771   5093.7    525.8
     1     1     7     8     7     7     0     1   -83.0  -14.182  -51.627   5071.8    528.4
     1     1     7     8     7     6     0     0   -84.0  -13.949  -51.463   5055.0    531.6
     1     1     7     8     7     5     0     1   -85.0  -13.712  -51.279   5043.4    535.4
     1     1     7     8     7     4     0     2   -86.0  -13.471  -51.077   5034.8    538.6
     1     1     7     8     7     3     0     3   -87.0  -13.224  -50.852   5022.6    539.1
     1     1     7     8     7     2     0     2   -88.0  -12.971  -50.595   5016.4    537.6
     1     1     7     8     7     1     0     1   -89.0  -12.718  -50.299   5025.9    535.7
     1     1     7     8     7     0     0     0   -90.0  -12.465  -49.967   5053.3    534.1
     1     1     7     8     6    23     0     1   -91.0  -12.221  -49.600   5075.7    530.7
     1     1     7     8     6    22     0     2   -92.0  -11.988  -49.205   5078.0    529.9
     1     1     7     8     6    21     0     3   -93.0  -11.768  -48.787   5062.4    530.2
     1     1     7     8     6    20     0     2   -94.0  -11.560  -48.350   5047.5    531.7
     1     1     7     8     6    19     0     1   -95.0  -11.373  -47.897   5041.7    529.4
     1     1     7     8     6    18     0     0   -96.0  -11.216  -47.429   5044.4    522.5
     1     1     7     8     6    17     0     1   -97.0  -11.099  -46.947   5058.8    513.7
     1     1     7     8     6    16     0     2   -98.0  -11.018  -46.452   5070.7    508.1
     1     1     7     8     6    15     0     3   -99.0  -10.958  -45.950   5066.6    505.6
     1     1     7     8     6    14     0     2  -100.0  -10.902  -45.444   5077.7    511.2
     1     1     7     8     6    13     0     1  -101.0  -10.842  -44.932   5086.6    515.5
     1     1     7     8     6    12     0     0  -102.0  -10.794  -44.410   5086.0    517.7
     1     1     7     8     6    11     0     1  -103.0  -10.766  -43.884   5073.1    519.3
     1     1     7     8     6    10     0     2  -104.0  -10.759  -43.358   5038.6    522.2
     1     1     7     8     6     9     0     3  -105.0  -10.770  -42.825   4988.6    524.8
     1     1     7     8     6     8     0     2  -106.0  -10.792  -42.289   4930.4    525.5
     1     1     7     8     6     7     0     1  -107.0  -10.822  -41.756   4876.6    525.0
     1     1     7     8     6     6     0     0  -108.0  -10.855  -41.225   4815.0    525.0
     1     1     7     8     6     5     0     1  -109.0  -10.889  -40.704   4755.3    532.7
     1     1     7     8     6     4     0     2  -110.0  -10.928  -40.205   4696.4    545.0
     1     1     7     8     6     3     0     3  -111.0  -10.974  -39.727   4635.7    556.7
     1     1     7     8     6     2     0     2  -112.0  -11.032  -39.264   4595.8    565.7
     1     1     7     8     6     1     0     1  -113.0  -11.107  -38.808   4593.3    569.9
     1     1     7     8     6     0     0     0  -114.0  -11.205  -38.356   4642.2    568.9
     1     1     7     8     5    23     0     1  -115.0  -11.325  -37.907   4729.3    564.2
     1     1     7     8     5    22     0     2  -116.0  -11.461  -37.460   4819.1    563.5
     1     1     7     8     5    21     0     3  -117.0  -11.609  -37.014   4888.2    563.8
     1     1     7     8     5    20     0     2  -118.0  -11.767  -36.580   4939.9    561.9
     1     1     7     8     5    19     0     1  -119.0  -11.935  -36.168   5012.5    556.9
     1     1     7     8     5    18     0     0  -120.0  -12.108  -35.783   5114.7    550.1
