     7     1
    GDAS     7     7    22     0     0
    GDAS     7     8     8     0     0
    GDAS     7     8    15     0     0
    GDAS     7     8    22     0     0
    GDAS     7     8    29     0     0
    GDAS     7     8     1     0     0
    GDAS     7     7    29     0     0
     1 BACKWARD OMEGA   
     7     8     5     0  -23.561  -46.740  4000.0
     1 PRESSURE
     1     1     7     8     5     0     0     0     0.0  -23.561  -46.740   4000.0    587.9
     1     1     7     8     4    23     0     1    -1.0  -23.244  -47.214   3970.3    584.9
     1     1     7     8     4    22     0     2    -2.0  -22.925  -47.645   3930.5    592.8
     1     1     7     8     4    21     0     3    -3.0  -22.607  -48.027   3873.3    601.1
     1     1     7     8     4    20     0     2    -4.0  -22.289  -48.366   3823.6    604.5
     1     1     7     8     4    19     0     1    -5.0  -21.970  -48.662   3819.4    607.3
     1     1     7     8     4    18     0     0    -6.0  -21.648  -48.914   3831.9    607.7
     1     1     7     8     4    17     0     1    -7.0  -21.334  -49.118   3850.0    607.5
     1     1     7     8     4    16     0     2    -8.0  -21.036  -49.272   3866.9    606.7
     1     1     7     8     4    15     0     3    -9.0  -20.754  -49.375   3878.5    606.4
     1     1     7     8     4    14     0     2   -10.0  -20.488  -49.443   3879.2    606.7
     1     1     7     8     4    13     0     1   -11.0  -20.243  -49.490   3866.4    608.1
     1     1     7     8     4    12     0     0   -12.0  -20.019  -49.516   3840.1    610.5
     1     1     7     8     4    11     0     1   -13.0  -19.817  -49.528   3810.6    611.9
     1     1     7     8     4    10     0     2   -14.0  -19.634  -49.529   3796.6    611.0
     1     1     7     8     4     9     0     3   -15.0  -19.467  -49.519   3800.3    608.8
     1     1     7     8     4     8     0     2   -16.0  -19.307  -49.493   3812.1    605.5
     1     1     7     8     4     7     0     1   -17.0  -19.150  -49.447   3821.5    602.9
     1     1     7     8     4     6     0     0   -18.0  -18.994  -49.381   3828.0    600.3
     1     1     7     8     4     5     0     1   -19.0  -18.841  -49.291   3836.4    599.4
     1     1     7     8     4     4     0     2   -20.0  -18.691  -49.176   3846.9    598.1
     1     1     7     8     4     3     0     3   -21.0  -18.542  -49.035   3863.3    596.5
     1     1     7     8     4     2     0     2   -22.0  -18.399  -48.873   3882.2    593.5
     1     1     7     8     4     1     0     1   -23.0  -18.268  -48.700   3899.5    591.1
     1     1     7     8     4     0     0     0   -24.0  -18.150  -48.521   3913.8    589.1
     1     1     7     8     3    23     0     1   -25.0  -18.052  -48.339   3915.7    587.3
     1     1     7     8     3    22     0     2   -26.0  -17.977  -48.158   3892.5    587.2
     1     1     7     8     3    21     0     3   -27.0  -17.926  -47.978   3838.5    588.9
     1     1     7     8     3    20     0     2   -28.0  -17.891  -47.805   3772.8    594.9
     1     1     7     8     3    19     0     1   -29.0  -17.862  -47.642   3709.1    599.9
     1     1     7     8     3    18     0     0   -30.0  -17.841  -47.490   3649.1    604.7
     1     1     7     8     3    17     0     1   -31.0  -17.824  -47.351   3590.7    609.4
     1     1     7     8     3    16     0     2   -32.0  -17.809  -47.222   3532.3    614.4
     1     1     7     8     3    15     0     3   -33.0  -17.798  -47.103   3476.3    619.2
     1     1     7     8     3    14     0     2   -34.0  -17.793  -46.992   3428.2    623.6
     1     1     7     8     3    13     0     1   -35.0  -17.791  -46.885   3393.0    626.6
     1     1     7     8     3    12     0     0   -36.0  -17.789  -46.785   3370.3    628.5
     1     1     7     8     3    11     0     1   -37.0  -17.804  -46.684   3356.1    629.1
     1     1     7     8     3    10     0     2   -38.0  -17.849  -46.578   3348.2    629.3
     1     1     7     8     3     9     0     3   -39.0  -17.918  -46.469   3347.1    628.8
     1     1     7     8     3     8     0     2   -40.0  -17.991  -46.364   3349.6    627.9
     1     1     7     8     3     7     0     1   -41.0  -18.054  -46.270   3349.8    627.2
     1     1     7     8     3     6     0     0   -42.0  -18.107  -46.185   3345.2    627.0
     1     1     7     8     3     5     0     1   -43.0  -18.155  -46.105   3340.5    627.8
     1     1     7     8     3     4     0     2   -44.0  -18.201  -46.026   3341.5    627.8
     1     1     7     8     3     3     0     3   -45.0  -18.244  -45.946   3348.2    627.6
     1     1     7     8     3     2     0     2   -46.0  -18.286  -45.871   3367.7    626.6
     1     1     7     8     3     1     0     1   -47.0  -18.332  -45.804   3407.0    623.6
     1     1     7     8     3     0     0     0   -48.0  -18.383  -45.743   3466.2    619.1
     1     1     7     8     2    23     0     1   -49.0  -18.443  -45.676   3523.8    613.1
     1     1     7     8     2    22     0     2   -50.0  -18.512  -45.596   3558.6    610.7
     1     1     7     8     2    21     0     3   -51.0  -18.587  -45.506   3572.3    610.1
     1     1     7     8     2    20     0     2   -52.0  -18.667  -45.421   3576.2    611.5
     1     1     7     8     2    19     0     1   -53.0  -18.750  -45.354   3580.7    612.0
     1     1     7     8     2    18     0     0   -54.0  -18.838  -45.305   3585.8    612.4
     1     1     7     8     2    17     0     1   -55.0  -18.932  -45.277   3590.7    612.7
     1     1     7     8     2    16     0     2   -56.0  -19.032  -45.272   3593.4    612.6
     1     1     7     8     2    15     0     3   -57.0  -19.139  -45.288   3591.4    611.7
     1     1     7     8     2    14     0     2   -58.0  -19.250  -45.325   3588.0    610.5
     1     1     7     8     2    13     0     1   -59.0  -19.365  -45.384   3586.7    608.7
     1     1     7     8     2    12     0     0   -60.0  -19.485  -45.467   3589.5    606.2
     1     1     7     8     2    11     0     1   -61.0  -19.598  -45.575   3597.1    602.6
     1     1     7     8     2    10     0     2   -62.0  -19.698  -45.709   3608.3    598.5
     1     1     7     8     2     9     0     3   -63.0  -19.783  -45.866   3623.0    593.9
     1     1     7     8     2     8     0     2   -64.0  -19.854  -46.046   3640.0    589.7
     1     1     7     8     2     7     0     1   -65.0  -19.907  -46.245   3660.1    587.5
     1     1     7     8     2     6     0     0   -66.0  -19.944  -46.462   3680.8    585.6
     1     1     7     8     2     5     0     1   -67.0  -19.963  -46.682   3701.5    584.1
     1     1     7     8     2     4     0     2   -68.0  -19.964  -46.889   3718.4    583.0
     1     1     7     8     2     3     0     3   -69.0  -19.946  -47.081   3732.8    584.1
     1     1     7     8     2     2     0     2   -70.0  -19.920  -47.267   3752.9    587.1
     1     1     7     8     2     1     0     1   -71.0  -19.899  -47.453   3781.5    588.8
     1     1     7     8     2     0     0     0   -72.0  -19.881  -47.639   3820.3    589.7
     1     1     7     8     1    23     0     1   -73.0  -19.860  -47.822   3866.9    589.3
     1     1     7     8     1    22     0     2   -74.0  -19.828  -47.998   3918.5    588.3
     1     1     7     8     1    21     0     3   -75.0  -19.785  -48.166   3969.6    585.1
     1     1     7     8     1    20     0     2   -76.0  -19.739  -48.333   4009.9    582.4
     1     1     7     8     1    19     0     1   -77.0  -19.694  -48.500   4026.9    582.4
     1     1     7     8     1    18     0     0   -78.0  -19.649  -48.663   4020.4    584.1
     1     1     7     8     1    17     0     1   -79.0  -19.605  -48.821   4003.0    587.7
     1     1     7     8     1    16     0     2   -80.0  -19.565  -48.973   3988.4    590.3
     1     1     7     8     1    15     0     3   -81.0  -19.531  -49.119   3977.0    592.1
     1     1     7     8     1    14     0     2   -82.0  -19.506  -49.263   3971.9    593.2
     1     1     7     8     1    13     0     1   -83.0  -19.491  -49.409   3975.3    593.6
     1     1     7     8     1    12     0     0   -84.0  -19.488  -49.558   3987.8    593.6
     1     1     7     8     1    11     0     1   -85.0  -19.498  -49.713   4007.9    592.7
     1     1     7     8     1    10     0     2   -86.0  -19.522  -49.876   4033.2    591.7
     1     1     7     8     1     9     0     3   -87.0  -19.561  -50.048   4061.1    590.5
     1     1     7     8     1     8     0     2   -88.0  -19.602  -50.222   4092.6    589.4
     1     1     7     8     1     7     0     1   -89.0  -19.634  -50.393   4132.2    587.6
     1     1     7     8     1     6     0     0   -90.0  -19.659  -50.561   4182.3    585.0
     1     1     7     8     1     5     0     1   -91.0  -19.681  -50.720   4240.6    581.7
     1     1     7     8     1     4     0     2   -92.0  -19.699  -50.870   4303.8    578.1
     1     1     7     8     1     3     0     3   -93.0  -19.717  -51.011   4372.0    574.2
     1     1     7     8     1     2     0     2   -94.0  -19.745  -51.155   4440.1    568.6
     1     1     7     8     1     1     0     1   -95.0  -19.790  -51.314   4507.5    563.4
     1     1     7     8     1     0     0     0   -96.0  -19.858  -51.486   4573.5    558.7
     1     1     7     7    31    23     0     1   -97.0  -19.958  -51.681   4634.2    554.3
     1     1     7     7    31    22     0     2   -98.0  -20.097  -51.909   4683.8    550.8
     1     1     7     7    31    21     0     3   -99.0  -20.269  -52.169   4725.0    548.9
     1     1     7     7    31    20     0     2  -100.0  -20.455  -52.452   4761.3    548.4
     1     1     7     7    31    19     0     1  -101.0  -20.644  -52.756   4795.9    547.7
     1     1     7     7    31    18     0     0  -102.0  -20.837  -53.085   4828.0    545.9
     1     1     7     7    31    17     0     1  -103.0  -21.026  -53.445   4841.5    541.7
     1     1     7     7    31    16     0     2  -104.0  -21.201  -53.825   4835.6    540.9
     1     1     7     7    31    15     0     3  -105.0  -21.361  -54.207   4813.2    543.3
     1     1     7     7    31    14     0     2  -106.0  -21.506  -54.592   4790.6    545.4
     1     1     7     7    31    13     0     1  -107.0  -21.635  -54.995   4786.6    542.8
     1     1     7     7    31    12     0     0  -108.0  -21.749  -55.414   4811.0    541.2
     1     1     7     7    31    11     0     1  -109.0  -21.846  -55.850   4847.9    538.1
     1     1     7     7    31    10     0     2  -110.0  -21.918  -56.299   4900.0    537.1
     1     1     7     7    31     9     0     3  -111.0  -21.964  -56.754   4958.6    538.2
     1     1     7     7    31     8     0     2  -112.0  -21.997  -57.204   5020.2    539.7
     1     1     7     7    31     7     0     1  -113.0  -22.028  -57.643   5094.0    539.0
     1     1     7     7    31     6     0     0  -114.0  -22.061  -58.072   5182.1    536.4
     1     1     7     7    31     5     0     1  -115.0  -22.096  -58.497   5266.1    531.0
     1     1     7     7    31     4     0     2  -116.0  -22.136  -58.916   5341.7    526.4
     1     1     7     7    31     3     0     3  -117.0  -22.187  -59.320   5408.7    521.9
     1     1     7     7    31     2     0     2  -118.0  -22.245  -59.719   5478.4    517.5
     1     1     7     7    31     1     0     1  -119.0  -22.303  -60.124   5557.0    511.6
     1     1     7     7    31     0     0     0  -120.0  -22.368  -60.536   5641.5    503.3
