     7     1
    GDAS     7     7    22     0     0
    GDAS     7     8     8     0     0
    GDAS     7     8    15     0     0
    GDAS     7     8    22     0     0
    GDAS     7     8    29     0     0
    GDAS     7     8     1     0     0
    GDAS     7     7    29     0     0
     1 BACKWARD OMEGA   
     7     8    27    18  -23.561  -46.740  4000.0
     1 PRESSURE
     1     1     7     8    27    18     0     0     0.0  -23.561  -46.740   4000.0    584.6
     1     1     7     8    27    17     0     1    -1.0  -23.436  -47.309   3999.0    582.8
     1     1     7     8    27    16     0     2    -2.0  -23.283  -47.874   4009.5    586.9
     1     1     7     8    27    15     0     3    -3.0  -23.103  -48.405   3991.1    584.6
     1     1     7     8    27    14     0     2    -4.0  -22.914  -48.903   3940.9    580.2
     1     1     7     8    27    13     0     1    -5.0  -22.729  -49.391   3890.9    591.5
     1     1     7     8    27    12     0     0    -6.0  -22.542  -49.871   3819.2    605.3
     1     1     7     8    27    11     0     1    -7.0  -22.359  -50.358   3735.0    614.5
     1     1     7     8    27    10     0     2    -8.0  -22.177  -50.865   3645.2    620.4
     1     1     7     8    27     9     0     3    -9.0  -21.976  -51.389   3543.5    633.6
     1     1     7     8    27     8     0     2   -10.0  -21.744  -51.919   3439.5    650.4
     1     1     7     8    27     7     0     1   -11.0  -21.481  -52.441   3336.5    657.7
     1     1     7     8    27     6     0     0   -12.0  -21.186  -52.946   3241.5    665.1
     1     1     7     8    27     5     0     1   -13.0  -20.861  -53.430   3152.7    669.4
     1     1     7     8    27     4     0     2   -14.0  -20.533  -53.893   3090.3    667.5
     1     1     7     8    27     3     0     3   -15.0  -20.210  -54.339   3066.7    669.9
     1     1     7     8    27     2     0     2   -16.0  -19.873  -54.763   3064.5    675.5
     1     1     7     8    27     1     0     1   -17.0  -19.511  -55.159   3069.4    682.5
     1     1     7     8    27     0     0     0   -18.0  -19.130  -55.521   3074.5    689.3
     1     1     7     8    26    23     0     1   -19.0  -18.733  -55.832   3074.9    695.2
     1     1     7     8    26    22     0     2   -20.0  -18.333  -56.090   3074.6    696.5
     1     1     7     8    26    21     0     3   -21.0  -17.945  -56.302   3079.8    694.8
     1     1     7     8    26    20     0     2   -22.0  -17.566  -56.488   3102.1    693.2
     1     1     7     8    26    19     0     1   -23.0  -17.192  -56.658   3146.4    690.3
     1     1     7     8    26    18     0     0   -24.0  -16.830  -56.813   3202.1    685.2
     1     1     7     8    26    17     0     1   -25.0  -16.495  -56.967   3234.3    678.3
     1     1     7     8    26    16     0     2   -26.0  -16.199  -57.117   3217.1    677.1
     1     1     7     8    26    15     0     3   -27.0  -15.942  -57.245   3161.5    680.7
     1     1     7     8    26    14     0     2   -28.0  -15.712  -57.354   3090.4    687.1
     1     1     7     8    26    13     0     1   -29.0  -15.493  -57.449   3017.6    691.7
     1     1     7     8    26    12     0     0   -30.0  -15.281  -57.525   2940.3    696.5
     1     1     7     8    26    11     0     1   -31.0  -15.065  -57.572   2863.7    701.3
     1     1     7     8    26    10     0     2   -32.0  -14.835  -57.586   2788.6    702.7
     1     1     7     8    26     9     0     3   -33.0  -14.591  -57.567   2709.9    703.3
     1     1     7     8    26     8     0     2   -34.0  -14.340  -57.522   2622.9    705.6
     1     1     7     8    26     7     0     1   -35.0  -14.094  -57.456   2528.5    709.2
     1     1     7     8    26     6     0     0   -36.0  -13.855  -57.367   2436.2    718.1
     1     1     7     8    26     5     0     1   -37.0  -13.627  -57.257   2349.9    730.1
     1     1     7     8    26     4     0     2   -38.0  -13.413  -57.130   2267.8    740.5
     1     1     7     8    26     3     0     3   -39.0  -13.217  -56.990   2182.2    750.3
     1     1     7     8    26     2     0     2   -40.0  -13.037  -56.851   2090.5    759.4
     1     1     7     8    26     1     0     1   -41.0  -12.874  -56.727   1997.3    768.1
     1     1     7     8    26     0     0     0   -42.0  -12.728  -56.617   1904.3    776.4
     1     1     7     8    25    23     0     1   -43.0  -12.599  -56.525   1811.5    784.6
     1     1     7     8    25    22     0     2   -44.0  -12.483  -56.453   1721.9    792.4
     1     1     7     8    25    21     0     3   -45.0  -12.377  -56.397   1637.1    799.8
     1     1     7     8    25    20     0     2   -46.0  -12.279  -56.347   1561.5    807.7
     1     1     7     8    25    19     0     1   -47.0  -12.186  -56.291   1499.0    814.2
     1     1     7     8    25    18     0     0   -48.0  -12.099  -56.228   1451.0    819.2
     1     1     7     8    25    17     0     1   -49.0  -12.010  -56.153   1415.0    822.8
     1     1     7     8    25    16     0     2   -50.0  -11.911  -56.057   1389.3    826.5
     1     1     7     8    25    15     0     3   -51.0  -11.803  -55.940   1374.2    829.2
     1     1     7     8    25    14     0     2   -52.0  -11.686  -55.799   1365.0    830.2
     1     1     7     8    25    13     0     1   -53.0  -11.564  -55.634   1356.7    831.3
     1     1     7     8    25    12     0     0   -54.0  -11.435  -55.441   1348.8    832.4
     1     1     7     8    25    11     0     1   -55.0  -11.300  -55.239   1343.0    832.8
     1     1     7     8    25    10     0     2   -56.0  -11.164  -55.050   1339.8    832.6
     1     1     7     8    25     9     0     3   -57.0  -11.029  -54.872   1339.1    833.3
     1     1     7     8    25     8     0     2   -58.0  -10.897  -54.694   1327.8    834.0
     1     1     7     8    25     7     0     1   -59.0  -10.768  -54.499   1295.9    837.3
     1     1     7     8    25     6     0     0   -60.0  -10.641  -54.288   1249.6    841.1
     1     1     7     8    25     5     0     1   -61.0  -10.523  -54.061   1191.4    845.4
     1     1     7     8    25     4     0     2   -62.0  -10.422  -53.816   1126.3    852.6
     1     1     7     8    25     3     0     3   -63.0  -10.338  -53.553   1062.0    861.1
     1     1     7     8    25     2     0     2   -64.0  -10.268  -53.277   1005.9    869.3
     1     1     7     8    25     1     0     1   -65.0  -10.211  -53.000    956.4    876.7
     1     1     7     8    25     0     0     0   -66.0  -10.172  -52.726    913.3    880.8
     1     1     7     8    24    23     0     1   -67.0  -10.151  -52.469    886.2    882.7
     1     1     7     8    24    22     0     2   -68.0  -10.147  -52.240    870.0    882.5
     1     1     7     8    24    21     0     3   -69.0  -10.159  -52.044    853.7    882.6
     1     1     7     8    24    20     0     2   -70.0  -10.179  -51.872    836.7    885.0
     1     1     7     8    24    19     0     1   -71.0  -10.196  -51.713    821.1    887.1
     1     1     7     8    24    18     0     0   -72.0  -10.210  -51.567    803.9    889.3
     1     1     7     8    24    17     0     1   -73.0  -10.216  -51.415    786.6    892.5
     1     1     7     8    24    16     0     2   -74.0  -10.209  -51.238    772.5    895.0
     1     1     7     8    24    15     0     3   -75.0  -10.189  -51.036    761.9    897.2
     1     1     7     8    24    14     0     2   -76.0  -10.151  -50.794    755.5    899.8
     1     1     7     8    24    13     0     1   -77.0  -10.091  -50.498    750.2    903.1
     1     1     7     8    24    12     0     0   -78.0  -10.018  -50.152    739.2    908.2
     1     1     7     8    24    11     0     1   -79.0   -9.937  -49.787    715.0    909.5
     1     1     7     8    24    10     0     2   -80.0   -9.850  -49.417    678.1    908.6
     1     1     7     8    24     9     0     3   -81.0   -9.760  -49.020    628.7    909.2
     1     1     7     8    24     8     0     2   -82.0   -9.682  -48.604    589.4    917.3
     1     1     7     8    24     7     0     1   -83.0   -9.622  -48.184    580.3    920.1
     1     1     7     8    24     6     0     0   -84.0   -9.574  -47.765    598.0    914.1
     1     1     7     8    24     5     0     1   -85.0   -9.549  -47.340    638.2    901.9
     1     1     7     8    24     4     0     2   -86.0   -9.552  -46.920    698.1    888.1
     1     1     7     8    24     3     0     3   -87.0   -9.579  -46.517    758.1    876.7
     1     1     7     8    24     2     0     2   -88.0   -9.632  -46.132    800.0    868.8
     1     1     7     8    24     1     0     1   -89.0   -9.710  -45.762    828.5    865.7
     1     1     7     8    24     0     0     0   -90.0   -9.807  -45.409    845.0    865.4
     1     1     7     8    23    23     0     1   -91.0   -9.919  -45.080    845.4    865.9
     1     1     7     8    23    22     0     2   -92.0  -10.040  -44.777    835.1    867.6
     1     1     7     8    23    21     0     3   -93.0  -10.171  -44.503    824.8    868.8
     1     1     7     8    23    20     0     2   -94.0  -10.304  -44.254    815.1    870.3
     1     1     7     8    23    19     0     1   -95.0  -10.434  -44.027    804.5    872.2
     1     1     7     8    23    18     0     0   -96.0  -10.557  -43.820    797.7    873.7
     1     1     7     8    23    17     0     1   -97.0  -10.675  -43.612    796.6    874.5
     1     1     7     8    23    16     0     2   -98.0  -10.790  -43.383    800.1    875.4
     1     1     7     8    23    15     0     3   -99.0  -10.907  -43.129    807.8    875.9
     1     1     7     8    23    14     0     2  -100.0  -11.031  -42.846    826.0    872.7
     1     1     7     8    23    13     0     1  -101.0  -11.177  -42.532    858.4    861.3
     1     1     7     8    23    12     0     0  -102.0  -11.348  -42.181    901.3    845.6
     1     1     7     8    23    11     0     1  -103.0  -11.540  -41.788    957.9    831.8
     1     1     7     8    23    10     0     2  -104.0  -11.745  -41.357   1013.0    825.5
     1     1     7     8    23     9     0     3  -105.0  -11.975  -40.898   1025.6    830.2
     1     1     7     8    23     8     0     2  -106.0  -12.226  -40.446    986.4    848.9
     1     1     7     8    23     7     0     1  -107.0  -12.489  -40.034    916.4    867.0
     1     1     7     8    23     6     0     0  -108.0  -12.759  -39.661    836.9    885.7
     1     1     7     8    23     5     0     1  -109.0  -13.034  -39.321    765.2    905.2
     1     1     7     8    23     4     0     2  -110.0  -13.316  -39.018    694.2    924.6
     1     1     7     8    23     3     0     3  -111.0  -13.601  -38.748    619.3    941.0
     1     1     7     8    23     2     0     2  -112.0  -13.879  -38.493    554.5    952.5
     1     1     7     8    23     1     0     1  -113.0  -14.149  -38.240    504.5    959.7
     1     1     7     8    23     0     0     0  -114.0  -14.418  -37.979    466.6    964.7
     1     1     7     8    22    23     0     1  -115.0  -14.675  -37.721    442.9    967.4
     1     1     7     8    22    22     0     2  -116.0  -14.913  -37.479    432.8    968.1
     1     1     7     8    22    21     0     3  -117.0  -15.131  -37.254    432.0    968.2
     1     1     7     8    22    20     0     2  -118.0  -15.330  -37.046    439.5    968.1
     1     1     7     8    22    19     0     1  -119.0  -15.513  -36.853    453.8    966.1
     1     1     7     8    22    18     0     0  -120.0  -15.679  -36.680    470.8    963.9
