     7     1
    GDAS     7     7    22     0     0
    GDAS     7     8     8     0     0
    GDAS     7     8    15     0     0
    GDAS     7     8    22     0     0
    GDAS     7     8    29     0     0
    GDAS     7     8     1     0     0
    GDAS     7     7    29     0     0
     1 BACKWARD OMEGA   
     7     8    16    18  -23.561  -46.740  4000.0
     1 PRESSURE
     1     1     7     8    16    18     0     0     0.0  -23.561  -46.740   4000.0    589.6
     1     1     7     8    16    17     0     1    -1.0  -23.430  -46.729   3936.8    591.1
     1     1     7     8    16    16     0     2    -2.0  -23.306  -46.687   3874.3    592.7
     1     1     7     8    16    15     0     3    -3.0  -23.190  -46.617   3815.4    593.4
     1     1     7     8    16    14     0     2    -4.0  -23.082  -46.527   3771.3    592.3
     1     1     7     8    16    13     0     1    -5.0  -22.985  -46.429   3751.8    588.5
     1     1     7     8    16    12     0     0    -6.0  -22.897  -46.322   3761.1    585.2
     1     1     7     8    16    11     0     1    -7.0  -22.813  -46.200   3768.9    580.1
     1     1     7     8    16    10     0     2    -8.0  -22.725  -46.054   3750.3    578.1
     1     1     7     8    16     9     0     3    -9.0  -22.629  -45.881   3708.4    580.3
     1     1     7     8    16     8     0     2   -10.0  -22.533  -45.685   3665.9    585.7
     1     1     7     8    16     7     0     1   -11.0  -22.448  -45.474   3649.2    586.7
     1     1     7     8    16     6     0     0   -12.0  -22.376  -45.249   3662.9    584.9
     1     1     7     8    16     5     0     1   -13.0  -22.312  -45.012   3701.0    580.4
     1     1     7     8    16     4     0     2   -14.0  -22.250  -44.759   3763.5    579.4
     1     1     7     8    16     3     0     3   -15.0  -22.189  -44.487   3833.4    578.0
     1     1     7     8    16     2     0     2   -16.0  -22.136  -44.200   3895.2    575.5
     1     1     7     8    16     1     0     1   -17.0  -22.096  -43.901   3930.3    575.8
     1     1     7     8    16     0     0     0   -18.0  -22.074  -43.590   3933.0    580.0
     1     1     7     8    15    23     0     1   -19.0  -22.070  -43.288   3918.9    587.4
     1     1     7     8    15    22     0     2   -20.0  -22.080  -43.021   3910.2    593.5
     1     1     7     8    15    21     0     3   -21.0  -22.096  -42.791   3916.3    598.5
     1     1     7     8    15    20     0     2   -22.0  -22.111  -42.583   3928.7    601.5
     1     1     7     8    15    19     0     1   -23.0  -22.120  -42.386   3936.2    605.3
     1     1     7     8    15    18     0     0   -24.0  -22.122  -42.200   3940.8    608.8
     1     1     7     8    15    17     0     1   -25.0  -22.117  -42.016   3946.7    612.3
     1     1     7     8    15    16     0     2   -26.0  -22.103  -41.822   3959.8    616.7
     1     1     7     8    15    15     0     3   -27.0  -22.082  -41.616   3974.9    621.5
     1     1     7     8    15    14     0     2   -28.0  -22.051  -41.398   3987.7    626.7
     1     1     7     8    15    13     0     1   -29.0  -22.011  -41.174   3995.2    633.3
     1     1     7     8    15    12     0     0   -30.0  -21.969  -40.948   3993.7    638.9
     1     1     7     8    15    11     0     1   -31.0  -21.940  -40.721   3990.0    638.8
     1     1     7     8    15    10     0     2   -32.0  -21.938  -40.499   4012.3    635.5
     1     1     7     8    15     9     0     3   -33.0  -21.965  -40.288   4057.1    630.7
     1     1     7     8    15     8     0     2   -34.0  -22.002  -40.090   4114.4    624.6
     1     1     7     8    15     7     0     1   -35.0  -22.029  -39.901   4175.2    619.5
     1     1     7     8    15     6     0     0   -36.0  -22.045  -39.724   4235.9    615.0
     1     1     7     8    15     5     0     1   -37.0  -22.051  -39.552   4288.6    611.1
     1     1     7     8    15     4     0     2   -38.0  -22.050  -39.380   4329.8    608.6
     1     1     7     8    15     3     0     3   -39.0  -22.042  -39.208   4361.9    606.8
     1     1     7     8    15     2     0     2   -40.0  -22.030  -39.039   4395.1    605.3
     1     1     7     8    15     1     0     1   -41.0  -22.022  -38.870   4439.9    602.0
     1     1     7     8    15     0     0     0   -42.0  -22.016  -38.699   4499.4    597.3
     1     1     7     8    14    23     0     1   -43.0  -22.004  -38.522   4562.2    591.1
     1     1     7     8    14    22     0     2   -44.0  -21.974  -38.336   4615.4    586.3
     1     1     7     8    14    21     0     3   -45.0  -21.921  -38.141   4656.1    582.6
     1     1     7     8    14    20     0     2   -46.0  -21.862  -37.932   4682.2    580.5
     1     1     7     8    14    19     0     1   -47.0  -21.815  -37.707   4695.3    580.1
     1     1     7     8    14    18     0     0   -48.0  -21.780  -37.470   4697.0    580.5
     1     1     7     8    14    17     0     1   -49.0  -21.775  -37.227   4700.9    581.5
     1     1     7     8    14    16     0     2   -50.0  -21.820  -36.989   4718.0    580.6
     1     1     7     8    14    15     0     3   -51.0  -21.915  -36.759   4746.4    578.2
     1     1     7     8    14    14     0     2   -52.0  -22.050  -36.538   4784.0    574.9
     1     1     7     8    14    13     0     1   -53.0  -22.204  -36.326   4826.0    571.7
     1     1     7     8    14    12     0     0   -54.0  -22.368  -36.122   4871.7    568.5
     1     1     7     8    14    11     0     1   -55.0  -22.534  -35.916   4926.6    564.6
     1     1     7     8    14    10     0     2   -56.0  -22.702  -35.703   4996.8    559.2
     1     1     7     8    14     9     0     3   -57.0  -22.879  -35.480   5082.7    552.4
     1     1     7     8    14     8     0     2   -58.0  -23.074  -35.255   5181.1    544.9
     1     1     7     8    14     7     0     1   -59.0  -23.292  -35.040   5286.7    537.2
     1     1     7     8    14     6     0     0   -60.0  -23.534  -34.839   5392.0    529.8
     1     1     7     8    14     5     0     1   -61.0  -23.806  -34.654   5494.2    523.7
     1     1     7     8    14     4     0     2   -62.0  -24.115  -34.491   5602.9    517.2
     1     1     7     8    14     3     0     3   -63.0  -24.460  -34.361   5731.0    509.0
     1     1     7     8    14     2     0     2   -64.0  -24.840  -34.265   5874.6    498.2
     1     1     7     8    14     1     0     1   -65.0  -25.249  -34.194   6013.0    488.4
     1     1     7     8    14     0     0     0   -66.0  -25.678  -34.143   6119.6    480.9
     1     1     7     8    13    23     0     1   -67.0  -26.114  -34.124   6194.0    477.1
     1     1     7     8    13    22     0     2   -68.0  -26.552  -34.147   6266.6    472.7
     1     1     7     8    13    21     0     3   -69.0  -26.988  -34.202   6363.7    466.5
     1     1     7     8    13    20     0     2   -70.0  -27.423  -34.290   6504.1    458.6
     1     1     7     8    13    19     0     1   -71.0  -27.856  -34.410   6689.8    447.0
     1     1     7     8    13    18     0     0   -72.0  -28.291  -34.559   6904.3    433.3
     1     1     7     8    13    17     0     1   -73.0  -28.752  -34.718   7118.8    420.0
     1     1     7     8    13    16     0     2   -74.0  -29.258  -34.867   7318.0    409.0
     1     1     7     8    13    15     0     3   -75.0  -29.807  -35.002   7506.8    398.2
     1     1     7     8    13    14     0     2   -76.0  -30.388  -35.142   7681.1    387.8
     1     1     7     8    13    13     0     1   -77.0  -30.994  -35.302   7840.1    379.1
     1     1     7     8    13    12     0     0   -78.0  -31.634  -35.483   8003.0    370.6
     1     1     7     8    13    11     0     1   -79.0  -32.324  -35.703   8179.3    360.5
     1     1     7     8    13    10     0     2   -80.0  -33.078  -35.987   8354.2    350.7
     1     1     7     8    13     9     0     3   -81.0  -33.891  -36.351   8497.1    342.8
     1     1     7     8    13     8     0     2   -82.0  -34.733  -36.804   8635.2    335.8
     1     1     7     8    13     7     0     1   -83.0  -35.580  -37.357   8774.4    328.3
     1     1     7     8    13     6     0     0   -84.0  -36.441  -38.033   8885.3    322.2
     1     1     7     8    13     5     0     1   -85.0  -37.306  -38.812   8977.7    317.9
     1     1     7     8    13     4     0     2   -86.0  -38.127  -39.673   9049.7    314.1
     1     1     7     8    13     3     0     3   -87.0  -38.890  -40.606   9127.1    310.3
     1     1     7     8    13     2     0     2   -88.0  -39.637  -41.613   9217.9    305.3
     1     1     7     8    13     1     0     1   -89.0  -40.357  -42.701   9302.1    301.0
     1     1     7     8    13     0     0     0   -90.0  -41.017  -43.856   9406.6    296.2
     1     1     7     8    12    23     0     1   -91.0  -41.616  -45.107   9535.9    289.8
     1     1     7     8    12    22     0     2   -92.0  -42.127  -46.473   9671.3    283.6
     1     1     7     8    12    21     0     3   -93.0  -42.550  -47.932   9818.7    277.0
     1     1     7     8    12    20     0     2   -94.0  -42.871  -49.466   9941.8    271.3
     1     1     7     8    12    19     0     1   -95.0  -43.059  -51.000  10008.6    268.3
     1     1     7     8    12    18     0     0   -96.0  -43.152  -52.501  10047.7    266.4
     1     1     7     8    12    17     0     1   -97.0  -43.174  -54.010  10058.7    265.8
     1     1     7     8    12    16     0     2   -98.0  -43.085  -55.557  10034.4    266.6
     1     1     7     8    12    15     0     3   -99.0  -42.905  -57.124   9971.0    269.4
     1     1     7     8    12    14     0     2  -100.0  -42.617  -58.687   9911.6    271.6
     1     1     7     8    12    13     0     1  -101.0  -42.214  -60.236   9856.6    273.6
     1     1     7     8    12    12     0     0  -102.0  -41.716  -61.801   9812.6    275.3
     1     1     7     8    12    11     0     1  -103.0  -41.121  -63.388   9745.4    276.9
     1     1     7     8    12    10     0     2  -104.0  -40.429  -64.988   9607.2    279.7
     1     1     7     8    12     9     0     3  -105.0  -39.632  -66.660   9467.0    278.4
     1     1     7     8    12     8     0     2  -106.0  -38.664  -68.370   9273.0    276.1
     1     1     7     8    12     7     0     1  -107.0  -37.555  -70.003   8723.0    267.1
     1     1     7     8    12     6     0     0  -108.0  -36.330  -71.746   8757.4    295.1
     1     1     7     8    12     5     0     1  -109.0  -34.986  -73.275   8850.3    312.9
     1     1     7     8    12     4     0     2  -110.0  -33.601  -74.594   8647.9    326.6
     1     1     7     8    12     3     0     3  -111.0  -32.252  -75.826   8372.2    341.5
     1     1     7     8    12     2     0     2  -112.0  -30.952  -77.026   8087.5    355.1
     1     1     7     8    12     1     0     1  -113.0  -29.715  -78.248   7839.3    368.7
     1     1     7     8    12     0     0     0  -114.0  -28.600  -79.519   7635.4    381.6
     1     1     7     8    11    23     0     1  -115.0  -27.614  -80.818   7516.0    388.4
     1     1     7     8    11    22     0     2  -116.0  -26.768  -82.123   7447.8    392.8
     1     1     7     8    11    21     0     3  -117.0  -26.098  -83.416   7390.9    396.4
     1     1     7     8    11    20     0     2  -118.0  -25.599  -84.681   7363.2    399.0
     1     1     7     8    11    19     0     1  -119.0  -25.251  -85.906   7382.5    399.4
     1     1     7     8    11    18     0     0  -120.0  -25.065  -87.070   7415.1    397.1
