     7     1
    GDAS     7     7    22     0     0
    GDAS     7     8     8     0     0
    GDAS     7     8    15     0     0
    GDAS     7     8    22     0     0
    GDAS     7     8    29     0     0
    GDAS     7     8     1     0     0
    GDAS     7     7    29     0     0
     1 BACKWARD OMEGA   
     7     8     4    18  -23.561  -46.740  4000.0
     1 PRESSURE
     1     1     7     8     4    18     0     0     0.0  -23.561  -46.740   4000.0    587.5
     1     1     7     8     4    17     0     1    -1.0  -23.292  -47.156   4006.5    584.2
     1     1     7     8     4    16     0     2    -2.0  -23.016  -47.536   4040.0    585.1
     1     1     7     8     4    15     0     3    -3.0  -22.743  -47.872   4063.3    586.9
     1     1     7     8     4    14     0     2    -4.0  -22.469  -48.173   4065.1    586.6
     1     1     7     8     4    13     0     1    -5.0  -22.194  -48.454   4064.7    586.8
     1     1     7     8     4    12     0     0    -6.0  -21.926  -48.713   4069.0    589.0
     1     1     7     8     4    11     0     1    -7.0  -21.668  -48.945   4076.2    590.5
     1     1     7     8     4    10     0     2    -8.0  -21.419  -49.152   4093.2    589.8
     1     1     7     8     4     9     0     3    -9.0  -21.181  -49.343   4117.1    588.1
     1     1     7     8     4     8     0     2   -10.0  -20.950  -49.516   4136.2    586.5
     1     1     7     8     4     7     0     1   -11.0  -20.720  -49.662   4144.4    586.9
     1     1     7     8     4     6     0     0   -12.0  -20.491  -49.783   4146.9    587.8
     1     1     7     8     4     5     0     1   -13.0  -20.261  -49.874   4145.9    588.9
     1     1     7     8     4     4     0     2   -14.0  -20.028  -49.930   4143.5    590.2
     1     1     7     8     4     3     0     3   -15.0  -19.795  -49.950   4138.1    589.6
     1     1     7     8     4     2     0     2   -16.0  -19.564  -49.939   4135.7    588.1
     1     1     7     8     4     1     0     1   -17.0  -19.338  -49.897   4137.5    585.8
     1     1     7     8     4     0     0     0   -18.0  -19.118  -49.825   4141.7    583.2
     1     1     7     8     3    23     0     1   -19.0  -18.910  -49.729   4148.4    580.5
     1     1     7     8     3    22     0     2   -20.0  -18.718  -49.617   4158.1    578.4
     1     1     7     8     3    21     0     3   -21.0  -18.546  -49.493   4168.9    576.4
     1     1     7     8     3    20     0     2   -22.0  -18.387  -49.358   4176.6    574.9
     1     1     7     8     3    19     0     1   -23.0  -18.236  -49.209   4174.2    574.2
     1     1     7     8     3    18     0     0   -24.0  -18.094  -49.048   4154.7    574.9
     1     1     7     8     3    17     0     1   -25.0  -17.957  -48.881   4112.2    576.7
     1     1     7     8     3    16     0     2   -26.0  -17.821  -48.712   4049.3    579.0
     1     1     7     8     3    15     0     3   -27.0  -17.687  -48.544   3976.7    581.7
     1     1     7     8     3    14     0     2   -28.0  -17.560  -48.378   3905.3    584.6
     1     1     7     8     3    13     0     1   -29.0  -17.439  -48.209   3841.7    586.3
     1     1     7     8     3    12     0     0   -30.0  -17.322  -48.033   3783.2    587.4
     1     1     7     8     3    11     0     1   -31.0  -17.228  -47.841   3738.1    590.6
     1     1     7     8     3    10     0     2   -32.0  -17.184  -47.632   3702.6    594.4
     1     1     7     8     3     9     0     3   -33.0  -17.191  -47.412   3670.0    598.8
     1     1     7     8     3     8     0     2   -34.0  -17.228  -47.192   3639.4    603.9
     1     1     7     8     3     7     0     1   -35.0  -17.275  -46.980   3611.9    608.3
     1     1     7     8     3     6     0     0   -36.0  -17.327  -46.777   3589.8    611.5
     1     1     7     8     3     5     0     1   -37.0  -17.382  -46.587   3580.1    613.7
     1     1     7     8     3     4     0     2   -38.0  -17.438  -46.409   3585.1    614.4
     1     1     7     8     3     3     0     3   -39.0  -17.496  -46.237   3603.2    613.8
     1     1     7     8     3     2     0     2   -40.0  -17.557  -46.078   3638.2    611.5
     1     1     7     8     3     1     0     1   -41.0  -17.625  -45.938   3693.6    606.9
     1     1     7     8     3     0     0     0   -42.0  -17.697  -45.817   3767.6    600.6
     1     1     7     8     2    23     0     1   -43.0  -17.772  -45.696   3835.5    593.1
     1     1     7     8     2    22     0     2   -44.0  -17.849  -45.562   3875.0    589.6
     1     1     7     8     2    21     0     3   -45.0  -17.929  -45.420   3889.2    588.0
     1     1     7     8     2    20     0     2   -46.0  -18.011  -45.285   3893.8    588.6
     1     1     7     8     2    19     0     1   -47.0  -18.098  -45.170   3904.6    588.5
     1     1     7     8     2    18     0     0   -48.0  -18.193  -45.076   3920.5    588.1
     1     1     7     8     2    17     0     1   -49.0  -18.298  -45.005   3939.8    587.7
     1     1     7     8     2    16     0     2   -50.0  -18.414  -44.960   3958.1    586.5
     1     1     7     8     2    15     0     3   -51.0  -18.540  -44.941   3976.0    585.8
     1     1     7     8     2    14     0     2   -52.0  -18.672  -44.945   3993.4    585.2
     1     1     7     8     2    13     0     1   -53.0  -18.810  -44.973   4011.7    584.9
     1     1     7     8     2    12     0     0   -54.0  -18.950  -45.026   4032.1    584.1
     1     1     7     8     2    11     0     1   -55.0  -19.081  -45.106   4052.4    580.8
     1     1     7     8     2    10     0     2   -56.0  -19.195  -45.215   4075.8    576.1
     1     1     7     8     2     9     0     3   -57.0  -19.290  -45.350   4101.8    571.1
     1     1     7     8     2     8     0     2   -58.0  -19.370  -45.509   4128.3    566.1
     1     1     7     8     2     7     0     1   -59.0  -19.437  -45.687   4153.8    561.2
     1     1     7     8     2     6     0     0   -60.0  -19.493  -45.886   4178.0    556.2
     1     1     7     8     2     5     0     1   -61.0  -19.537  -46.092   4204.1    552.5
     1     1     7     8     2     4     0     2   -62.0  -19.570  -46.291   4232.7    549.9
     1     1     7     8     2     3     0     3   -63.0  -19.590  -46.482   4259.7    547.7
     1     1     7     8     2     2     0     2   -64.0  -19.606  -46.673   4283.1    545.2
     1     1     7     8     2     1     0     1   -65.0  -19.627  -46.874   4302.8    543.2
     1     1     7     8     2     0     0     0   -66.0  -19.651  -47.083   4326.8    542.6
     1     1     7     8     1    23     0     1   -67.0  -19.672  -47.300   4365.5    543.4
     1     1     7     8     1    22     0     2   -68.0  -19.683  -47.525   4417.9    543.2
     1     1     7     8     1    21     0     3   -69.0  -19.683  -47.756   4484.2    542.1
     1     1     7     8     1    20     0     2   -70.0  -19.675  -47.989   4549.1    540.3
     1     1     7     8     1    19     0     1   -71.0  -19.662  -48.224   4588.1    539.7
     1     1     7     8     1    18     0     0   -72.0  -19.644  -48.459   4600.4    541.1
     1     1     7     8     1    17     0     1   -73.0  -19.623  -48.689   4595.1    544.4
     1     1     7     8     1    16     0     2   -74.0  -19.599  -48.915   4584.2    547.6
     1     1     7     8     1    15     0     3   -75.0  -19.573  -49.135   4571.9    550.3
     1     1     7     8     1    14     0     2   -76.0  -19.549  -49.353   4566.5    552.0
     1     1     7     8     1    13     0     1   -77.0  -19.530  -49.575   4573.4    552.6
     1     1     7     8     1    12     0     0   -78.0  -19.515  -49.798   4592.0    552.4
     1     1     7     8     1    11     0     1   -79.0  -19.507  -50.027   4622.5    551.4
     1     1     7     8     1    10     0     2   -80.0  -19.506  -50.265   4661.0    549.1
     1     1     7     8     1     9     0     3   -81.0  -19.511  -50.511   4702.8    546.8
     1     1     7     8     1     8     0     2   -82.0  -19.516  -50.755   4745.9    545.0
     1     1     7     8     1     7     0     1   -83.0  -19.514  -50.990   4790.7    543.0
     1     1     7     8     1     6     0     0   -84.0  -19.511  -51.218   4833.8    539.0
     1     1     7     8     1     5     0     1   -85.0  -19.511  -51.439   4881.1    534.7
     1     1     7     8     1     4     0     2   -86.0  -19.521  -51.650   4930.8    530.4
     1     1     7     8     1     3     0     3   -87.0  -19.544  -51.855   4981.9    526.4
     1     1     7     8     1     2     0     2   -88.0  -19.586  -52.063   5035.4    522.6
     1     1     7     8     1     1     0     1   -89.0  -19.654  -52.284   5094.7    520.1
     1     1     7     8     1     0     0     0   -90.0  -19.751  -52.518   5159.3    517.9
     1     1     7     7    31    23     0     1   -91.0  -19.879  -52.777   5221.8    515.6
     1     1     7     7    31    22     0     2   -92.0  -20.038  -53.074   5270.2    514.2
     1     1     7     7    31    21     0     3   -93.0  -20.222  -53.424   5289.2    509.0
     1     1     7     7    31    20     0     2   -94.0  -20.408  -53.830   5308.1    504.8
     1     1     7     7    31    19     0     1   -95.0  -20.579  -54.280   5353.3    502.9
     1     1     7     7    31    18     0     0   -96.0  -20.736  -54.760   5409.8    501.9
     1     1     7     7    31    17     0     1   -97.0  -20.869  -55.256   5457.2    500.9
     1     1     7     7    31    16     0     2   -98.0  -20.965  -55.754   5496.9    501.6
     1     1     7     7    31    15     0     3   -99.0  -21.029  -56.252   5534.0    500.8
     1     1     7     7    31    14     0     2  -100.0  -21.065  -56.757   5571.6    498.2
     1     1     7     7    31    13     0     1  -101.0  -21.073  -57.263   5619.6    498.7
     1     1     7     7    31    12     0     0  -102.0  -21.062  -57.755   5677.3    501.9
     1     1     7     7    31    11     0     1  -103.0  -21.021  -58.230   5730.5    502.1
     1     1     7     7    31    10     0     2  -104.0  -20.935  -58.693   5780.4    498.3
     1     1     7     7    31     9     0     3  -105.0  -20.808  -59.153   5825.9    493.7
     1     1     7     7    31     8     0     2  -106.0  -20.657  -59.607   5848.3    489.8
     1     1     7     7    31     7     0     1  -107.0  -20.494  -60.043   5849.3    488.4
     1     1     7     7    31     6     0     0  -108.0  -20.317  -60.457   5850.4    488.8
     1     1     7     7    31     5     0     1  -109.0  -20.128  -60.842   5856.0    488.4
     1     1     7     7    31     4     0     2  -110.0  -19.929  -61.200   5855.8    485.3
     1     1     7     7    31     3     0     3  -111.0  -19.717  -61.544   5857.0    480.1
     1     1     7     7    31     2     0     2  -112.0  -19.503  -61.888   5866.4    475.0
     1     1     7     7    31     1     0     1  -113.0  -19.291  -62.233   5878.7    472.0
     1     1     7     7    31     0     0     0  -114.0  -19.080  -62.570   5897.7    471.6
     1     1     7     7    30    23     0     1  -115.0  -18.874  -62.896   5929.6    470.3
     1     1     7     7    30    22     0     2  -116.0  -18.676  -63.227   5909.6    457.1
     1     1     7     7    30    21     0     3  -117.0  -18.477  -63.589   5839.6    439.3
     1     1     7     7    30    20     0     2  -118.0  -18.265  -63.989   5725.2    422.2
     1     1     7     7    30    19     0     1  -119.0  -18.022  -64.415   5552.5    406.7
     1     1     7     7    30    18     0     0  -120.0  -17.750  -64.822   5473.2    418.7
