     7     1
    GDAS     7     7    22     0     0
    GDAS     7     8     8     0     0
    GDAS     7     8    15     0     0
    GDAS     7     8    22     0     0
    GDAS     7     8    29     0     0
    GDAS     7     8     1     0     0
    GDAS     7     7    29     0     0
     1 BACKWARD OMEGA   
     7     8    25    18  -23.561  -46.740  4000.0
     1 PRESSURE
     1     1     7     8    25    18     0     0     0.0  -23.561  -46.740   4000.0    583.8
     1     1     7     8    25    17     0     1    -1.0  -23.292  -47.105   3984.7    580.6
     1     1     7     8    25    16     0     2    -2.0  -23.028  -47.439   3971.7    584.1
     1     1     7     8    25    15     0     3    -3.0  -22.771  -47.725   3937.6    590.0
     1     1     7     8    25    14     0     2    -4.0  -22.525  -47.970   3903.3    596.8
     1     1     7     8    25    13     0     1    -5.0  -22.291  -48.190   3889.2    597.1
     1     1     7     8    25    12     0     0    -6.0  -22.073  -48.396   3913.9    596.3
     1     1     7     8    25    11     0     1    -7.0  -21.867  -48.594   3949.3    592.7
     1     1     7     8    25    10     0     2    -8.0  -21.665  -48.779   3965.8    592.4
     1     1     7     8    25     9     0     3    -9.0  -21.462  -48.949   3965.2    593.5
     1     1     7     8    25     8     0     2   -10.0  -21.253  -49.102   3966.5    595.6
     1     1     7     8    25     7     0     1   -11.0  -21.039  -49.243   3988.5    594.1
     1     1     7     8    25     6     0     0   -12.0  -20.821  -49.368   4025.1    591.5
     1     1     7     8    25     5     0     1   -13.0  -20.597  -49.471   4054.2    588.9
     1     1     7     8    25     4     0     2   -14.0  -20.367  -49.541   4061.5    589.4
     1     1     7     8    25     3     0     3   -15.0  -20.132  -49.577   4051.8    591.1
     1     1     7     8    25     2     0     2   -16.0  -19.899  -49.578   4039.7    592.3
     1     1     7     8    25     1     0     1   -17.0  -19.679  -49.551   4037.6    590.2
     1     1     7     8    25     0     0     0   -18.0  -19.475  -49.500   4042.6    587.3
     1     1     7     8    24    23     0     1   -19.0  -19.281  -49.432   4039.5    584.2
     1     1     7     8    24    22     0     2   -20.0  -19.089  -49.353   4018.4    583.0
     1     1     7     8    24    21     0     3   -21.0  -18.902  -49.261   3986.3    583.7
     1     1     7     8    24    20     0     2   -22.0  -18.721  -49.159   3961.4    586.3
     1     1     7     8    24    19     0     1   -23.0  -18.550  -49.051   3955.4    586.3
     1     1     7     8    24    18     0     0   -24.0  -18.385  -48.933   3963.4    585.1
     1     1     7     8    24    17     0     1   -25.0  -18.226  -48.793   3976.7    583.3
     1     1     7     8    24    16     0     2   -26.0  -18.075  -48.622   3989.1    581.9
     1     1     7     8    24    15     0     3   -27.0  -17.932  -48.426   3998.4    579.7
     1     1     7     8    24    14     0     2   -28.0  -17.800  -48.221   4015.2    576.1
     1     1     7     8    24    13     0     1   -29.0  -17.679  -48.015   4054.0    570.2
     1     1     7     8    24    12     0     0   -30.0  -17.567  -47.808   4122.1    564.9
     1     1     7     8    24    11     0     1   -31.0  -17.468  -47.606   4190.1    558.3
     1     1     7     8    24    10     0     2   -32.0  -17.381  -47.411   4232.1    555.8
     1     1     7     8    24     9     0     3   -33.0  -17.299  -47.226   4248.7    555.5
     1     1     7     8    24     8     0     2   -34.0  -17.219  -47.038   4252.7    557.7
     1     1     7     8    24     7     0     1   -35.0  -17.144  -46.837   4257.6    559.1
     1     1     7     8    24     6     0     0   -36.0  -17.073  -46.624   4269.5    560.2
     1     1     7     8    24     5     0     1   -37.0  -17.005  -46.399   4292.5    561.2
     1     1     7     8    24     4     0     2   -38.0  -16.943  -46.160   4325.1    561.1
     1     1     7     8    24     3     0     3   -39.0  -16.888  -45.909   4362.3    560.2
     1     1     7     8    24     2     0     2   -40.0  -16.845  -45.655   4396.7    557.6
     1     1     7     8    24     1     0     1   -41.0  -16.815  -45.406   4428.1    555.5
     1     1     7     8    24     0     0     0   -42.0  -16.797  -45.164   4454.3    553.7
     1     1     7     8    23    23     0     1   -43.0  -16.786  -44.936   4478.9    551.3
     1     1     7     8    23    22     0     2   -44.0  -16.777  -44.732   4506.8    546.1
     1     1     7     8    23    21     0     3   -45.0  -16.769  -44.553   4545.7    540.5
     1     1     7     8    23    20     0     2   -46.0  -16.765  -44.391   4586.0    535.0
     1     1     7     8    23    19     0     1   -47.0  -16.770  -44.235   4617.3    530.7
     1     1     7     8    23    18     0     0   -48.0  -16.779  -44.083   4638.0    527.1
     1     1     7     8    23    17     0     1   -49.0  -16.795  -43.932   4657.6    525.2
     1     1     7     8    23    16     0     2   -50.0  -16.820  -43.778   4682.5    523.9
     1     1     7     8    23    15     0     3   -51.0  -16.852  -43.621   4706.2    522.9
     1     1     7     8    23    14     0     2   -52.0  -16.890  -43.475   4729.4    521.9
     1     1     7     8    23    13     0     1   -53.0  -16.935  -43.354   4755.1    520.7
     1     1     7     8    23    12     0     0   -54.0  -16.989  -43.255   4784.8    519.2
     1     1     7     8    23    11     0     1   -55.0  -17.050  -43.184   4810.3    516.5
     1     1     7     8    23    10     0     2   -56.0  -17.117  -43.148   4824.8    514.6
     1     1     7     8    23     9     0     3   -57.0  -17.193  -43.142   4829.2    513.2
     1     1     7     8    23     8     0     2   -58.0  -17.276  -43.157   4829.5    512.6
     1     1     7     8    23     7     0     1   -59.0  -17.360  -43.184   4830.5    511.6
     1     1     7     8    23     6     0     0   -60.0  -17.446  -43.223   4830.1    510.6
     1     1     7     8    23     5     0     1   -61.0  -17.535  -43.268   4830.2    510.1
     1     1     7     8    23     4     0     2   -62.0  -17.630  -43.309   4835.0    509.3
     1     1     7     8    23     3     0     3   -63.0  -17.726  -43.349   4847.7    507.9
     1     1     7     8    23     2     0     2   -64.0  -17.825  -43.392   4869.1    505.7
     1     1     7     8    23     1     0     1   -65.0  -17.927  -43.444   4900.5    503.1
     1     1     7     8    23     0     0     0   -66.0  -18.035  -43.502   4947.3    500.1
     1     1     7     8    22    23     0     1   -67.0  -18.157  -43.570   5006.9    496.9
     1     1     7     8    22    22     0     2   -68.0  -18.302  -43.648   5065.4    494.2
     1     1     7     8    22    21     0     3   -69.0  -18.471  -43.735   5115.9    492.1
     1     1     7     8    22    20     0     2   -70.0  -18.657  -43.825   5155.1    491.2
     1     1     7     8    22    19     0     1   -71.0  -18.853  -43.915   5185.9    490.9
     1     1     7     8    22    18     0     0   -72.0  -19.058  -44.005   5210.1    489.7
     1     1     7     8    22    17     0     1   -73.0  -19.269  -44.102   5235.7    486.9
     1     1     7     8    22    16     0     2   -74.0  -19.488  -44.212   5276.7    483.0
     1     1     7     8    22    15     0     3   -75.0  -19.717  -44.329   5332.9    478.3
     1     1     7     8    22    14     0     2   -76.0  -19.955  -44.457   5397.4    473.1
     1     1     7     8    22    13     0     1   -77.0  -20.202  -44.608   5459.4    469.7
     1     1     7     8    22    12     0     0   -78.0  -20.458  -44.781   5502.7    467.4
     1     1     7     8    22    11     0     1   -79.0  -20.724  -44.974   5536.2    465.3
     1     1     7     8    22    10     0     2   -80.0  -20.997  -45.194   5572.8    460.8
     1     1     7     8    22     9     0     3   -81.0  -21.276  -45.456   5626.0    455.1
     1     1     7     8    22     8     0     2   -82.0  -21.559  -45.759   5698.0    448.6
     1     1     7     8    22     7     0     1   -83.0  -21.840  -46.089   5782.7    443.5
     1     1     7     8    22     6     0     0   -84.0  -22.122  -46.446   5893.0    439.7
     1     1     7     8    22     5     0     1   -85.0  -22.402  -46.828   6019.1    437.3
     1     1     7     8    22     4     0     2   -86.0  -22.669  -47.218   6128.3    437.6
     1     1     7     8    22     3     0     3   -87.0  -22.912  -47.601   6200.4    440.4
     1     1     7     8    22     2     0     2   -88.0  -23.131  -47.973   6245.9    443.3
     1     1     7     8    22     1     0     1   -89.0  -23.325  -48.348   6252.3    437.3
     1     1     7     8    22     0     0     0   -90.0  -23.499  -48.739   6260.3    432.0
     1     1     7     8    21    23     0     1   -91.0  -23.670  -49.154   6273.7    429.3
     1     1     7     8    21    22     0     2   -92.0  -23.852  -49.595   6286.2    428.8
     1     1     7     8    21    21     0     3   -93.0  -24.054  -50.069   6289.0    426.6
     1     1     7     8    21    20     0     2   -94.0  -24.257  -50.579   6304.7    425.2
     1     1     7     8    21    19     0     1   -95.0  -24.440  -51.117   6322.8    424.3
     1     1     7     8    21    18     0     0   -96.0  -24.603  -51.680   6339.9    424.7
     1     1     7     8    21    17     0     1   -97.0  -24.740  -52.246   6336.7    426.8
     1     1     7     8    21    16     0     2   -98.0  -24.848  -52.802   6314.6    433.1
     1     1     7     8    21    15     0     3   -99.0  -24.926  -53.351   6268.6    441.0
     1     1     7     8    21    14     0     2  -100.0  -24.971  -53.893   6231.6    449.3
     1     1     7     8    21    13     0     1  -101.0  -24.989  -54.423   6236.3    455.2
     1     1     7     8    21    12     0     0  -102.0  -24.987  -54.943   6265.0    459.8
     1     1     7     8    21    11     0     1  -103.0  -24.956  -55.448   6262.3    458.0
     1     1     7     8    21    10     0     2  -104.0  -24.880  -55.933   6244.5    457.6
     1     1     7     8    21     9     0     3  -105.0  -24.758  -56.396   6233.0    463.0
     1     1     7     8    21     8     0     2  -106.0  -24.614  -56.834   6198.2    469.7
     1     1     7     8    21     7     0     1  -107.0  -24.479  -57.252   6136.4    475.1
     1     1     7     8    21     6     0     0  -108.0  -24.352  -57.653   6065.7    479.9
     1     1     7     8    21     5     0     1  -109.0  -24.222  -58.048   5995.1    485.7
     1     1     7     8    21     4     0     2  -110.0  -24.086  -58.451   5918.0    489.9
     1     1     7     8    21     3     0     3  -111.0  -23.943  -58.859   5834.1    493.5
     1     1     7     8    21     2     0     2  -112.0  -23.796  -59.271   5758.9    498.7
     1     1     7     8    21     1     0     1  -113.0  -23.654  -59.691   5701.2    503.6
     1     1     7     8    21     0     0     0  -114.0  -23.512  -60.114   5649.6    507.1
     1     1     7     8    20    23     0     1  -115.0  -23.369  -60.549   5591.0    506.8
     1     1     7     8    20    22     0     2  -116.0  -23.230  -60.996   5537.1    504.8
     1     1     7     8    20    21     0     3  -117.0  -23.086  -61.447   5537.5    508.9
     1     1     7     8    20    20     0     2  -118.0  -22.932  -61.900   5581.7    510.2
     1     1     7     8    20    19     0     1  -119.0  -22.772  -62.375   5613.6    501.2
     1     1     7     8    20    18     0     0  -120.0  -22.616  -62.901   5630.3    490.9
