     7     1
    GDAS     7     7    22     0     0
    GDAS     7     8     8     0     0
    GDAS     7     8    15     0     0
    GDAS     7     8    22     0     0
    GDAS     7     8    29     0     0
    GDAS     7     8     1     0     0
    GDAS     7     7    29     0     0
     1 BACKWARD OMEGA   
     7     8    29     6  -23.561  -46.740  4000.0
     1 PRESSURE
     1     1     7     8    29     6     0     0     0.0  -23.561  -46.740   4000.0    586.3
     1     1     7     8    29     5     0     1    -1.0  -23.290  -47.164   4070.4    576.6
     1     1     7     8    29     4     0     2    -2.0  -23.010  -47.546   4123.9    576.8
     1     1     7     8    29     3     0     3    -3.0  -22.717  -47.884   4136.8    579.8
     1     1     7     8    29     2     0     2    -4.0  -22.425  -48.199   4095.2    581.5
     1     1     7     8    29     1     0     1    -5.0  -22.141  -48.500   4012.4    588.3
     1     1     7     8    29     0     0     0    -6.0  -21.858  -48.781   3908.8    599.5
     1     1     7     8    28    23     0     1    -7.0  -21.576  -49.029   3832.1    609.8
     1     1     7     8    28    22     0     2    -8.0  -21.310  -49.244   3809.0    610.8
     1     1     7     8    28    21     0     3    -9.0  -21.069  -49.431   3821.3    609.0
     1     1     7     8    28    20     0     2   -10.0  -20.852  -49.599   3839.7    607.0
     1     1     7     8    28    19     0     1   -11.0  -20.652  -49.758   3847.1    607.5
     1     1     7     8    28    18     0     0   -12.0  -20.469  -49.909   3846.7    608.7
     1     1     7     8    28    17     0     1   -13.0  -20.294  -50.050   3841.8    610.5
     1     1     7     8    28    16     0     2   -14.0  -20.119  -50.176   3834.2    612.5
     1     1     7     8    28    15     0     3   -15.0  -19.945  -50.287   3823.8    613.9
     1     1     7     8    28    14     0     2   -16.0  -19.770  -50.391   3816.8    614.1
     1     1     7     8    28    13     0     1   -17.0  -19.592  -50.493   3819.9    612.8
     1     1     7     8    28    12     0     0   -18.0  -19.413  -50.591   3829.2    611.1
     1     1     7     8    28    11     0     1   -19.0  -19.244  -50.675   3844.8    608.7
     1     1     7     8    28    10     0     2   -20.0  -19.094  -50.739   3867.0    605.6
     1     1     7     8    28     9     0     3   -21.0  -18.956  -50.787   3890.8    602.2
     1     1     7     8    28     8     0     2   -22.0  -18.822  -50.824   3910.3    599.0
     1     1     7     8    28     7     0     1   -23.0  -18.687  -50.850   3924.8    596.5
     1     1     7     8    28     6     0     0   -24.0  -18.551  -50.861   3938.0    593.9
     1     1     7     8    28     5     0     1   -25.0  -18.424  -50.866   3949.6    591.7
     1     1     7     8    28     4     0     2   -26.0  -18.315  -50.872   3957.6    590.2
     1     1     7     8    28     3     0     3   -27.0  -18.225  -50.878   3962.8    589.1
     1     1     7     8    28     2     0     2   -28.0  -18.150  -50.895   3966.3    587.9
     1     1     7     8    28     1     0     1   -29.0  -18.086  -50.933   3968.1    586.6
     1     1     7     8    28     0     0     0   -30.0  -18.029  -50.993   3966.9    585.4
     1     1     7     8    27    23     0     1   -31.0  -17.971  -51.065   3978.0    584.7
     1     1     7     8    27    22     0     2   -32.0  -17.904  -51.137   4014.1    581.4
     1     1     7     8    27    21     0     3   -33.0  -17.826  -51.208   4069.4    576.7
     1     1     7     8    27    20     0     2   -34.0  -17.742  -51.283   4120.1    571.5
     1     1     7     8    27    19     0     1   -35.0  -17.659  -51.368   4147.0    569.5
     1     1     7     8    27    18     0     0   -36.0  -17.582  -51.460   4150.4    569.1
     1     1     7     8    27    17     0     1   -37.0  -17.507  -51.563   4145.6    570.2
     1     1     7     8    27    16     0     2   -38.0  -17.427  -51.684   4147.3    569.6
     1     1     7     8    27    15     0     3   -39.0  -17.345  -51.820   4156.4    568.3
     1     1     7     8    27    14     0     2   -40.0  -17.260  -51.968   4162.3    566.1
     1     1     7     8    27    13     0     1   -41.0  -17.173  -52.121   4157.7    566.8
     1     1     7     8    27    12     0     0   -42.0  -17.083  -52.282   4140.3    569.2
     1     1     7     8    27    11     0     1   -43.0  -16.985  -52.437   4120.3    572.8
     1     1     7     8    27    10     0     2   -44.0  -16.873  -52.573   4110.6    575.9
     1     1     7     8    27     9     0     3   -45.0  -16.750  -52.691   4105.0    578.2
     1     1     7     8    27     8     0     2   -46.0  -16.622  -52.795   4102.3    580.4
     1     1     7     8    27     7     0     1   -47.0  -16.492  -52.892   4104.5    581.7
     1     1     7     8    27     6     0     0   -48.0  -16.359  -52.985   4113.8    582.1
     1     1     7     8    27     5     0     1   -49.0  -16.223  -53.082   4132.4    582.0
     1     1     7     8    27     4     0     2   -50.0  -16.082  -53.185   4165.9    580.9
     1     1     7     8    27     3     0     3   -51.0  -15.930  -53.293   4217.8    577.7
     1     1     7     8    27     2     0     2   -52.0  -15.777  -53.398   4274.2    571.4
     1     1     7     8    27     1     0     1   -53.0  -15.629  -53.493   4321.6    566.6
     1     1     7     8    27     0     0     0   -54.0  -15.480  -53.579   4357.1    562.6
     1     1     7     8    26    23     0     1   -55.0  -15.322  -53.659   4385.1    559.2
     1     1     7     8    26    22     0     2   -56.0  -15.148  -53.738   4412.7    555.2
     1     1     7     8    26    21     0     3   -57.0  -14.961  -53.818   4444.1    551.4
     1     1     7     8    26    20     0     2   -58.0  -14.782  -53.896   4484.2    550.3
     1     1     7     8    26    19     0     1   -59.0  -14.628  -53.968   4524.3    549.3
     1     1     7     8    26    18     0     0   -60.0  -14.493  -54.035   4567.5    548.3
     1     1     7     8    26    17     0     1   -61.0  -14.372  -54.098   4605.9    547.1
     1     1     7     8    26    16     0     2   -62.0  -14.261  -54.156   4630.8    547.3
     1     1     7     8    26    15     0     3   -63.0  -14.161  -54.208   4643.7    548.0
     1     1     7     8    26    14     0     2   -64.0  -14.072  -54.259   4651.2    549.1
     1     1     7     8    26    13     0     1   -65.0  -13.993  -54.312   4659.9    549.6
     1     1     7     8    26    12     0     0   -66.0  -13.924  -54.367   4669.1    549.6
     1     1     7     8    26    11     0     1   -67.0  -13.850  -54.427   4671.2    549.2
     1     1     7     8    26    10     0     2   -68.0  -13.761  -54.495   4658.8    550.4
     1     1     7     8    26     9     0     3   -69.0  -13.655  -54.577   4633.7    552.6
     1     1     7     8    26     8     0     2   -70.0  -13.538  -54.664   4608.7    556.0
     1     1     7     8    26     7     0     1   -71.0  -13.414  -54.740   4594.8    557.6
     1     1     7     8    26     6     0     0   -72.0  -13.281  -54.808   4590.4    558.5
     1     1     7     8    26     5     0     1   -73.0  -13.139  -54.859   4600.9    559.2
     1     1     7     8    26     4     0     2   -74.0  -12.987  -54.882   4632.4    558.0
     1     1     7     8    26     3     0     3   -75.0  -12.825  -54.875   4682.3    554.9
     1     1     7     8    26     2     0     2   -76.0  -12.663  -54.850   4740.9    550.0
     1     1     7     8    26     1     0     1   -77.0  -12.510  -54.815   4797.9    546.1
     1     1     7     8    26     0     0     0   -78.0  -12.362  -54.770   4852.1    542.4
     1     1     7     8    25    23     0     1   -79.0  -12.223  -54.731   4907.3    538.8
     1     1     7     8    25    22     0     2   -80.0  -12.099  -54.708   4967.9    534.4
     1     1     7     8    25    21     0     3   -81.0  -11.987  -54.697   5033.3    529.7
     1     1     7     8    25    20     0     2   -82.0  -11.883  -54.692   5095.5    525.4
     1     1     7     8    25    19     0     1   -83.0  -11.786  -54.692   5146.2    522.4
     1     1     7     8    25    18     0     0   -84.0  -11.694  -54.693   5185.6    520.1
     1     1     7     8    25    17     0     1   -85.0  -11.604  -54.694   5219.8    518.6
     1     1     7     8    25    16     0     2   -86.0  -11.509  -54.689   5254.5    516.7
     1     1     7     8    25    15     0     3   -87.0  -11.410  -54.678   5289.1    514.9
     1     1     7     8    25    14     0     2   -88.0  -11.308  -54.660   5327.1    512.8
     1     1     7     8    25    13     0     1   -89.0  -11.201  -54.637   5372.8    510.0
     1     1     7     8    25    12     0     0   -90.0  -11.089  -54.608   5427.5    506.7
     1     1     7     8    25    11     0     1   -91.0  -10.968  -54.564   5477.7    502.6
     1     1     7     8    25    10     0     2   -92.0  -10.839  -54.502   5508.0    500.1
     1     1     7     8    25     9     0     3   -93.0  -10.707  -54.424   5520.2    498.6
     1     1     7     8    25     8     0     2   -94.0  -10.579  -54.338   5520.2    498.2
     1     1     7     8    25     7     0     1   -95.0  -10.462  -54.248   5512.6    497.8
     1     1     7     8    25     6     0     0   -96.0  -10.356  -54.154   5494.9    497.7
     1     1     7     8    25     5     0     1   -97.0  -10.264  -54.061   5477.7    498.7
     1     1     7     8    25     4     0     2   -98.0  -10.187  -53.969   5475.1    498.5
     1     1     7     8    25     3     0     3   -99.0  -10.127  -53.875   5489.7    498.2
     1     1     7     8    25     2     0     2  -100.0  -10.076  -53.785   5508.7    496.7
     1     1     7     8    25     1     0     1  -101.0  -10.028  -53.707   5523.3    496.2
     1     1     7     8    25     0     0     0  -102.0   -9.981  -53.642   5536.6    495.9
     1     1     7     8    24    23     0     1  -103.0   -9.931  -53.581   5547.2    495.5
     1     1     7     8    24    22     0     2  -104.0   -9.871  -53.519   5551.4    495.7
     1     1     7     8    24    21     0     3  -105.0   -9.801  -53.457   5549.3    496.3
     1     1     7     8    24    20     0     2  -106.0   -9.728  -53.390   5542.1    497.5
     1     1     7     8    24    19     0     1  -107.0   -9.656  -53.313   5530.9    498.9
     1     1     7     8    24    18     0     0  -108.0   -9.586  -53.230   5514.9    500.5
     1     1     7     8    24    17     0     1  -109.0   -9.519  -53.140   5496.7    502.4
     1     1     7     8    24    16     0     2  -110.0   -9.458  -53.044   5478.2    503.9
     1     1     7     8    24    15     0     3  -111.0   -9.405  -52.942   5455.1    505.4
     1     1     7     8    24    14     0     2  -112.0   -9.350  -52.845   5438.5    506.8
     1     1     7     8    24    13     0     1  -113.0   -9.290  -52.763   5443.1    506.2
     1     1     7     8    24    12     0     0  -114.0   -9.227  -52.691   5471.3    504.0
     1     1     7     8    24    11     0     1  -115.0   -9.161  -52.621   5504.7    500.0
     1     1     7     8    24    10     0     2  -116.0   -9.085  -52.549   5523.2    498.3
     1     1     7     8    24     9     0     3  -117.0   -8.992  -52.481   5525.9    497.6
     1     1     7     8    24     8     0     2  -118.0   -8.892  -52.407   5529.9    498.5
     1     1     7     8    24     7     0     1  -119.0   -8.799  -52.319   5549.1    497.6
     1     1     7     8    24     6     0     0  -120.0   -8.714  -52.217   5583.6    495.6
