     7     1
    GDAS     7     7    22     0     0
    GDAS     7     8     8     0     0
    GDAS     7     8    15     0     0
    GDAS     7     8    22     0     0
    GDAS     7     8    29     0     0
    GDAS     7     8     1     0     0
    GDAS     7     7    29     0     0
     1 BACKWARD OMEGA   
     7     8    19     6  -23.561  -46.740  4000.0
     1 PRESSURE
     1     1     7     8    19     6     0     0     0.0  -23.561  -46.740   4000.0    585.3
     1     1     7     8    19     5     0     1    -1.0  -23.335  -46.885   3989.4    580.4
     1     1     7     8    19     4     0     2    -2.0  -23.101  -47.025   3971.0    580.0
     1     1     7     8    19     3     0     3    -3.0  -22.854  -47.157   3943.8    582.0
     1     1     7     8    19     2     0     2    -4.0  -22.594  -47.277   3911.9    584.7
     1     1     7     8    19     1     0     1    -5.0  -22.328  -47.379   3884.0    586.5
     1     1     7     8    19     0     0     0    -6.0  -22.053  -47.454   3866.4    587.2
     1     1     7     8    18    23     0     1    -7.0  -21.774  -47.503   3863.5    587.2
     1     1     7     8    18    22     0     2    -8.0  -21.494  -47.530   3865.0    586.6
     1     1     7     8    18    21     0     3    -9.0  -21.218  -47.538   3861.0    586.1
     1     1     7     8    18    20     0     2   -10.0  -20.952  -47.517   3851.3    586.6
     1     1     7     8    18    19     0     1   -11.0  -20.696  -47.464   3841.2    585.8
     1     1     7     8    18    18     0     0   -12.0  -20.449  -47.389   3833.8    584.2
     1     1     7     8    18    17     0     1   -13.0  -20.216  -47.296   3826.0    581.8
     1     1     7     8    18    16     0     2   -14.0  -20.001  -47.184   3811.7    579.3
     1     1     7     8    18    15     0     3   -15.0  -19.803  -47.049   3790.7    578.0
     1     1     7     8    18    14     0     2   -16.0  -19.625  -46.897   3768.0    579.8
     1     1     7     8    18    13     0     1   -17.0  -19.469  -46.741   3746.5    582.3
     1     1     7     8    18    12     0     0   -18.0  -19.331  -46.582   3723.8    585.3
     1     1     7     8    18    11     0     1   -19.0  -19.206  -46.428   3701.5    588.4
     1     1     7     8    18    10     0     2   -20.0  -19.084  -46.284   3684.9    591.4
     1     1     7     8    18     9     0     3   -21.0  -18.958  -46.146   3681.3    593.6
     1     1     7     8    18     8     0     2   -22.0  -18.827  -45.997   3696.2    594.6
     1     1     7     8    18     7     0     1   -23.0  -18.690  -45.823   3735.5    594.6
     1     1     7     8    18     6     0     0   -24.0  -18.546  -45.623   3796.5    592.3
     1     1     7     8    18     5     0     1   -25.0  -18.391  -45.404   3863.1    588.6
     1     1     7     8    18     4     0     2   -26.0  -18.226  -45.166   3916.3    585.8
     1     1     7     8    18     3     0     3   -27.0  -18.052  -44.912   3941.2    582.5
     1     1     7     8    18     2     0     2   -28.0  -17.883  -44.654   3949.4    579.5
     1     1     7     8    18     1     0     1   -29.0  -17.728  -44.400   3965.0    575.1
     1     1     7     8    18     0     0     0   -30.0  -17.579  -44.148   3986.9    570.1
     1     1     7     8    17    23     0     1   -31.0  -17.440  -43.892   4011.0    566.1
     1     1     7     8    17    22     0     2   -32.0  -17.323  -43.625   4034.7    566.3
     1     1     7     8    17    21     0     3   -33.0  -17.232  -43.344   4056.2    566.8
     1     1     7     8    17    20     0     2   -34.0  -17.159  -43.050   4072.6    567.7
     1     1     7     8    17    19     0     1   -35.0  -17.096  -42.747   4086.1    571.8
     1     1     7     8    17    18     0     0   -36.0  -17.047  -42.439   4092.3    576.2
     1     1     7     8    17    17     0     1   -37.0  -17.010  -42.115   4095.9    581.4
     1     1     7     8    17    16     0     2   -38.0  -16.979  -41.767   4091.2    583.0
     1     1     7     8    17    15     0     3   -39.0  -16.953  -41.396   4078.3    584.1
     1     1     7     8    17    14     0     2   -40.0  -16.939  -41.008   4074.5    585.4
     1     1     7     8    17    13     0     1   -41.0  -16.949  -40.605   4114.2    590.4
     1     1     7     8    17    12     0     0   -42.0  -16.983  -40.188   4188.5    593.0
     1     1     7     8    17    11     0     1   -43.0  -17.042  -39.755   4289.9    593.6
     1     1     7     8    17    10     0     2   -44.0  -17.134  -39.311   4403.1    594.3
     1     1     7     8    17     9     0     3   -45.0  -17.263  -38.870   4513.0    591.6
     1     1     7     8    17     8     0     2   -46.0  -17.417  -38.442   4597.8    585.3
     1     1     7     8    17     7     0     1   -47.0  -17.583  -38.030   4661.7    581.5
     1     1     7     8    17     6     0     0   -48.0  -17.762  -37.630   4708.7    578.0
     1     1     7     8    17     5     0     1   -49.0  -17.956  -37.233   4736.0    575.1
     1     1     7     8    17     4     0     2   -50.0  -18.164  -36.831   4739.7    575.3
     1     1     7     8    17     3     0     3   -51.0  -18.391  -36.431   4725.2    577.7
     1     1     7     8    17     2     0     2   -52.0  -18.648  -36.044   4718.3    580.3
     1     1     7     8    17     1     0     1   -53.0  -18.944  -35.679   4739.3    578.6
     1     1     7     8    17     0     0     0   -54.0  -19.281  -35.338   4782.3    575.4
     1     1     7     8    16    23     0     1   -55.0  -19.651  -35.021   4839.8    570.8
     1     1     7     8    16    22     0     2   -56.0  -20.054  -34.721   4915.9    565.8
     1     1     7     8    16    21     0     3   -57.0  -20.497  -34.444   5016.9    558.0
     1     1     7     8    16    20     0     2   -58.0  -20.985  -34.188   5128.2    548.5
     1     1     7     8    16    19     0     1   -59.0  -21.513  -33.958   5238.5    540.6
     1     1     7     8    16    18     0     0   -60.0  -22.086  -33.752   5352.7    533.4
     1     1     7     8    16    17     0     1   -61.0  -22.697  -33.571   5464.7    525.7
     1     1     7     8    16    16     0     2   -62.0  -23.323  -33.421   5566.2    519.4
     1     1     7     8    16    15     0     3   -63.0  -23.960  -33.303   5676.5    513.9
     1     1     7     8    16    14     0     2   -64.0  -24.593  -33.228   5805.0    505.3
     1     1     7     8    16    13     0     1   -65.0  -25.221  -33.203   5945.3    496.0
     1     1     7     8    16    12     0     0   -66.0  -25.865  -33.232   6089.6    486.9
     1     1     7     8    16    11     0     1   -67.0  -26.523  -33.308   6221.7    477.2
     1     1     7     8    16    10     0     2   -68.0  -27.180  -33.426   6328.1    470.0
     1     1     7     8    16     9     0     3   -69.0  -27.844  -33.579   6409.1    465.0
     1     1     7     8    16     8     0     2   -70.0  -28.503  -33.757   6477.2    462.0
     1     1     7     8    16     7     0     1   -71.0  -29.131  -33.968   6557.3    457.5
     1     1     7     8    16     6     0     0   -72.0  -29.732  -34.218   6660.4    451.5
     1     1     7     8    16     5     0     1   -73.0  -30.298  -34.484   6783.7    444.0
     1     1     7     8    16     4     0     2   -74.0  -30.819  -34.757   6917.3    436.1
     1     1     7     8    16     3     0     3   -75.0  -31.315  -35.045   7056.4    428.6
     1     1     7     8    16     2     0     2   -76.0  -31.787  -35.353   7189.2    420.2
     1     1     7     8    16     1     0     1   -77.0  -32.226  -35.697   7319.3    412.9
     1     1     7     8    16     0     0     0   -78.0  -32.653  -36.092   7465.1    405.3
     1     1     7     8    15    23     0     1   -79.0  -33.066  -36.537   7584.2    395.9
     1     1     7     8    15    22     0     2   -80.0  -33.437  -37.014   7647.1    392.4
     1     1     7     8    15    21     0     3   -81.0  -33.779  -37.536   7689.7    391.4
     1     1     7     8    15    20     0     2   -82.0  -34.103  -38.117   7718.2    389.9
     1     1     7     8    15    19     0     1   -83.0  -34.378  -38.743   7732.8    388.6
     1     1     7     8    15    18     0     0   -84.0  -34.596  -39.402   7759.2    387.8
     1     1     7     8    15    17     0     1   -85.0  -34.779  -40.130   7808.9    385.1
     1     1     7     8    15    16     0     2   -86.0  -34.924  -40.936   7874.8    381.4
     1     1     7     8    15    15     0     3   -87.0  -35.003  -41.724   7875.5    379.6
     1     1     7     8    15    14     0     2   -88.0  -35.020  -42.532   7800.4    384.9
     1     1     7     8    15    13     0     1   -89.0  -34.991  -43.428   7766.1    386.9
     1     1     7     8    15    12     0     0   -90.0  -34.918  -44.338   7765.6    385.5
     1     1     7     8    15    11     0     1   -91.0  -34.796  -45.298   7718.5    388.4
     1     1     7     8    15    10     0     2   -92.0  -34.613  -46.324   7711.8    388.3
     1     1     7     8    15     9     0     3   -93.0  -34.383  -47.360   7707.5    386.6
     1     1     7     8    15     8     0     2   -94.0  -34.071  -48.419   7536.7    396.4
     1     1     7     8    15     7     0     1   -95.0  -33.658  -49.443   7266.4    412.3
     1     1     7     8    15     6     0     0   -96.0  -33.218  -50.452   7013.2    427.1
     1     1     7     8    15     5     0     1   -97.0  -32.756  -51.474   6953.2    430.7
     1     1     7     8    15     4     0     2   -98.0  -32.268  -52.482   7007.2    422.5
     1     1     7     8    15     3     0     3   -99.0  -31.799  -53.519   6905.1    421.7
     1     1     7     8    15     2     0     2  -100.0  -31.297  -54.502   6730.1    431.9
     1     1     7     8    15     1     0     1  -101.0  -30.776  -55.441   6562.1    442.6
     1     1     7     8    15     0     0     0  -102.0  -30.254  -56.393   6399.4    454.9
     1     1     7     8    14    23     0     1  -103.0  -29.717  -57.302   6173.2    470.8
     1     1     7     8    14    22     0     2  -104.0  -29.157  -58.113   5916.7    491.1
     1     1     7     8    14    21     0     3  -105.0  -28.594  -58.890   5725.2    500.9
     1     1     7     8    14    20     0     2  -106.0  -28.051  -59.607   5578.5    511.0
     1     1     7     8    14    19     0     1  -107.0  -27.548  -60.265   5404.5    521.3
     1     1     7     8    14    18     0     0  -108.0  -27.071  -60.894   5214.6    533.4
     1     1     7     8    14    17     0     1  -109.0  -26.611  -61.486   5034.8    544.5
     1     1     7     8    14    16     0     2  -110.0  -26.163  -62.035   4896.1    549.3
     1     1     7     8    14    15     0     3  -111.0  -25.717  -62.552   4798.8    557.0
     1     1     7     8    14    14     0     2  -112.0  -25.285  -63.044   4707.5    565.6
     1     1     7     8    14    13     0     1  -113.0  -24.877  -63.556   4628.7    561.7
     1     1     7     8    14    12     0     0  -114.0  -24.467  -64.132   4625.6    551.4
     1     1     7     8    14    11     0     1  -115.0  -24.012  -64.818   4662.6    503.8
     1     1     7     8    14    10     0     2  -116.0  -23.408  -65.650   4503.7    384.5
     1     1     7     8    14     9     0     3  -117.0  -22.704  -66.598   4497.1    332.9
     1     1     7     8    14     8     0     2  -118.0  -22.044  -67.606   4541.4    325.4
     1     1     7     8    14     7     0     1  -119.0  -21.453  -68.536   4646.1    370.9
     1     1     7     8    14     6     0     0  -120.0  -20.975  -69.275   4800.2    433.9
