     7     1
    GDAS     7     7    22     0     0
    GDAS     7     8     8     0     0
    GDAS     7     8    15     0     0
    GDAS     7     8    22     0     0
    GDAS     7     8    29     0     0
    GDAS     7     8     1     0     0
    GDAS     7     7    29     0     0
     1 BACKWARD OMEGA   
     7     8    28    12  -23.561  -46.740  4000.0
     1 PRESSURE
     1     1     7     8    28    12     0     0     0.0  -23.561  -46.740   4000.0    586.3
     1     1     7     8    28    11     0     1    -1.0  -23.357  -47.164   3992.9    583.6
     1     1     7     8    28    10     0     2    -2.0  -23.175  -47.577   4014.2    585.2
     1     1     7     8    28     9     0     3    -3.0  -23.018  -47.968   4051.4    588.5
     1     1     7     8    28     8     0     2    -4.0  -22.871  -48.357   4068.0    581.4
     1     1     7     8    28     7     0     1    -5.0  -22.716  -48.763   4096.2    575.2
     1     1     7     8    28     6     0     0    -6.0  -22.550  -49.175   4148.3    573.5
     1     1     7     8    28     5     0     1    -7.0  -22.369  -49.581   4199.7    575.3
     1     1     7     8    28     4     0     2    -8.0  -22.176  -49.972   4224.1    578.0
     1     1     7     8    28     3     0     3    -9.0  -21.985  -50.340   4231.0    579.0
     1     1     7     8    28     2     0     2   -10.0  -21.800  -50.710   4242.7    579.8
     1     1     7     8    28     1     0     1   -11.0  -21.620  -51.103   4267.4    580.9
     1     1     7     8    28     0     0     0   -12.0  -21.437  -51.513   4296.3    582.4
     1     1     7     8    27    23     0     1   -13.0  -21.249  -51.935   4332.0    582.1
     1     1     7     8    27    22     0     2   -14.0  -21.068  -52.373   4390.5    577.7
     1     1     7     8    27    21     0     3   -15.0  -20.907  -52.836   4482.6    571.4
     1     1     7     8    27    20     0     2   -16.0  -20.743  -53.333   4569.1    559.8
     1     1     7     8    27    19     0     1   -17.0  -20.554  -53.859   4635.5    549.5
     1     1     7     8    27    18     0     0   -18.0  -20.344  -54.403   4723.4    544.6
     1     1     7     8    27    17     0     1   -19.0  -20.113  -54.960   4815.2    543.5
     1     1     7     8    27    16     0     2   -20.0  -19.852  -55.514   4882.6    546.9
     1     1     7     8    27    15     0     3   -21.0  -19.565  -56.049   4918.5    552.9
     1     1     7     8    27    14     0     2   -22.0  -19.256  -56.565   4908.2    553.9
     1     1     7     8    27    13     0     1   -23.0  -18.919  -57.060   4879.7    556.1
     1     1     7     8    27    12     0     0   -24.0  -18.559  -57.532   4848.7    555.6
     1     1     7     8    27    11     0     1   -25.0  -18.203  -57.974   4826.4    552.5
     1     1     7     8    27    10     0     2   -26.0  -17.872  -58.383   4810.7    549.2
     1     1     7     8    27     9     0     3   -27.0  -17.559  -58.759   4803.9    550.7
     1     1     7     8    27     8     0     2   -28.0  -17.248  -59.105   4787.8    555.9
     1     1     7     8    27     7     0     1   -29.0  -16.938  -59.424   4745.3    559.0
     1     1     7     8    27     6     0     0   -30.0  -16.636  -59.723   4679.8    558.5
     1     1     7     8    27     5     0     1   -31.0  -16.342  -60.002   4626.5    560.2
     1     1     7     8    27     4     0     2   -32.0  -16.057  -60.260   4599.0    562.4
     1     1     7     8    27     3     0     3   -33.0  -15.784  -60.504   4590.1    564.4
     1     1     7     8    27     2     0     2   -34.0  -15.517  -60.725   4595.5    565.1
     1     1     7     8    27     1     0     1   -35.0  -15.254  -60.909   4616.6    564.4
     1     1     7     8    27     0     0     0   -36.0  -15.000  -61.057   4663.3    562.4
     1     1     7     8    26    23     0     1   -37.0  -14.752  -61.185   4726.9    557.6
     1     1     7     8    26    22     0     2   -38.0  -14.510  -61.307   4789.9    553.4
     1     1     7     8    26    21     0     3   -39.0  -14.278  -61.429   4851.0    548.7
     1     1     7     8    26    20     0     2   -40.0  -14.064  -61.542   4909.6    544.3
     1     1     7     8    26    19     0     1   -41.0  -13.875  -61.638   4963.3    540.3
     1     1     7     8    26    18     0     0   -42.0  -13.705  -61.716   5006.0    538.1
     1     1     7     8    26    17     0     1   -43.0  -13.557  -61.767   5037.2    537.4
     1     1     7     8    26    16     0     2   -44.0  -13.431  -61.784   5058.4    537.0
     1     1     7     8    26    15     0     3   -45.0  -13.322  -61.766   5066.2    537.3
     1     1     7     8    26    14     0     2   -46.0  -13.237  -61.723   5065.1    537.8
     1     1     7     8    26    13     0     1   -47.0  -13.180  -61.667   5064.2    537.8
     1     1     7     8    26    12     0     0   -48.0  -13.149  -61.597   5069.1    536.9
     1     1     7     8    26    11     0     1   -49.0  -13.142  -61.521   5068.7    535.0
     1     1     7     8    26    10     0     2   -50.0  -13.151  -61.450   5048.9    535.2
     1     1     7     8    26     9     0     3   -51.0  -13.172  -61.387   5008.0    536.9
     1     1     7     8    26     8     0     2   -52.0  -13.208  -61.329   4952.9    540.8
     1     1     7     8    26     7     0     1   -53.0  -13.265  -61.270   4893.4    544.7
     1     1     7     8    26     6     0     0   -54.0  -13.347  -61.210   4834.3    548.9
     1     1     7     8    26     5     0     1   -55.0  -13.451  -61.156   4794.6    553.2
     1     1     7     8    26     4     0     2   -56.0  -13.574  -61.111   4790.2    554.4
     1     1     7     8    26     3     0     3   -57.0  -13.721  -61.073   4821.1    553.5
     1     1     7     8    26     2     0     2   -58.0  -13.879  -61.043   4867.0    550.0
     1     1     7     8    26     1     0     1   -59.0  -14.036  -61.029   4904.1    548.0
     1     1     7     8    26     0     0     0   -60.0  -14.189  -61.031   4928.2    545.6
     1     1     7     8    25    23     0     1   -61.0  -14.336  -61.053   4950.3    543.6
     1     1     7     8    25    22     0     2   -62.0  -14.475  -61.092   4976.4    540.9
     1     1     7     8    25    21     0     3   -63.0  -14.603  -61.149   5008.0    538.1
     1     1     7     8    25    20     0     2   -64.0  -14.711  -61.219   5050.1    535.6
     1     1     7     8    25    19     0     1   -65.0  -14.796  -61.299   5105.1    532.1
     1     1     7     8    25    18     0     0   -66.0  -14.864  -61.387   5170.1    528.2
     1     1     7     8    25    17     0     1   -67.0  -14.916  -61.474   5238.5    523.8
     1     1     7     8    25    16     0     2   -68.0  -14.954  -61.552   5302.7    519.9
     1     1     7     8    25    15     0     3   -69.0  -14.980  -61.621   5359.1    516.6
     1     1     7     8    25    14     0     2   -70.0  -15.004  -61.678   5400.4    513.6
     1     1     7     8    25    13     0     1   -71.0  -15.032  -61.715   5420.8    511.9
     1     1     7     8    25    12     0     0   -72.0  -15.063  -61.734   5422.0    511.4
     1     1     7     8    25    11     0     1   -73.0  -15.100  -61.733   5420.4    512.0
     1     1     7     8    25    10     0     2   -74.0  -15.148  -61.712   5430.4    510.6
     1     1     7     8    25     9     0     3   -75.0  -15.205  -61.670   5452.2    508.4
     1     1     7     8    25     8     0     2   -76.0  -15.272  -61.612   5472.0    505.8
     1     1     7     8    25     7     0     1   -77.0  -15.352  -61.545   5475.9    505.1
     1     1     7     8    25     6     0     0   -78.0  -15.443  -61.471   5464.6    505.3
     1     1     7     8    25     5     0     1   -79.0  -15.540  -61.394   5448.9    506.8
     1     1     7     8    25     4     0     2   -80.0  -15.636  -61.313   5438.2    507.5
     1     1     7     8    25     3     0     3   -81.0  -15.733  -61.227   5429.8    508.1
     1     1     7     8    25     2     0     2   -82.0  -15.826  -61.138   5426.3    508.4
     1     1     7     8    25     1     0     1   -83.0  -15.908  -61.045   5431.7    508.2
     1     1     7     8    25     0     0     0   -84.0  -15.980  -60.943   5445.5    507.1
     1     1     7     8    24    23     0     1   -85.0  -16.038  -60.830   5462.4    505.1
     1     1     7     8    24    22     0     2   -86.0  -16.077  -60.704   5479.4    503.5
     1     1     7     8    24    21     0     3   -87.0  -16.100  -60.564   5497.9    501.8
     1     1     7     8    24    20     0     2   -88.0  -16.116  -60.411   5513.0    500.5
     1     1     7     8    24    19     0     1   -89.0  -16.133  -60.244   5518.6    500.2
     1     1     7     8    24    18     0     0   -90.0  -16.154  -60.068   5513.7    500.4
     1     1     7     8    24    17     0     1   -91.0  -16.181  -59.889   5512.1    501.9
     1     1     7     8    24    16     0     2   -92.0  -16.216  -59.708   5524.5    502.1
     1     1     7     8    24    15     0     3   -93.0  -16.262  -59.526   5547.1    501.8
     1     1     7     8    24    14     0     2   -94.0  -16.318  -59.346   5566.7    501.1
     1     1     7     8    24    13     0     1   -95.0  -16.383  -59.174   5574.0    502.3
     1     1     7     8    24    12     0     0   -96.0  -16.453  -59.006   5573.5    504.3
     1     1     7     8    24    11     0     1   -97.0  -16.528  -58.854   5571.2    505.8
     1     1     7     8    24    10     0     2   -98.0  -16.603  -58.726   5574.1    506.2
     1     1     7     8    24     9     0     3   -99.0  -16.676  -58.617   5580.4    506.3
     1     1     7     8    24     8     0     2  -100.0  -16.744  -58.514   5586.8    506.4
     1     1     7     8    24     7     0     1  -101.0  -16.805  -58.401   5590.9    506.7
     1     1     7     8    24     6     0     0  -102.0  -16.860  -58.280   5592.4    506.9
     1     1     7     8    24     5     0     1  -103.0  -16.920  -58.149   5591.5    507.4
     1     1     7     8    24     4     0     2  -104.0  -16.999  -58.006   5588.3    507.9
     1     1     7     8    24     3     0     3  -105.0  -17.090  -57.856   5583.7    508.5
     1     1     7     8    24     2     0     2  -106.0  -17.197  -57.708   5583.8    508.8
     1     1     7     8    24     1     0     1  -107.0  -17.330  -57.568   5593.5    508.2
     1     1     7     8    24     0     0     0  -108.0  -17.490  -57.440   5613.3    507.0
     1     1     7     8    23    23     0     1  -109.0  -17.667  -57.334   5646.5    504.9
     1     1     7     8    23    22     0     2  -110.0  -17.852  -57.258   5696.9    501.6
     1     1     7     8    23    21     0     3  -111.0  -18.047  -57.214   5765.0    497.1
     1     1     7     8    23    20     0     2  -112.0  -18.251  -57.194   5843.8    492.1
     1     1     7     8    23    19     0     1  -113.0  -18.462  -57.188   5923.6    487.5
     1     1     7     8    23    18     0     0  -114.0  -18.683  -57.201   6004.0    482.7
     1     1     7     8    23    17     0     1  -115.0  -18.919  -57.240   6074.1    477.8
     1     1     7     8    23    16     0     2  -116.0  -19.168  -57.310   6126.0    474.8
     1     1     7     8    23    15     0     3  -117.0  -19.424  -57.407   6163.8    472.7
     1     1     7     8    23    14     0     2  -118.0  -19.686  -57.535   6195.0    471.6
     1     1     7     8    23    13     0     1  -119.0  -19.956  -57.705   6219.7    470.8
     1     1     7     8    23    12     0     0  -120.0  -20.234  -57.914   6224.8    471.0
