     7     1
    GDAS     7     7    22     0     0
    GDAS     7     8     8     0     0
    GDAS     7     8    15     0     0
    GDAS     7     8    22     0     0
    GDAS     7     8    29     0     0
    GDAS     7     8     1     0     0
    GDAS     7     7    29     0     0
     1 BACKWARD OMEGA   
     7     8    28    18  -23.561  -46.740  4000.0
     1 PRESSURE
     1     1     7     8    28    18     0     0     0.0  -23.561  -46.740   4000.0    585.8
     1     1     7     8    28    17     0     1    -1.0  -23.266  -47.182   3997.5    582.2
     1     1     7     8    28    16     0     2    -2.0  -22.982  -47.615   4007.3    586.4
     1     1     7     8    28    15     0     3    -3.0  -22.699  -48.038   3998.1    591.0
     1     1     7     8    28    14     0     2    -4.0  -22.419  -48.442   3958.9    591.2
     1     1     7     8    28    13     0     1    -5.0  -22.137  -48.825   3926.5    596.3
     1     1     7     8    28    12     0     0    -6.0  -21.845  -49.194   3899.9    602.7
     1     1     7     8    28    11     0     1    -7.0  -21.564  -49.541   3888.6    604.6
     1     1     7     8    28    10     0     2    -8.0  -21.314  -49.861   3906.9    603.5
     1     1     7     8    28     9     0     3    -9.0  -21.088  -50.159   3951.9    601.0
     1     1     7     8    28     8     0     2   -10.0  -20.867  -50.437   3996.4    598.8
     1     1     7     8    28     7     0     1   -11.0  -20.630  -50.691   4018.4    599.6
     1     1     7     8    28     6     0     0   -12.0  -20.380  -50.919   4027.3    600.6
     1     1     7     8    28     5     0     1   -13.0  -20.128  -51.123   4030.5    600.9
     1     1     7     8    28     4     0     2   -14.0  -19.888  -51.310   4028.2    599.2
     1     1     7     8    28     3     0     3   -15.0  -19.660  -51.478   4015.0    597.6
     1     1     7     8    28     2     0     2   -16.0  -19.446  -51.634   4003.0    596.0
     1     1     7     8    28     1     0     1   -17.0  -19.243  -51.788   4001.6    592.3
     1     1     7     8    28     0     0     0   -18.0  -19.039  -51.940   4007.1    587.7
     1     1     7     8    27    23     0     1   -19.0  -18.841  -52.097   4020.9    584.0
     1     1     7     8    27    22     0     2   -20.0  -18.658  -52.262   4041.4    581.0
     1     1     7     8    27    21     0     3   -21.0  -18.490  -52.433   4069.2    577.5
     1     1     7     8    27    20     0     2   -22.0  -18.328  -52.602   4097.5    573.9
     1     1     7     8    27    19     0     1   -23.0  -18.166  -52.765   4118.8    571.3
     1     1     7     8    27    18     0     0   -24.0  -18.002  -52.918   4132.3    569.4
     1     1     7     8    27    17     0     1   -25.0  -17.833  -53.068   4140.2    570.6
     1     1     7     8    27    16     0     2   -26.0  -17.653  -53.222   4135.2    574.0
     1     1     7     8    27    15     0     3   -27.0  -17.458  -53.375   4120.5    576.9
     1     1     7     8    27    14     0     2   -28.0  -17.253  -53.524   4101.9    578.7
     1     1     7     8    27    13     0     1   -29.0  -17.045  -53.663   4076.9    579.3
     1     1     7     8    27    12     0     0   -30.0  -16.829  -53.786   4044.5    582.1
     1     1     7     8    27    11     0     1   -31.0  -16.603  -53.886   4004.9    586.3
     1     1     7     8    27    10     0     2   -32.0  -16.373  -53.957   3958.9    590.6
     1     1     7     8    27     9     0     3   -33.0  -16.144  -54.000   3901.6    595.9
     1     1     7     8    27     8     0     2   -34.0  -15.911  -54.023   3838.0    601.9
     1     1     7     8    27     7     0     1   -35.0  -15.676  -54.040   3782.1    604.4
     1     1     7     8    27     6     0     0   -36.0  -15.449  -54.053   3743.1    605.3
     1     1     7     8    27     5     0     1   -37.0  -15.235  -54.061   3720.9    605.4
     1     1     7     8    27     4     0     2   -38.0  -15.035  -54.061   3708.6    604.3
     1     1     7     8    27     3     0     3   -39.0  -14.851  -54.050   3696.9    606.7
     1     1     7     8    27     2     0     2   -40.0  -14.694  -54.018   3662.0    610.8
     1     1     7     8    27     1     0     1   -41.0  -14.569  -53.961   3592.1    618.0
     1     1     7     8    27     0     0     0   -42.0  -14.468  -53.885   3482.1    628.2
     1     1     7     8    26    23     0     1   -43.0  -14.386  -53.819   3341.9    641.5
     1     1     7     8    26    22     0     2   -44.0  -14.314  -53.786   3188.7    654.8
     1     1     7     8    26    21     0     3   -45.0  -14.252  -53.782   3028.1    668.6
     1     1     7     8    26    20     0     2   -46.0  -14.201  -53.791   2869.5    683.0
     1     1     7     8    26    19     0     1   -47.0  -14.157  -53.801   2723.9    696.5
     1     1     7     8    26    18     0     0   -48.0  -14.114  -53.809   2601.9    708.2
     1     1     7     8    26    17     0     1   -49.0  -14.068  -53.817   2505.8    716.9
     1     1     7     8    26    16     0     2   -50.0  -14.013  -53.824   2432.0    724.4
     1     1     7     8    26    15     0     3   -51.0  -13.946  -53.826   2381.7    730.1
     1     1     7     8    26    14     0     2   -52.0  -13.873  -53.835   2356.5    733.2
     1     1     7     8    26    13     0     1   -53.0  -13.804  -53.860   2355.8    733.9
     1     1     7     8    26    12     0     0   -54.0  -13.739  -53.903   2378.7    732.4
     1     1     7     8    26    11     0     1   -55.0  -13.660  -53.956   2411.5    728.5
     1     1     7     8    26    10     0     2   -56.0  -13.541  -54.008   2438.3    726.8
     1     1     7     8    26     9     0     3   -57.0  -13.383  -54.054   2454.6    726.6
     1     1     7     8    26     8     0     2   -58.0  -13.201  -54.085   2462.5    728.6
     1     1     7     8    26     7     0     1   -59.0  -13.012  -54.094   2467.5    730.5
     1     1     7     8    26     6     0     0   -60.0  -12.817  -54.084   2465.3    730.8
     1     1     7     8    26     5     0     1   -61.0  -12.624  -54.060   2463.4    732.0
     1     1     7     8    26     4     0     2   -62.0  -12.437  -54.021   2467.3    732.3
     1     1     7     8    26     3     0     3   -63.0  -12.253  -53.967   2475.2    732.1
     1     1     7     8    26     2     0     2   -64.0  -12.073  -53.902   2482.5    731.3
     1     1     7     8    26     1     0     1   -65.0  -11.904  -53.830   2488.0    731.2
     1     1     7     8    26     0     0     0   -66.0  -11.748  -53.751   2494.0    731.1
     1     1     7     8    25    23     0     1   -67.0  -11.610  -53.668   2503.1    730.5
     1     1     7     8    25    22     0     2   -68.0  -11.497  -53.584   2516.6    729.2
     1     1     7     8    25    21     0     3   -69.0  -11.408  -53.501   2533.5    727.5
     1     1     7     8    25    20     0     2   -70.0  -11.335  -53.419   2553.0    726.2
     1     1     7     8    25    19     0     1   -71.0  -11.270  -53.340   2575.1    724.8
     1     1     7     8    25    18     0     0   -72.0  -11.213  -53.263   2601.7    722.9
     1     1     7     8    25    17     0     1   -73.0  -11.166  -53.196   2627.8    720.6
     1     1     7     8    25    16     0     2   -74.0  -11.127  -53.143   2646.8    719.4
     1     1     7     8    25    15     0     3   -75.0  -11.097  -53.106   2657.5    718.8
     1     1     7     8    25    14     0     2   -76.0  -11.076  -53.088   2661.0    718.6
     1     1     7     8    25    13     0     1   -77.0  -11.060  -53.092   2658.4    718.8
     1     1     7     8    25    12     0     0   -78.0  -11.049  -53.118   2649.8    719.5
     1     1     7     8    25    11     0     1   -79.0  -11.032  -53.157   2638.1    720.3
     1     1     7     8    25    10     0     2   -80.0  -10.999  -53.202   2626.0    720.9
     1     1     7     8    25     9     0     3   -81.0  -10.947  -53.253   2613.7    721.4
     1     1     7     8    25     8     0     2   -82.0  -10.879  -53.307   2604.5    722.0
     1     1     7     8    25     7     0     1   -83.0  -10.799  -53.360   2601.9    721.6
     1     1     7     8    25     6     0     0   -84.0  -10.707  -53.411   2606.7    720.5
     1     1     7     8    25     5     0     1   -85.0  -10.607  -53.451   2618.6    719.0
     1     1     7     8    25     4     0     2   -86.0  -10.505  -53.470   2637.2    717.1
     1     1     7     8    25     3     0     3   -87.0  -10.405  -53.466   2665.0    714.6
     1     1     7     8    25     2     0     2   -88.0  -10.313  -53.441   2698.1    710.7
     1     1     7     8    25     1     0     1   -89.0  -10.234  -53.396   2730.9    707.7
     1     1     7     8    25     0     0     0   -90.0  -10.168  -53.332   2765.4    705.0
     1     1     7     8    24    23     0     1   -91.0  -10.122  -53.254   2798.0    702.2
     1     1     7     8    24    22     0     2   -92.0  -10.100  -53.165   2821.0    700.8
     1     1     7     8    24    21     0     3   -93.0  -10.102  -53.068   2830.2    700.7
     1     1     7     8    24    20     0     2   -94.0  -10.115  -52.972   2835.0    702.3
     1     1     7     8    24    19     0     1   -95.0  -10.128  -52.892   2846.2    701.2
     1     1     7     8    24    18     0     0   -96.0  -10.141  -52.826   2863.4    699.7
     1     1     7     8    24    17     0     1   -97.0  -10.151  -52.782   2880.5    698.0
     1     1     7     8    24    16     0     2   -98.0  -10.158  -52.768   2892.1    697.4
     1     1     7     8    24    15     0     3   -99.0  -10.161  -52.780   2898.7    697.2
     1     1     7     8    24    14     0     2  -100.0  -10.152  -52.809   2902.0    697.0
     1     1     7     8    24    13     0     1  -101.0  -10.120  -52.843   2904.0    696.8
     1     1     7     8    24    12     0     0  -102.0  -10.066  -52.884   2903.1    696.8
     1     1     7     8    24    11     0     1  -103.0   -9.995  -52.924   2900.9    696.9
     1     1     7     8    24    10     0     2  -104.0   -9.917  -52.959   2900.3    696.3
     1     1     7     8    24     9     0     3  -105.0   -9.829  -52.986   2900.7    695.4
     1     1     7     8    24     8     0     2  -106.0   -9.735  -53.007   2902.1    694.9
     1     1     7     8    24     7     0     1  -107.0   -9.638  -53.021   2908.0    693.9
     1     1     7     8    24     6     0     0  -108.0   -9.536  -53.031   2921.1    692.4
     1     1     7     8    24     5     0     1  -109.0   -9.436  -53.029   2935.9    690.5
     1     1     7     8    24     4     0     2  -110.0   -9.347  -53.010   2946.6    689.7
     1     1     7     8    24     3     0     3  -111.0   -9.269  -52.977   2954.0    689.1
     1     1     7     8    24     2     0     2  -112.0   -9.208  -52.933   2965.1    688.3
     1     1     7     8    24     1     0     1  -113.0   -9.167  -52.883   2986.6    686.2
     1     1     7     8    24     0     0     0  -114.0   -9.148  -52.827   3019.4    683.3
     1     1     7     8    23    23     0     1  -115.0   -9.145  -52.764   3056.0    679.3
     1     1     7     8    23    22     0     2  -116.0   -9.155  -52.691   3090.1    676.4
     1     1     7     8    23    21     0     3  -117.0   -9.176  -52.610   3124.9    673.5
     1     1     7     8    23    20     0     2  -118.0   -9.207  -52.526   3163.0    670.7
     1     1     7     8    23    19     0     1  -119.0   -9.245  -52.439   3205.4    667.4
     1     1     7     8    23    18     0     0  -120.0   -9.288  -52.350   3252.4    663.9
