     7     1
    GDAS     7     7    22     0     0
    GDAS     7     8     8     0     0
    GDAS     7     8    15     0     0
    GDAS     7     8    22     0     0
    GDAS     7     8    29     0     0
    GDAS     7     8     1     0     0
    GDAS     7     7    29     0     0
     1 BACKWARD OMEGA   
     7     8    31    18  -23.561  -46.740  4000.0
     1 PRESSURE
     1     1     7     8    31    18     0     0     0.0  -23.561  -46.740   4000.0    588.0
     1     1     7     8    31    17     0     1    -1.0  -23.553  -47.039   3974.8    587.2
     1     1     7     8    31    16     0     2    -2.0  -23.549  -47.334   3954.0    590.4
     1     1     7     8    31    15     0     3    -3.0  -23.547  -47.631   3943.7    592.9
     1     1     7     8    31    14     0     2    -4.0  -23.553  -47.938   3937.8    593.5
     1     1     7     8    31    13     0     1    -5.0  -23.572  -48.260   3916.2    592.3
     1     1     7     8    31    12     0     0    -6.0  -23.597  -48.592   3883.4    590.9
     1     1     7     8    31    11     0     1    -7.0  -23.609  -48.922   3837.2    590.3
     1     1     7     8    31    10     0     2    -8.0  -23.597  -49.245   3790.3    594.5
     1     1     7     8    31     9     0     3    -9.0  -23.565  -49.563   3746.5    600.0
     1     1     7     8    31     8     0     2   -10.0  -23.513  -49.875   3714.4    606.2
     1     1     7     8    31     7     0     1   -11.0  -23.438  -50.180   3695.6    610.7
     1     1     7     8    31     6     0     0   -12.0  -23.339  -50.466   3682.8    614.5
     1     1     7     8    31     5     0     1   -13.0  -23.222  -50.726   3661.4    618.6
     1     1     7     8    31     4     0     2   -14.0  -23.086  -50.950   3618.5    625.4
     1     1     7     8    31     3     0     3   -15.0  -22.927  -51.141   3557.4    633.7
     1     1     7     8    31     2     0     2   -16.0  -22.754  -51.316   3494.2    641.3
     1     1     7     8    31     1     0     1   -17.0  -22.574  -51.490   3446.5    647.5
     1     1     7     8    31     0     0     0   -18.0  -22.386  -51.656   3414.9    652.6
     1     1     7     8    30    23     0     1   -19.0  -22.202  -51.806   3399.2    656.6
     1     1     7     8    30    22     0     2   -20.0  -22.042  -51.934   3394.2    659.1
     1     1     7     8    30    21     0     3   -21.0  -21.910  -52.042   3388.1    659.7
     1     1     7     8    30    20     0     2   -22.0  -21.800  -52.142   3374.7    659.7
     1     1     7     8    30    19     0     1   -23.0  -21.699  -52.246   3354.5    661.0
     1     1     7     8    30    18     0     0   -24.0  -21.609  -52.360   3331.8    662.6
     1     1     7     8    30    17     0     1   -25.0  -21.521  -52.480   3314.3    664.2
     1     1     7     8    30    16     0     2   -26.0  -21.432  -52.598   3304.7    664.7
     1     1     7     8    30    15     0     3   -27.0  -21.340  -52.717   3300.0    665.0
     1     1     7     8    30    14     0     2   -28.0  -21.246  -52.842   3289.8    665.2
     1     1     7     8    30    13     0     1   -29.0  -21.147  -52.976   3264.0    667.5
     1     1     7     8    30    12     0     0   -30.0  -21.041  -53.116   3218.7    670.3
     1     1     7     8    30    11     0     1   -31.0  -20.915  -53.257   3164.6    673.6
     1     1     7     8    30    10     0     2   -32.0  -20.763  -53.391   3112.1    675.3
     1     1     7     8    30     9     0     3   -33.0  -20.591  -53.510   3057.2    676.9
     1     1     7     8    30     8     0     2   -34.0  -20.406  -53.612   3004.2    679.6
     1     1     7     8    30     7     0     1   -35.0  -20.210  -53.697   2957.2    681.0
     1     1     7     8    30     6     0     0   -36.0  -20.003  -53.760   2912.6    682.4
     1     1     7     8    30     5     0     1   -37.0  -19.791  -53.802   2868.9    685.1
     1     1     7     8    30     4     0     2   -38.0  -19.581  -53.823   2830.1    688.6
     1     1     7     8    30     3     0     3   -39.0  -19.370  -53.818   2808.2    691.0
     1     1     7     8    30     2     0     2   -40.0  -19.157  -53.788   2820.0    690.2
     1     1     7     8    30     1     0     1   -41.0  -18.942  -53.735   2878.8    684.4
     1     1     7     8    30     0     0     0   -42.0  -18.732  -53.661   2980.9    674.4
     1     1     7     8    29    23     0     1   -43.0  -18.528  -53.567   3090.3    661.4
     1     1     7     8    29    22     0     2   -44.0  -18.339  -53.454   3172.9    651.9
     1     1     7     8    29    21     0     3   -45.0  -18.168  -53.335   3219.9    645.1
     1     1     7     8    29    20     0     2   -46.0  -18.017  -53.224   3238.8    642.1
     1     1     7     8    29    19     0     1   -47.0  -17.892  -53.128   3243.7    640.6
     1     1     7     8    29    18     0     0   -48.0  -17.792  -53.052   3237.9    641.0
     1     1     7     8    29    17     0     1   -49.0  -17.706  -52.992   3235.5    642.1
     1     1     7     8    29    16     0     2   -50.0  -17.627  -52.943   3250.4    641.8
     1     1     7     8    29    15     0     3   -51.0  -17.558  -52.908   3287.5    639.5
     1     1     7     8    29    14     0     2   -52.0  -17.503  -52.883   3329.3    634.8
     1     1     7     8    29    13     0     1   -53.0  -17.458  -52.859   3353.1    633.0
     1     1     7     8    29    12     0     0   -54.0  -17.416  -52.836   3357.5    632.7
     1     1     7     8    29    11     0     1   -55.0  -17.370  -52.806   3353.2    633.5
     1     1     7     8    29    10     0     2   -56.0  -17.319  -52.766   3351.7    633.2
     1     1     7     8    29     9     0     3   -57.0  -17.261  -52.715   3353.1    632.5
     1     1     7     8    29     8     0     2   -58.0  -17.200  -52.654   3362.6    632.0
     1     1     7     8    29     7     0     1   -59.0  -17.139  -52.587   3384.7    630.0
     1     1     7     8    29     6     0     0   -60.0  -17.082  -52.515   3418.9    626.9
     1     1     7     8    29     5     0     1   -61.0  -17.028  -52.440   3467.6    623.2
     1     1     7     8    29     4     0     2   -62.0  -16.977  -52.362   3531.8    618.2
     1     1     7     8    29     3     0     3   -63.0  -16.925  -52.279   3606.4    613.1
     1     1     7     8    29     2     0     2   -64.0  -16.883  -52.202   3681.8    607.1
     1     1     7     8    29     1     0     1   -65.0  -16.860  -52.143   3754.8    601.7
     1     1     7     8    29     0     0     0   -66.0  -16.855  -52.110   3828.9    596.0
     1     1     7     8    28    23     0     1   -67.0  -16.871  -52.113   3898.7    589.5
     1     1     7     8    28    22     0     2   -68.0  -16.909  -52.155   3958.3    584.1
     1     1     7     8    28    21     0     3   -69.0  -16.966  -52.236   4009.3    579.4
     1     1     7     8    28    20     0     2   -70.0  -17.024  -52.353   4050.8    576.6
     1     1     7     8    28    19     0     1   -71.0  -17.071  -52.497   4080.5    575.8
     1     1     7     8    28    18     0     0   -72.0  -17.109  -52.660   4099.0    576.0
     1     1     7     8    28    17     0     1   -73.0  -17.136  -52.828   4117.5    576.8
     1     1     7     8    28    16     0     2   -74.0  -17.151  -52.992   4146.3    576.1
     1     1     7     8    28    15     0     3   -75.0  -17.154  -53.157   4181.0    573.9
     1     1     7     8    28    14     0     2   -76.0  -17.147  -53.332   4217.7    570.8
     1     1     7     8    28    13     0     1   -77.0  -17.134  -53.520   4252.8    568.3
     1     1     7     8    28    12     0     0   -78.0  -17.113  -53.719   4288.8    565.6
     1     1     7     8    28    11     0     1   -79.0  -17.080  -53.932   4324.5    562.1
     1     1     7     8    28    10     0     2   -80.0  -17.033  -54.157   4367.9    561.9
     1     1     7     8    28     9     0     3   -81.0  -16.972  -54.385   4415.7    563.5
     1     1     7     8    28     8     0     2   -82.0  -16.898  -54.612   4472.6    565.6
     1     1     7     8    28     7     0     1   -83.0  -16.811  -54.840   4548.6    565.0
     1     1     7     8    28     6     0     0   -84.0  -16.712  -55.069   4640.9    561.5
     1     1     7     8    28     5     0     1   -85.0  -16.595  -55.298   4714.7    555.6
     1     1     7     8    28     4     0     2   -86.0  -16.458  -55.522   4743.6    555.3
     1     1     7     8    28     3     0     3   -87.0  -16.312  -55.729   4725.2    558.3
     1     1     7     8    28     2     0     2   -88.0  -16.163  -55.919   4679.7    564.7
     1     1     7     8    28     1     0     1   -89.0  -16.009  -56.096   4631.4    569.2
     1     1     7     8    28     0     0     0   -90.0  -15.849  -56.270   4587.8    571.6
     1     1     7     8    27    23     0     1   -91.0  -15.686  -56.445   4560.9    572.9
     1     1     7     8    27    22     0     2   -92.0  -15.523  -56.622   4553.5    572.9
     1     1     7     8    27    21     0     3   -93.0  -15.360  -56.803   4563.7    572.1
     1     1     7     8    27    20     0     2   -94.0  -15.201  -56.992   4587.2    571.1
     1     1     7     8    27    19     0     1   -95.0  -15.049  -57.196   4616.4    567.8
     1     1     7     8    27    18     0     0   -96.0  -14.898  -57.415   4656.5    561.4
     1     1     7     8    27    17     0     1   -97.0  -14.739  -57.643   4703.7    552.6
     1     1     7     8    27    16     0     2   -98.0  -14.565  -57.874   4753.3    543.8
     1     1     7     8    27    15     0     3   -99.0  -14.381  -58.108   4811.2    534.9
     1     1     7     8    27    14     0     2  -100.0  -14.196  -58.344   4863.6    526.6
     1     1     7     8    27    13     0     1  -101.0  -14.012  -58.573   4889.8    522.5
     1     1     7     8    27    12     0     0  -102.0  -13.824  -58.781   4900.9    523.9
     1     1     7     8    27    11     0     1  -103.0  -13.627  -58.960   4895.5    527.3
     1     1     7     8    27    10     0     2  -104.0  -13.420  -59.113   4885.9    530.3
     1     1     7     8    27     9     0     3  -105.0  -13.205  -59.239   4865.7    533.3
     1     1     7     8    27     8     0     2  -106.0  -12.987  -59.339   4845.6    537.0
     1     1     7     8    27     7     0     1  -107.0  -12.769  -59.424   4842.1    538.3
     1     1     7     8    27     6     0     0  -108.0  -12.547  -59.509   4858.9    538.0
     1     1     7     8    27     5     0     1  -109.0  -12.331  -59.593   4881.8    536.7
     1     1     7     8    27     4     0     2  -110.0  -12.132  -59.666   4894.6    536.7
     1     1     7     8    27     3     0     3  -111.0  -11.950  -59.726   4896.2    537.9
     1     1     7     8    27     2     0     2  -112.0  -11.781  -59.779   4898.9    540.0
     1     1     7     8    27     1     0     1  -113.0  -11.621  -59.835   4908.4    540.5
     1     1     7     8    27     0     0     0  -114.0  -11.471  -59.895   4917.1    541.0
     1     1     7     8    26    23     0     1  -115.0  -11.324  -59.956   4923.9    541.9
     1     1     7     8    26    22     0     2  -116.0  -11.178  -60.017   4931.6    542.7
     1     1     7     8    26    21     0     3  -117.0  -11.033  -60.077   4942.9    543.2
     1     1     7     8    26    20     0     2  -118.0  -10.890  -60.130   4949.0    543.1
     1     1     7     8    26    19     0     1  -119.0  -10.750  -60.169   4942.8    544.3
     1     1     7     8    26    18     0     0  -120.0  -10.613  -60.195   4925.8    546.2
