     7     1
    GDAS     7     7    22     0     0
    GDAS     7     8     8     0     0
    GDAS     7     8    15     0     0
    GDAS     7     8    22     0     0
    GDAS     7     8    29     0     0
    GDAS     7     8     1     0     0
    GDAS     7     7    29     0     0
     1 BACKWARD OMEGA   
     7     8     8     0  -23.561  -46.740  4000.0
     1 PRESSURE
     1     1     7     8     8     0     0     0     0.0  -23.561  -46.740   4000.0    586.3
     1     1     7     8     7    23     0     1    -1.0  -23.083  -47.213   4007.8    580.2
     1     1     7     8     7    22     0     2    -2.0  -22.607  -47.665   3998.8    583.6
     1     1     7     8     7    21     0     3    -3.0  -22.141  -48.081   3938.9    590.8
     1     1     7     8     7    20     0     2    -4.0  -21.685  -48.450   3883.4    600.3
     1     1     7     8     7    19     0     1    -5.0  -21.231  -48.775   3880.0    602.0
     1     1     7     8     7    18     0     0    -6.0  -20.774  -49.057   3894.1    602.4
     1     1     7     8     7    17     0     1    -7.0  -20.313  -49.288   3896.1    602.9
     1     1     7     8     7    16     0     2    -8.0  -19.854  -49.460   3888.8    604.2
     1     1     7     8     7    15     0     3    -9.0  -19.399  -49.569   3886.1    601.6
     1     1     7     8     7    14     0     2   -10.0  -18.948  -49.620   3896.5    597.2
     1     1     7     8     7    13     0     1   -11.0  -18.504  -49.628   3909.2    595.4
     1     1     7     8     7    12     0     0   -12.0  -18.073  -49.600   3900.4    595.2
     1     1     7     8     7    11     0     1   -13.0  -17.668  -49.528   3866.0    594.7
     1     1     7     8     7    10     0     2   -14.0  -17.290  -49.402   3825.6    593.2
     1     1     7     8     7     9     0     3   -15.0  -16.932  -49.216   3787.9    590.7
     1     1     7     8     7     8     0     2   -16.0  -16.586  -48.976   3755.3    587.4
     1     1     7     8     7     7     0     1   -17.0  -16.256  -48.693   3724.1    584.5
     1     1     7     8     7     6     0     0   -18.0  -15.946  -48.373   3695.6    583.8
     1     1     7     8     7     5     0     1   -19.0  -15.660  -48.017   3676.1    585.1
     1     1     7     8     7     4     0     2   -20.0  -15.398  -47.619   3673.2    590.7
     1     1     7     8     7     3     0     3   -21.0  -15.162  -47.175   3676.5    597.0
     1     1     7     8     7     2     0     2   -22.0  -14.952  -46.698   3674.2    600.3
     1     1     7     8     7     1     0     1   -23.0  -14.766  -46.203   3659.3    601.9
     1     1     7     8     7     0     0     0   -24.0  -14.607  -45.699   3634.6    604.2
     1     1     7     8     6    23     0     1   -25.0  -14.486  -45.187   3619.0    605.4
     1     1     7     8     6    22     0     2   -26.0  -14.399  -44.676   3647.3    609.3
     1     1     7     8     6    21     0     3   -27.0  -14.326  -44.179   3722.0    613.7
     1     1     7     8     6    20     0     2   -28.0  -14.274  -43.687   3793.1    606.7
     1     1     7     8     6    19     0     1   -29.0  -14.253  -43.196   3834.7    597.3
     1     1     7     8     6    18     0     0   -30.0  -14.264  -42.712   3850.7    592.6
     1     1     7     8     6    17     0     1   -31.0  -14.303  -42.246   3840.5    591.6
     1     1     7     8     6    16     0     2   -32.0  -14.373  -41.791   3825.1    594.9
     1     1     7     8     6    15     0     3   -33.0  -14.469  -41.342   3828.4    600.4
     1     1     7     8     6    14     0     2   -34.0  -14.590  -40.897   3851.3    602.1
     1     1     7     8     6    13     0     1   -35.0  -14.731  -40.454   3897.5    603.8
     1     1     7     8     6    12     0     0   -36.0  -14.889  -40.008   3961.0    606.3
     1     1     7     8     6    11     0     1   -37.0  -15.066  -39.565   4037.9    612.4
     1     1     7     8     6    10     0     2   -38.0  -15.256  -39.135   4119.2    618.7
     1     1     7     8     6     9     0     3   -39.0  -15.466  -38.715   4188.8    616.9
     1     1     7     8     6     8     0     2   -40.0  -15.695  -38.311   4243.4    612.4
     1     1     7     8     6     7     0     1   -41.0  -15.938  -37.928   4273.6    610.5
     1     1     7     8     6     6     0     0   -42.0  -16.196  -37.572   4276.0    610.6
     1     1     7     8     6     5     0     1   -43.0  -16.468  -37.238   4270.8    612.6
     1     1     7     8     6     4     0     2   -44.0  -16.758  -36.916   4279.4    612.8
     1     1     7     8     6     3     0     3   -45.0  -17.063  -36.611   4313.7    611.0
     1     1     7     8     6     2     0     2   -46.0  -17.364  -36.341   4363.9    605.9
     1     1     7     8     6     1     0     1   -47.0  -17.656  -36.108   4414.8    602.2
     1     1     7     8     6     0     0     0   -48.0  -17.946  -35.900   4462.9    598.4
     1     1     7     8     5    23     0     1   -49.0  -18.226  -35.719   4502.9    594.7
     1     1     7     8     5    22     0     2   -50.0  -18.486  -35.562   4534.0    592.2
     1     1     7     8     5    21     0     3   -51.0  -18.730  -35.426   4559.1    590.3
     1     1     7     8     5    20     0     2   -52.0  -18.959  -35.306   4578.5    589.1
     1     1     7     8     5    19     0     1   -53.0  -19.174  -35.200   4588.6    588.4
     1     1     7     8     5    18     0     0   -54.0  -19.375  -35.106   4583.0    588.6
     1     1     7     8     5    17     0     1   -55.0  -19.565  -35.023   4571.9    590.7
     1     1     7     8     5    16     0     2   -56.0  -19.742  -34.950   4570.5    591.2
     1     1     7     8     5    15     0     3   -57.0  -19.906  -34.885   4580.3    590.8
     1     1     7     8     5    14     0     2   -58.0  -20.065  -34.828   4605.5    589.3
     1     1     7     8     5    13     0     1   -59.0  -20.225  -34.779   4649.4    586.2
     1     1     7     8     5    12     0     0   -60.0  -20.390  -34.740   4712.7    581.7
     1     1     7     8     5    11     0     1   -61.0  -20.558  -34.703   4778.1    575.2
     1     1     7     8     5    10     0     2   -62.0  -20.727  -34.668   4828.8    571.2
     1     1     7     8     5     9     0     3   -63.0  -20.899  -34.634   4867.5    568.0
     1     1     7     8     5     8     0     2   -64.0  -21.077  -34.609   4896.2    565.8
     1     1     7     8     5     7     0     1   -65.0  -21.260  -34.597   4916.0    564.2
     1     1     7     8     5     6     0     0   -66.0  -21.447  -34.598   4926.3    563.4
     1     1     7     8     5     5     0     1   -67.0  -21.646  -34.614   4935.9    563.6
     1     1     7     8     5     4     0     2   -68.0  -21.865  -34.647   4954.6    562.6
     1     1     7     8     5     3     0     3   -69.0  -22.094  -34.696   4982.4    560.9
     1     1     7     8     5     2     0     2   -70.0  -22.335  -34.766   5022.8    558.2
     1     1     7     8     5     1     0     1   -71.0  -22.592  -34.867   5075.8    554.0
     1     1     7     8     5     0     0     0   -72.0  -22.861  -35.000   5133.4    549.3
     1     1     7     8     4    23     0     1   -73.0  -23.142  -35.169   5198.6    545.1
     1     1     7     8     4    22     0     2   -74.0  -23.438  -35.378   5280.3    540.1
     1     1     7     8     4    21     0     3   -75.0  -23.748  -35.634   5389.7    533.3
     1     1     7     8     4    20     0     2   -76.0  -24.066  -35.950   5518.8    523.6
     1     1     7     8     4    19     0     1   -77.0  -24.379  -36.337   5644.6    514.4
     1     1     7     8     4    18     0     0   -78.0  -24.677  -36.786   5760.2    506.9
     1     1     7     8     4    17     0     1   -79.0  -24.958  -37.296   5862.1    500.1
     1     1     7     8     4    16     0     2   -80.0  -25.224  -37.875   5949.4    493.9
     1     1     7     8     4    15     0     3   -81.0  -25.474  -38.514   6037.9    489.4
     1     1     7     8     4    14     0     2   -82.0  -25.695  -39.203   6122.2    482.9
     1     1     7     8     4    13     0     1   -83.0  -25.876  -39.944   6171.3    479.2
     1     1     7     8     4    12     0     0   -84.0  -26.020  -40.733   6169.4    480.2
     1     1     7     8     4    11     0     1   -85.0  -26.129  -41.549   6158.3    481.3
     1     1     7     8     4    10     0     2   -86.0  -26.196  -42.373   6160.6    481.0
     1     1     7     8     4     9     0     3   -87.0  -26.222  -43.207   6174.9    479.3
     1     1     7     8     4     8     0     2   -88.0  -26.205  -44.050   6188.3    479.0
     1     1     7     8     4     7     0     1   -89.0  -26.132  -44.894   6180.8    478.6
     1     1     7     8     4     6     0     0   -90.0  -26.000  -45.744   6175.8    479.7
     1     1     7     8     4     5     0     1   -91.0  -25.810  -46.591   6146.1    479.7
     1     1     7     8     4     4     0     2   -92.0  -25.567  -47.402   6068.4    484.7
     1     1     7     8     4     3     0     3   -93.0  -25.285  -48.165   5913.7    485.3
     1     1     7     8     4     2     0     2   -94.0  -24.983  -48.907   5706.3    473.5
     1     1     7     8     4     1     0     1   -95.0  -24.660  -49.640   5562.6    470.2
     1     1     7     8     4     0     0     0   -96.0  -24.311  -50.343   5468.0    475.7
     1     1     7     8     3    23     0     1   -97.0  -23.911  -51.010   5401.0    487.6
     1     1     7     8     3    22     0     2   -98.0  -23.449  -51.616   5364.7    502.3
     1     1     7     8     3    21     0     3   -99.0  -22.943  -52.145   5340.5    511.8
     1     1     7     8     3    20     0     2  -100.0  -22.426  -52.604   5317.3    515.0
     1     1     7     8     3    19     0     1  -101.0  -21.916  -53.000   5288.8    516.3
     1     1     7     8     3    18     0     0  -102.0  -21.409  -53.332   5258.5    518.8
     1     1     7     8     3    17     0     1  -103.0  -20.910  -53.605   5212.7    518.3
     1     1     7     8     3    16     0     2  -104.0  -20.424  -53.830   5165.8    517.0
     1     1     7     8     3    15     0     3  -105.0  -19.949  -54.011   5122.2    515.6
     1     1     7     8     3    14     0     2  -106.0  -19.476  -54.152   5101.7    519.8
     1     1     7     8     3    13     0     1  -107.0  -18.997  -54.247   5084.0    523.5
     1     1     7     8     3    12     0     0  -108.0  -18.517  -54.291   5075.3    526.0
     1     1     7     8     3    11     0     1  -109.0  -18.041  -54.283   5080.5    526.9
     1     1     7     8     3    10     0     2  -110.0  -17.576  -54.228   5081.0    521.7
     1     1     7     8     3     9     0     3  -111.0  -17.131  -54.130   5073.9    515.5
     1     1     7     8     3     8     0     2  -112.0  -16.709  -53.988   5065.5    513.5
     1     1     7     8     3     7     0     1  -113.0  -16.307  -53.804   5060.7    517.1
     1     1     7     8     3     6     0     0  -114.0  -15.916  -53.575   5048.3    520.3
     1     1     7     8     3     5     0     1  -115.0  -15.534  -53.300   5033.0    520.9
     1     1     7     8     3     4     0     2  -116.0  -15.164  -52.979   5023.7    522.0
     1     1     7     8     3     3     0     3  -117.0  -14.813  -52.617   5013.9    527.0
     1     1     7     8     3     2     0     2  -118.0  -14.489  -52.220   5005.9    531.4
     1     1     7     8     3     1     0     1  -119.0  -14.193  -51.801   5023.7    532.3
     1     1     7     8     3     0     0     0  -120.0  -13.922  -51.373   5083.5    533.2
