     7     1
    GDAS     7     7    22     0     0
    GDAS     7     8     8     0     0
    GDAS     7     8    15     0     0
    GDAS     7     8    22     0     0
    GDAS     7     8    29     0     0
    GDAS     7     8     1     0     0
    GDAS     7     7    29     0     0
     1 BACKWARD OMEGA   
     7     8    15    12  -23.561  -46.740  4000.0
     1 PRESSURE
     1     1     7     8    15    12     0     0     0.0  -23.561  -46.740   4000.0    590.5
     1     1     7     8    15    11     0     1    -1.0  -23.443  -46.506   3998.0    589.0
     1     1     7     8    15    10     0     2    -2.0  -23.322  -46.258   4014.0    582.0
     1     1     7     8    15     9     0     3    -3.0  -23.205  -45.995   4048.3    570.9
     1     1     7     8    15     8     0     2    -4.0  -23.095  -45.722   4113.1    562.2
     1     1     7     8    15     7     0     1    -5.0  -22.990  -45.445   4195.3    554.0
     1     1     7     8    15     6     0     0    -6.0  -22.889  -45.170   4301.5    548.1
     1     1     7     8    15     5     0     1    -7.0  -22.795  -44.893   4403.5    543.1
     1     1     7     8    15     4     0     2    -8.0  -22.713  -44.604   4490.3    544.4
     1     1     7     8    15     3     0     3    -9.0  -22.640  -44.298   4555.3    546.7
     1     1     7     8    15     2     0     2   -10.0  -22.572  -43.972   4612.6    549.5
     1     1     7     8    15     1     0     1   -11.0  -22.508  -43.632   4665.2    548.7
     1     1     7     8    15     0     0     0   -12.0  -22.446  -43.288   4717.9    548.1
     1     1     7     8    14    23     0     1   -13.0  -22.404  -42.949   4767.0    547.9
     1     1     7     8    14    22     0     2   -14.0  -22.402  -42.627   4811.8    549.1
     1     1     7     8    14    21     0     3   -15.0  -22.436  -42.322   4861.3    551.0
     1     1     7     8    14    20     0     2   -16.0  -22.493  -42.029   4905.9    553.0
     1     1     7     8    14    19     0     1   -17.0  -22.559  -41.742   4933.0    556.3
     1     1     7     8    14    18     0     0   -18.0  -22.631  -41.460   4937.1    560.1
     1     1     7     8    14    17     0     1   -19.0  -22.711  -41.175   4931.0    564.2
     1     1     7     8    14    16     0     2   -20.0  -22.801  -40.884   4926.4    565.2
     1     1     7     8    14    15     0     3   -21.0  -22.905  -40.587   4925.9    565.2
     1     1     7     8    14    14     0     2   -22.0  -23.028  -40.286   4929.4    565.1
     1     1     7     8    14    13     0     1   -23.0  -23.174  -39.990   4935.0    565.3
     1     1     7     8    14    12     0     0   -24.0  -23.343  -39.703   4945.6    564.6
     1     1     7     8    14    11     0     1   -25.0  -23.530  -39.435   4979.7    562.5
     1     1     7     8    14    10     0     2   -26.0  -23.738  -39.184   5050.6    557.2
     1     1     7     8    14     9     0     3   -27.0  -23.981  -38.951   5157.6    549.5
     1     1     7     8    14     8     0     2   -28.0  -24.252  -38.742   5283.0    539.5
     1     1     7     8    14     7     0     1   -29.0  -24.537  -38.560   5405.9    530.2
     1     1     7     8    14     6     0     0   -30.0  -24.842  -38.404   5515.5    521.8
     1     1     7     8    14     5     0     1   -31.0  -25.165  -38.274   5608.8    515.7
     1     1     7     8    14     4     0     2   -32.0  -25.500  -38.179   5696.5    510.9
     1     1     7     8    14     3     0     3   -33.0  -25.842  -38.121   5791.1    505.6
     1     1     7     8    14     2     0     2   -34.0  -26.193  -38.097   5883.3    498.7
     1     1     7     8    14     1     0     1   -35.0  -26.549  -38.099   5958.6    493.2
     1     1     7     8    14     0     0     0   -36.0  -26.906  -38.121   6018.3    489.1
     1     1     7     8    13    23     0     1   -37.0  -27.263  -38.159   6080.1    485.9
     1     1     7     8    13    22     0     2   -38.0  -27.618  -38.204   6157.8    481.0
     1     1     7     8    13    21     0     3   -39.0  -27.971  -38.252   6253.6    474.9
     1     1     7     8    13    20     0     2   -40.0  -28.323  -38.311   6370.1    467.7
     1     1     7     8    13    19     0     1   -41.0  -28.677  -38.394   6507.2    459.2
     1     1     7     8    13    18     0     0   -42.0  -29.040  -38.505   6660.0    449.7
     1     1     7     8    13    17     0     1   -43.0  -29.424  -38.638   6824.2    439.8
     1     1     7     8    13    16     0     2   -44.0  -29.840  -38.796   6993.0    429.4
     1     1     7     8    13    15     0     3   -45.0  -30.295  -38.993   7148.1    419.8
     1     1     7     8    13    14     0     2   -46.0  -30.776  -39.238   7271.8    412.1
     1     1     7     8    13    13     0     1   -47.0  -31.260  -39.524   7371.5    406.5
     1     1     7     8    13    12     0     0   -48.0  -31.740  -39.841   7466.5    401.0
     1     1     7     8    13    11     0     1   -49.0  -32.213  -40.191   7557.8    395.3
     1     1     7     8    13    10     0     2   -50.0  -32.677  -40.577   7628.4    390.8
     1     1     7     8    13     9     0     3   -51.0  -33.133  -40.986   7665.9    387.7
     1     1     7     8    13     8     0     2   -52.0  -33.581  -41.415   7713.9    387.1
     1     1     7     8    13     7     0     1   -53.0  -34.027  -41.880   7791.0    382.4
     1     1     7     8    13     6     0     0   -54.0  -34.488  -42.386   7863.2    377.2
     1     1     7     8    13     5     0     1   -55.0  -34.958  -42.936   7929.4    374.1
     1     1     7     8    13     4     0     2   -56.0  -35.433  -43.525   7995.4    370.6
     1     1     7     8    13     3     0     3   -57.0  -35.930  -44.155   8080.5    365.6
     1     1     7     8    13     2     0     2   -58.0  -36.442  -44.851   8196.4    360.2
     1     1     7     8    13     1     0     1   -59.0  -36.940  -45.629   8335.5    352.6
     1     1     7     8    13     0     0     0   -60.0  -37.404  -46.481   8499.2    343.0
     1     1     7     8    12    23     0     1   -61.0  -37.838  -47.441   8645.5    335.2
     1     1     7     8    12    22     0     2   -62.0  -38.235  -48.527   8713.6    331.4
     1     1     7     8    12    21     0     3   -63.0  -38.533  -49.687   8678.4    332.8
     1     1     7     8    12    20     0     2   -64.0  -38.692  -50.875   8602.4    336.8
     1     1     7     8    12    19     0     1   -65.0  -38.744  -52.100   8555.4    339.0
     1     1     7     8    12    18     0     0   -66.0  -38.700  -53.362   8525.7    340.0
     1     1     7     8    12    17     0     1   -67.0  -38.551  -54.637   8466.2    343.0
     1     1     7     8    12    16     0     2   -68.0  -38.333  -55.899   8371.0    347.9
     1     1     7     8    12    15     0     3   -69.0  -38.050  -57.108   8252.7    354.1
     1     1     7     8    12    14     0     2   -70.0  -37.704  -58.270   8130.1    356.8
     1     1     7     8    12    13     0     1   -71.0  -37.335  -59.444   7997.1    359.5
     1     1     7     8    12    12     0     0   -72.0  -36.933  -60.597   7848.3    365.7
     1     1     7     8    12    11     0     1   -73.0  -36.479  -61.716   7731.9    374.9
     1     1     7     8    12    10     0     2   -74.0  -36.008  -62.860   7655.0    381.1
     1     1     7     8    12     9     0     3   -75.0  -35.522  -64.041   7527.6    381.3
     1     1     7     8    12     8     0     2   -76.0  -34.981  -65.230   7416.0    382.9
     1     1     7     8    12     7     0     1   -77.0  -34.398  -66.446   7322.2    378.6
     1     1     7     8    12     6     0     0   -78.0  -33.769  -67.684   7398.1    372.4
     1     1     7     8    12     5     0     1   -79.0  -33.024  -69.090   7142.3    315.6
     1     1     7     8    12     4     0     2   -80.0  -32.105  -70.806   7272.1    318.9
     1     1     7     8    12     3     0     3   -81.0  -31.085  -72.157   7624.2    387.3
     1     1     7     8    12     2     0     2   -82.0  -30.063  -73.250   7292.1    403.7
     1     1     7     8    12     1     0     1   -83.0  -29.083  -74.266   7056.0    418.1
     1     1     7     8    12     0     0     0   -84.0  -28.162  -75.259   6831.1    431.5
     1     1     7     8    11    23     0     1   -85.0  -27.325  -76.248   6654.8    442.8
     1     1     7     8    11    22     0     2   -86.0  -26.548  -77.244   6566.4    447.3
     1     1     7     8    11    21     0     3   -87.0  -25.811  -78.245   6520.0    451.1
     1     1     7     8    11    20     0     2   -88.0  -25.122  -79.250   6483.1    452.7
     1     1     7     8    11    19     0     1   -89.0  -24.500  -80.245   6424.2    457.4
     1     1     7     8    11    18     0     0   -90.0  -23.941  -81.220   6362.2    462.5
     1     1     7     8    11    17     0     1   -91.0  -23.424  -82.178   6319.7    464.6
     1     1     7     8    11    16     0     2   -92.0  -22.931  -83.126   6308.6    466.3
     1     1     7     8    11    15     0     3   -93.0  -22.464  -84.055   6310.4    466.1
     1     1     7     8    11    14     0     2   -94.0  -22.020  -84.966   6311.7    466.1
     1     1     7     8    11    13     0     1   -95.0  -21.603  -85.843   6267.1    468.5
     1     1     7     8    11    12     0     0   -96.0  -21.211  -86.690   6167.3    473.9
     1     1     7     8    11    11     0     1   -97.0  -20.852  -87.477   6060.3    481.8
     1     1     7     8    11    10     0     2   -98.0  -20.525  -88.193   6008.1    485.6
     1     1     7     8    11     9     0     3   -99.0  -20.212  -88.865   5998.7    486.6
     1     1     7     8    11     8     0     2  -100.0  -19.918  -89.495   6018.8    484.9
     1     1     7     8    11     7     0     1  -101.0  -19.651  -90.082   6043.4    484.3
     1     1     7     8    11     6     0     0  -102.0  -19.407  -90.636   6071.4    482.7
     1     1     7     8    11     5     0     1  -103.0  -19.187  -91.171   6104.2    480.6
     1     1     7     8    11     4     0     2  -104.0  -18.998  -91.677   6139.4    478.9
     1     1     7     8    11     3     0     3  -105.0  -18.843  -92.141   6182.3    476.4
     1     1     7     8    11     2     0     2  -106.0  -18.704  -92.568   6233.4    472.6
     1     1     7     8    11     1     0     1  -107.0  -18.569  -92.969   6281.1    469.2
     1     1     7     8    11     0     0     0  -108.0  -18.446  -93.341   6313.8    466.5
     1     1     7     8    10    23     0     1  -109.0  -18.339  -93.671   6332.7    465.4
     1     1     7     8    10    22     0     2  -110.0  -18.244  -93.950   6343.2    464.5
     1     1     7     8    10    21     0     3  -111.0  -18.159  -94.185   6350.5    464.2
     1     1     7     8    10    20     0     2  -112.0  -18.087  -94.390   6367.4    464.4
     1     1     7     8    10    19     0     1  -113.0  -18.036  -94.571   6407.6    462.5
     1     1     7     8    10    18     0     0  -114.0  -18.011  -94.727   6473.9    459.1
     1     1     7     8    10    17     0     1  -115.0  -18.009  -94.861   6558.1    453.6
     1     1     7     8    10    16     0     2  -116.0  -18.028  -94.978   6649.8    448.3
     1     1     7     8    10    15     0     3  -117.0  -18.069  -95.079   6746.4    442.4
     1     1     7     8    10    14     0     2  -118.0  -18.131  -95.177   6839.7    436.0
     1     1     7     8    10    13     0     1  -119.0  -18.215  -95.281   6922.0    430.7
     1     1     7     8    10    12     0     0  -120.0  -18.322  -95.387   6992.4    426.3
