     7     1
    GDAS     7     7    22     0     0
    GDAS     7     8     8     0     0
    GDAS     7     8    15     0     0
    GDAS     7     8    22     0     0
    GDAS     7     8    29     0     0
    GDAS     7     8     1     0     0
    GDAS     7     7    29     0     0
     1 BACKWARD OMEGA   
     7     8    29     0  -23.561  -46.740  4000.0
     1 PRESSURE
     1     1     7     8    29     0     0     0     0.0  -23.561  -46.740   4000.0    587.0
     1     1     7     8    28    23     0     1    -1.0  -23.260  -47.128   3953.0    584.9
     1     1     7     8    28    22     0     2    -2.0  -22.980  -47.498   3920.0    591.5
     1     1     7     8    28    21     0     3    -3.0  -22.717  -47.847   3905.3    596.7
     1     1     7     8    28    20     0     2    -4.0  -22.458  -48.183   3895.5    596.5
     1     1     7     8    28    19     0     1    -5.0  -22.203  -48.513   3885.6    597.3
     1     1     7     8    28    18     0     0    -6.0  -21.954  -48.834   3878.5    601.4
     1     1     7     8    28    17     0     1    -7.0  -21.706  -49.144   3858.6    604.6
     1     1     7     8    28    16     0     2    -8.0  -21.452  -49.439   3827.8    607.9
     1     1     7     8    28    15     0     3    -9.0  -21.190  -49.713   3788.2    611.9
     1     1     7     8    28    14     0     2   -10.0  -20.917  -49.969   3752.3    616.4
     1     1     7     8    28    13     0     1   -11.0  -20.640  -50.207   3735.9    620.1
     1     1     7     8    28    12     0     0   -12.0  -20.363  -50.424   3731.8    622.0
     1     1     7     8    28    11     0     1   -13.0  -20.103  -50.605   3743.9    622.3
     1     1     7     8    28    10     0     2   -14.0  -19.875  -50.752   3774.5    618.9
     1     1     7     8    28     9     0     3   -15.0  -19.674  -50.876   3816.6    613.9
     1     1     7     8    28     8     0     2   -16.0  -19.483  -50.983   3853.5    609.3
     1     1     7     8    28     7     0     1   -17.0  -19.294  -51.067   3875.1    606.2
     1     1     7     8    28     6     0     0   -18.0  -19.112  -51.124   3891.4    603.4
     1     1     7     8    28     5     0     1   -19.0  -18.941  -51.162   3903.1    600.7
     1     1     7     8    28     4     0     2   -20.0  -18.788  -51.197   3907.4    598.4
     1     1     7     8    28     3     0     3   -21.0  -18.649  -51.231   3905.4    597.0
     1     1     7     8    28     2     0     2   -22.0  -18.527  -51.276   3900.3    595.8
     1     1     7     8    28     1     0     1   -23.0  -18.417  -51.344   3895.0    594.4
     1     1     7     8    28     0     0     0   -24.0  -18.313  -51.435   3889.9    593.1
     1     1     7     8    27    23     0     1   -25.0  -18.210  -51.539   3894.6    591.5
     1     1     7     8    27    22     0     2   -26.0  -18.105  -51.644   3917.9    587.9
     1     1     7     8    27    21     0     3   -27.0  -17.997  -51.746   3958.4    583.2
     1     1     7     8    27    20     0     2   -28.0  -17.885  -51.846   3998.6    578.6
     1     1     7     8    27    19     0     1   -29.0  -17.771  -51.949   4018.8    576.7
     1     1     7     8    27    18     0     0   -30.0  -17.661  -52.049   4020.4    576.5
     1     1     7     8    27    17     0     1   -31.0  -17.551  -52.157   4014.5    578.1
     1     1     7     8    27    16     0     2   -32.0  -17.435  -52.281   4010.0    579.1
     1     1     7     8    27    15     0     3   -33.0  -17.310  -52.418   4006.1    580.4
     1     1     7     8    27    14     0     2   -34.0  -17.176  -52.561   3998.9    581.9
     1     1     7     8    27    13     0     1   -35.0  -17.034  -52.706   3983.2    584.6
     1     1     7     8    27    12     0     0   -36.0  -16.881  -52.852   3958.3    589.0
     1     1     7     8    27    11     0     1   -37.0  -16.713  -52.987   3926.5    593.6
     1     1     7     8    27    10     0     2   -38.0  -16.532  -53.098   3891.4    596.9
     1     1     7     8    27     9     0     3   -39.0  -16.348  -53.187   3852.2    600.4
     1     1     7     8    27     8     0     2   -40.0  -16.161  -53.260   3813.3    605.0
     1     1     7     8    27     7     0     1   -41.0  -15.966  -53.323   3779.2    608.4
     1     1     7     8    27     6     0     0   -42.0  -15.769  -53.381   3749.3    609.9
     1     1     7     8    27     5     0     1   -43.0  -15.576  -53.437   3736.3    610.4
     1     1     7     8    27     4     0     2   -44.0  -15.391  -53.492   3740.8    608.7
     1     1     7     8    27     3     0     3   -45.0  -15.210  -53.542   3753.2    606.3
     1     1     7     8    27     2     0     2   -46.0  -15.038  -53.578   3755.4    603.7
     1     1     7     8    27     1     0     1   -47.0  -14.887  -53.590   3735.4    606.0
     1     1     7     8    27     0     0     0   -48.0  -14.759  -53.576   3685.0    611.3
     1     1     7     8    26    23     0     1   -49.0  -14.655  -53.558   3611.9    618.9
     1     1     7     8    26    22     0     2   -50.0  -14.570  -53.559   3531.1    625.9
     1     1     7     8    26    21     0     3   -51.0  -14.497  -53.583   3446.2    633.0
     1     1     7     8    26    20     0     2   -52.0  -14.437  -53.619   3359.3    640.7
     1     1     7     8    26    19     0     1   -53.0  -14.388  -53.654   3274.0    648.4
     1     1     7     8    26    18     0     0   -54.0  -14.347  -53.690   3196.6    655.5
     1     1     7     8    26    17     0     1   -55.0  -14.315  -53.732   3132.0    661.2
     1     1     7     8    26    16     0     2   -56.0  -14.298  -53.789   3083.2    665.3
     1     1     7     8    26    15     0     3   -57.0  -14.292  -53.860   3053.0    667.6
     1     1     7     8    26    14     0     2   -58.0  -14.297  -53.951   3040.7    667.7
     1     1     7     8    26    13     0     1   -59.0  -14.313  -54.068   3046.7    666.9
     1     1     7     8    26    12     0     0   -60.0  -14.338  -54.211   3069.8    665.0
     1     1     7     8    26    11     0     1   -61.0  -14.343  -54.369   3093.8    662.0
     1     1     7     8    26    10     0     2   -62.0  -14.295  -54.528   3104.1    661.7
     1     1     7     8    26     9     0     3   -63.0  -14.192  -54.683   3095.9    663.5
     1     1     7     8    26     8     0     2   -64.0  -14.052  -54.827   3078.1    667.9
     1     1     7     8    26     7     0     1   -65.0  -13.895  -54.956   3061.1    670.7
     1     1     7     8    26     6     0     0   -66.0  -13.724  -55.068   3045.0    672.8
     1     1     7     8    26     5     0     1   -67.0  -13.541  -55.158   3037.2    675.2
     1     1     7     8    26     4     0     2   -68.0  -13.350  -55.225   3042.7    676.1
     1     1     7     8    26     3     0     3   -69.0  -13.155  -55.277   3059.0    676.1
     1     1     7     8    26     2     0     2   -70.0  -12.962  -55.317   3076.5    674.9
     1     1     7     8    26     1     0     1   -71.0  -12.776  -55.348   3085.2    674.0
     1     1     7     8    26     0     0     0   -72.0  -12.598  -55.371   3085.4    673.8
     1     1     7     8    25    23     0     1   -73.0  -12.432  -55.387   3077.6    674.2
     1     1     7     8    25    22     0     2   -74.0  -12.282  -55.395   3063.2    674.9
     1     1     7     8    25    21     0     3   -75.0  -12.146  -55.396   3040.3    676.3
     1     1     7     8    25    20     0     2   -76.0  -12.023  -55.391   3014.9    679.2
     1     1     7     8    25    19     0     1   -77.0  -11.909  -55.379   2998.2    681.4
     1     1     7     8    25    18     0     0   -78.0  -11.805  -55.363   2993.6    682.5
     1     1     7     8    25    17     0     1   -79.0  -11.711  -55.350   3001.8    682.5
     1     1     7     8    25    16     0     2   -80.0  -11.627  -55.350   3021.5    681.4
     1     1     7     8    25    15     0     3   -81.0  -11.550  -55.363   3051.1    679.5
     1     1     7     8    25    14     0     2   -82.0  -11.479  -55.387   3090.8    676.5
     1     1     7     8    25    13     0     1   -83.0  -11.414  -55.417   3141.9    672.6
     1     1     7     8    25    12     0     0   -84.0  -11.352  -55.451   3203.5    667.7
     1     1     7     8    25    11     0     1   -85.0  -11.281  -55.490   3270.8    661.8
     1     1     7     8    25    10     0     2   -86.0  -11.195  -55.537   3339.8    656.2
     1     1     7     8    25     9     0     3   -87.0  -11.097  -55.590   3409.7    650.6
     1     1     7     8    25     8     0     2   -88.0  -10.991  -55.646   3474.6    645.5
     1     1     7     8    25     7     0     1   -89.0  -10.884  -55.697   3529.8    641.8
     1     1     7     8    25     6     0     0   -90.0  -10.780  -55.739   3577.1    638.7
     1     1     7     8    25     5     0     1   -91.0  -10.678  -55.771   3617.0    636.6
     1     1     7     8    25     4     0     2   -92.0  -10.579  -55.791   3650.0    635.0
     1     1     7     8    25     3     0     3   -93.0  -10.486  -55.799   3676.7    633.8
     1     1     7     8    25     2     0     2   -94.0  -10.395  -55.798   3695.4    632.4
     1     1     7     8    25     1     0     1   -95.0  -10.305  -55.793   3704.8    631.9
     1     1     7     8    25     0     0     0   -96.0  -10.217  -55.787   3705.8    632.1
     1     1     7     8    24    23     0     1   -97.0  -10.151  -55.778   3707.8    632.5
     1     1     7     8    24    22     0     2   -98.0  -10.126  -55.766   3719.5    631.3
     1     1     7     8    24    21     0     3   -99.0  -10.140  -55.755   3741.0    629.2
     1     1     7     8    24    20     0     2  -100.0  -10.165  -55.748   3771.6    626.8
     1     1     7     8    24    19     0     1  -101.0  -10.177  -55.747   3810.0    624.0
     1     1     7     8    24    18     0     0  -102.0  -10.173  -55.753   3856.3    620.7
     1     1     7     8    24    17     0     1  -103.0  -10.154  -55.757   3910.1    616.9
     1     1     7     8    24    16     0     2  -104.0  -10.116  -55.755   3970.8    612.7
     1     1     7     8    24    15     0     3  -105.0  -10.061  -55.744   4038.9    608.0
     1     1     7     8    24    14     0     2  -106.0   -9.988  -55.722   4103.2    602.3
     1     1     7     8    24    13     0     1  -107.0   -9.902  -55.685   4150.4    598.1
     1     1     7     8    24    12     0     0  -108.0   -9.803  -55.632   4184.2    594.7
     1     1     7     8    24    11     0     1  -109.0   -9.698  -55.577   4205.7    591.7
     1     1     7     8    24    10     0     2  -110.0   -9.594  -55.532   4211.8    589.8
     1     1     7     8    24     9     0     3  -111.0   -9.489  -55.500   4199.6    589.2
     1     1     7     8    24     8     0     2  -112.0   -9.390  -55.469   4184.2    590.6
     1     1     7     8    24     7     0     1  -113.0   -9.296  -55.425   4181.8    589.7
     1     1     7     8    24     6     0     0  -114.0   -9.207  -55.367   4191.1    587.7
     1     1     7     8    24     5     0     1  -115.0   -9.129  -55.292   4207.4    584.9
     1     1     7     8    24     4     0     2  -116.0   -9.069  -55.193   4226.2    582.0
     1     1     7     8    24     3     0     3  -117.0   -9.031  -55.064   4246.3    578.8
     1     1     7     8    24     2     0     2  -118.0   -9.009  -54.913   4271.7    576.4
     1     1     7     8    24     1     0     1  -119.0   -9.000  -54.756   4301.2    575.6
     1     1     7     8    24     0     0     0  -120.0   -9.003  -54.594   4330.3    574.9
