     7     1
    GDAS     7     7    22     0     0
    GDAS     7     8     8     0     0
    GDAS     7     8    15     0     0
    GDAS     7     8    22     0     0
    GDAS     7     8    29     0     0
    GDAS     7     8     1     0     0
    GDAS     7     7    29     0     0
     1 BACKWARD OMEGA   
     7     8    13     0  -23.561  -46.740  4000.0
     1 PRESSURE
     1     1     7     8    13     0     0     0     0.0  -23.561  -46.740   4000.0    588.7
     1     1     7     8    12    23     0     1    -1.0  -23.651  -46.692   4082.7    585.5
     1     1     7     8    12    22     0     2    -2.0  -23.766  -46.672   4168.1    582.7
     1     1     7     8    12    21     0     3    -3.0  -23.905  -46.683   4257.8    579.9
     1     1     7     8    12    20     0     2    -4.0  -24.055  -46.716   4351.6    576.4
     1     1     7     8    12    19     0     1    -5.0  -24.204  -46.765   4445.2    572.8
     1     1     7     8    12    18     0     0    -6.0  -24.349  -46.827   4533.0    569.9
     1     1     7     8    12    17     0     1    -7.0  -24.488  -46.898   4620.6    568.3
     1     1     7     8    12    16     0     2    -8.0  -24.619  -46.978   4716.9    565.8
     1     1     7     8    12    15     0     3    -9.0  -24.743  -47.066   4821.4    562.7
     1     1     7     8    12    14     0     2   -10.0  -24.868  -47.165   4929.5    558.5
     1     1     7     8    12    13     0     1   -11.0  -25.002  -47.276   5034.8    554.5
     1     1     7     8    12    12     0     0   -12.0  -25.155  -47.404   5122.8    547.6
     1     1     7     8    12    11     0     1   -13.0  -25.341  -47.557   5202.4    541.1
     1     1     7     8    12    10     0     2   -14.0  -25.562  -47.736   5267.5    537.8
     1     1     7     8    12     9     0     3   -15.0  -25.813  -47.941   5320.8    537.6
     1     1     7     8    12     8     0     2   -16.0  -26.090  -48.181   5337.8    532.9
     1     1     7     8    12     7     0     1   -17.0  -26.398  -48.471   5333.5    524.1
     1     1     7     8    12     6     0     0   -18.0  -26.735  -48.813   5334.9    519.0
     1     1     7     8    12     5     0     1   -19.0  -27.088  -49.214   5319.0    512.1
     1     1     7     8    12     4     0     2   -20.0  -27.452  -49.711   5243.1    489.6
     1     1     7     8    12     3     0     3   -21.0  -27.823  -50.319   5227.6    473.9
     1     1     7     8    12     2     0     2   -22.0  -28.181  -50.982   5323.8    480.8
     1     1     7     8    12     1     0     1   -23.0  -28.516  -51.666   5396.8    486.2
     1     1     7     8    12     0     0     0   -24.0  -28.827  -52.361   5469.2    489.9
     1     1     7     8    11    23     0     1   -25.0  -29.099  -53.059   5509.9    490.3
     1     1     7     8    11    22     0     2   -26.0  -29.327  -53.759   5569.4    499.5
     1     1     7     8    11    21     0     3   -27.0  -29.528  -54.473   5607.8    502.5
     1     1     7     8    11    20     0     2   -28.0  -29.718  -55.207   5660.0    501.6
     1     1     7     8    11    19     0     1   -29.0  -29.890  -55.951   5726.0    500.0
     1     1     7     8    11    18     0     0   -30.0  -30.040  -56.696   5791.9    496.2
     1     1     7     8    11    17     0     1   -31.0  -30.186  -57.441   5866.0    492.7
     1     1     7     8    11    16     0     2   -32.0  -30.338  -58.186   5941.4    488.8
     1     1     7     8    11    15     0     3   -33.0  -30.490  -58.928   6011.7    484.2
     1     1     7     8    11    14     0     2   -34.0  -30.632  -59.686   6104.5    479.4
     1     1     7     8    11    13     0     1   -35.0  -30.759  -60.486   6230.4    470.0
     1     1     7     8    11    12     0     0   -36.0  -30.881  -61.335   6348.6    460.3
     1     1     7     8    11    11     0     1   -37.0  -30.990  -62.242   6396.9    453.7
     1     1     7     8    11    10     0     2   -38.0  -31.069  -63.179   6433.5    451.3
     1     1     7     8    11     9     0     3   -39.0  -31.122  -64.181   6401.1    423.8
     1     1     7     8    11     8     0     2   -40.0  -31.130  -65.235   6460.9    413.5
     1     1     7     8    11     7     0     1   -41.0  -31.093  -66.262   6466.6    422.3
     1     1     7     8    11     6     0     0   -42.0  -31.016  -67.308   6276.2    410.9
     1     1     7     8    11     5     0     1   -43.0  -30.890  -68.391   6251.4    392.1
     1     1     7     8    11     4     0     2   -44.0  -30.672  -69.635   5962.6    318.8
     1     1     7     8    11     3     0     3   -45.0  -30.347  -70.906   6437.9    375.0
     1     1     7     8    11     2     0     2   -46.0  -30.007  -71.805   6666.3    435.3
     1     1     7     8    11     1     0     1   -47.0  -29.672  -72.543   6605.6    449.1
     1     1     7     8    11     0     0     0   -48.0  -29.321  -73.227   6529.6    454.0
     1     1     7     8    10    23     0     1   -49.0  -28.985  -73.857   6463.8    456.8
     1     1     7     8    10    22     0     2   -50.0  -28.692  -74.443   6427.6    459.7
     1     1     7     8    10    21     0     3   -51.0  -28.421  -74.992   6413.5    461.8
     1     1     7     8    10    20     0     2   -52.0  -28.172  -75.515   6415.6    460.5
     1     1     7     8    10    19     0     1   -53.0  -27.951  -76.026   6437.8    457.9
     1     1     7     8    10    18     0     0   -54.0  -27.748  -76.519   6456.4    456.7
     1     1     7     8    10    17     0     1   -55.0  -27.563  -77.014   6454.7    457.2
     1     1     7     8    10    16     0     2   -56.0  -27.404  -77.532   6440.1    458.2
     1     1     7     8    10    15     0     3   -57.0  -27.273  -78.062   6422.8    460.0
     1     1     7     8    10    14     0     2   -58.0  -27.159  -78.593   6419.0    460.6
     1     1     7     8    10    13     0     1   -59.0  -27.054  -79.119   6441.8    458.6
     1     1     7     8    10    12     0     0   -60.0  -26.959  -79.640   6488.8    456.1
     1     1     7     8    10    11     0     1   -61.0  -26.884  -80.148   6535.4    452.5
     1     1     7     8    10    10     0     2   -62.0  -26.842  -80.640   6567.4    450.0
     1     1     7     8    10     9     0     3   -63.0  -26.833  -81.121   6596.0    448.1
     1     1     7     8    10     8     0     2   -64.0  -26.853  -81.594   6640.8    447.2
     1     1     7     8    10     7     0     1   -65.0  -26.894  -82.056   6708.6    443.9
     1     1     7     8    10     6     0     0   -66.0  -26.958  -82.503   6788.7    438.6
     1     1     7     8    10     5     0     1   -67.0  -27.043  -82.940   6869.6    432.7
     1     1     7     8    10     4     0     2   -68.0  -27.152  -83.373   6946.6    428.7
     1     1     7     8    10     3     0     3   -69.0  -27.291  -83.803   7023.8    425.1
     1     1     7     8    10     2     0     2   -70.0  -27.459  -84.240   7104.0    420.3
     1     1     7     8    10     1     0     1   -71.0  -27.658  -84.695   7185.2    415.1
     1     1     7     8    10     0     0     0   -72.0  -27.897  -85.167   7261.2    410.5
     1     1     7     8     9    23     0     1   -73.0  -28.181  -85.657   7319.8    406.6
     1     1     7     8     9    22     0     2   -74.0  -28.513  -86.164   7363.2    404.0
     1     1     7     8     9    21     0     3   -75.0  -28.906  -86.690   7410.2    401.8
     1     1     7     8     9    20     0     2   -76.0  -29.330  -87.256   7476.5    399.0
     1     1     7     8     9    19     0     1   -77.0  -29.758  -87.874   7562.0    393.9
     1     1     7     8     9    18     0     0   -78.0  -30.203  -88.537   7642.4    388.9
     1     1     7     8     9    17     0     1   -79.0  -30.644  -89.246   7688.7    385.3
     1     1     7     8     9    16     0     2   -80.0  -31.058  -90.000   7741.7    384.7
     1     1     7     8     9    15     0     3   -81.0  -31.461  -90.785   7834.3    378.2
     1     1     7     8     9    14     0     2   -82.0  -31.857  -91.599   7947.9    371.9
     1     1     7     8     9    13     0     1   -83.0  -32.212  -92.451   8017.5    368.2
     1     1     7     8     9    12     0     0   -84.0  -32.541  -93.329   8057.5    366.5
     1     1     7     8     9    11     0     1   -85.0  -32.846  -94.212   8085.8    365.1
     1     1     7     8     9    10     0     2   -86.0  -33.082  -95.066   8113.8    364.9
     1     1     7     8     9     9     0     3   -87.0  -33.260  -95.878   8138.0    363.2
     1     1     7     8     9     8     0     2   -88.0  -33.427  -96.655   8162.7    362.6
     1     1     7     8     9     7     0     1   -89.0  -33.595  -97.397   8143.5    363.9
     1     1     7     8     9     6     0     0   -90.0  -33.749  -98.112   8086.4    366.2
     1     1     7     8     9     5     0     1   -91.0  -33.912  -98.813   8025.0    371.2
     1     1     7     8     9     4     0     2   -92.0  -34.098  -99.516   7951.3    374.5
     1     1     7     8     9     3     0     3   -93.0  -34.278 -100.218   7860.2    379.0
     1     1     7     8     9     2     0     2   -94.0  -34.447 -100.927   7767.9    385.5
     1     1     7     8     9     1     0     1   -95.0  -34.611 -101.655   7695.0    390.0
     1     1     7     8     9     0     0     0   -96.0  -34.761 -102.385   7633.7    393.2
     1     1     7     8     8    23     0     1   -97.0  -34.891 -103.119   7583.3    395.9
     1     1     7     8     8    22     0     2   -98.0  -35.011 -103.869   7565.5    398.3
     1     1     7     8     8    21     0     3   -99.0  -35.127 -104.628   7573.4    396.9
     1     1     7     8     8    20     0     2  -100.0  -35.222 -105.388   7601.1    395.5
     1     1     7     8     8    19     0     1  -101.0  -35.284 -106.151   7627.7    394.8
     1     1     7     8     8    18     0     0  -102.0  -35.321 -106.914   7635.3    393.9
     1     1     7     8     8    17     0     1  -103.0  -35.327 -107.672   7643.5    394.4
     1     1     7     8     8    16     0     2  -104.0  -35.292 -108.426   7645.3    394.3
     1     1     7     8     8    15     0     3  -105.0  -35.219 -109.164   7639.0    394.3
     1     1     7     8     8    14     0     2  -106.0  -35.101 -109.873   7637.5    395.6
     1     1     7     8     8    13     0     1  -107.0  -34.934 -110.543   7633.4    395.8
     1     1     7     8     8    12     0     0  -108.0  -34.734 -111.174   7638.7    395.6
     1     1     7     8     8    11     0     1  -109.0  -34.502 -111.741   7648.7    395.4
     1     1     7     8     8    10     0     2  -110.0  -34.242 -112.216   7654.7    395.6
     1     1     7     8     8     9     0     3  -111.0  -33.966 -112.601   7668.1    395.4
     1     1     7     8     8     8     0     2  -112.0  -33.698 -112.903   7693.3    394.4
     1     1     7     8     8     7     0     1  -113.0  -33.454 -113.133   7728.0    392.9
     1     1     7     8     8     6     0     0  -114.0  -33.239 -113.303   7772.5    391.0
     1     1     7     8     8     5     0     1  -115.0  -33.050 -113.416   7801.3    388.0
     1     1     7     8     8     4     0     2  -116.0  -32.876 -113.470   7787.9    388.6
     1     1     7     8     8     3     0     3  -117.0  -32.714 -113.466   7732.4    391.5
     1     1     7     8     8     2     0     2  -118.0  -32.572 -113.420   7677.0    396.8
     1     1     7     8     8     1     0     1  -119.0  -32.469 -113.356   7660.4    397.7
     1     1     7     8     8     0     0     0  -120.0  -32.409 -113.277   7681.2    396.6
