     7     1
    GDAS     7     7    22     0     0
    GDAS     7     8     8     0     0
    GDAS     7     8    15     0     0
    GDAS     7     8    22     0     0
    GDAS     7     8    29     0     0
    GDAS     7     8     1     0     0
    GDAS     7     7    29     0     0
     1 BACKWARD OMEGA   
     7     8     3    18  -23.561  -46.740  4000.0
     1 PRESSURE
     1     1     7     8     3    18     0     0     0.0  -23.561  -46.740   4000.0    588.0
     1     1     7     8     3    17     0     1    -1.0  -23.494  -47.201   4008.1    584.6
     1     1     7     8     3    16     0     2    -2.0  -23.410  -47.657   4008.9    587.4
     1     1     7     8     3    15     0     3    -3.0  -23.316  -48.096   3999.2    590.7
     1     1     7     8     3    14     0     2    -4.0  -23.209  -48.536   3978.3    587.2
     1     1     7     8     3    13     0     1    -5.0  -23.083  -48.993   3970.2    580.3
     1     1     7     8     3    12     0     0    -6.0  -22.947  -49.450   4006.2    585.7
     1     1     7     8     3    11     0     1    -7.0  -22.808  -49.894   4037.6    591.3
     1     1     7     8     3    10     0     2    -8.0  -22.665  -50.335   4051.1    592.7
     1     1     7     8     3     9     0     3    -9.0  -22.515  -50.778   4064.8    592.5
     1     1     7     8     3     8     0     2   -10.0  -22.345  -51.218   4099.5    593.4
     1     1     7     8     3     7     0     1   -11.0  -22.151  -51.644   4161.1    594.5
     1     1     7     8     3     6     0     0   -12.0  -21.936  -52.059   4228.9    594.2
     1     1     7     8     3     5     0     1   -13.0  -21.700  -52.445   4271.9    588.7
     1     1     7     8     3     4     0     2   -14.0  -21.447  -52.789   4305.7    586.1
     1     1     7     8     3     3     0     3   -15.0  -21.178  -53.090   4332.0    584.4
     1     1     7     8     3     2     0     2   -16.0  -20.895  -53.357   4345.2    580.6
     1     1     7     8     3     1     0     1   -17.0  -20.594  -53.601   4351.9    576.3
     1     1     7     8     3     0     0     0   -18.0  -20.274  -53.825   4362.5    571.4
     1     1     7     8     2    23     0     1   -19.0  -19.933  -54.033   4380.2    565.9
     1     1     7     8     2    22     0     2   -20.0  -19.578  -54.232   4403.1    566.7
     1     1     7     8     2    21     0     3   -21.0  -19.220  -54.421   4401.2    569.8
     1     1     7     8     2    20     0     2   -22.0  -18.860  -54.592   4389.1    575.3
     1     1     7     8     2    19     0     1   -23.0  -18.493  -54.732   4389.2    579.4
     1     1     7     8     2    18     0     0   -24.0  -18.122  -54.845   4409.9    581.4
     1     1     7     8     2    17     0     1   -25.0  -17.760  -54.924   4441.4    580.0
     1     1     7     8     2    16     0     2   -26.0  -17.419  -54.965   4472.4    577.4
     1     1     7     8     2    15     0     3   -27.0  -17.100  -54.973   4489.2    575.2
     1     1     7     8     2    14     0     2   -28.0  -16.795  -54.949   4495.8    573.1
     1     1     7     8     2    13     0     1   -29.0  -16.487  -54.891   4509.4    568.4
     1     1     7     8     2    12     0     0   -30.0  -16.173  -54.793   4530.9    563.2
     1     1     7     8     2    11     0     1   -31.0  -15.859  -54.664   4545.1    557.2
     1     1     7     8     2    10     0     2   -32.0  -15.559  -54.514   4541.4    553.2
     1     1     7     8     2     9     0     3   -33.0  -15.278  -54.343   4531.9    549.8
     1     1     7     8     2     8     0     2   -34.0  -15.004  -54.142   4523.7    546.5
     1     1     7     8     2     7     0     1   -35.0  -14.732  -53.919   4532.0    548.7
     1     1     7     8     2     6     0     0   -36.0  -14.467  -53.686   4528.6    553.3
     1     1     7     8     2     5     0     1   -37.0  -14.213  -53.441   4506.2    560.0
     1     1     7     8     2     4     0     2   -38.0  -13.968  -53.179   4474.7    566.5
     1     1     7     8     2     3     0     3   -39.0  -13.727  -52.898   4441.5    571.9
     1     1     7     8     2     2     0     2   -40.0  -13.493  -52.607   4422.7    574.6
     1     1     7     8     2     1     0     1   -41.0  -13.268  -52.308   4429.1    574.8
     1     1     7     8     2     0     0     0   -42.0  -13.052  -51.990   4457.5    573.3
     1     1     7     8     1    23     0     1   -43.0  -12.842  -51.658   4495.1    571.8
     1     1     7     8     1    22     0     2   -44.0  -12.642  -51.322   4528.8    571.4
     1     1     7     8     1    21     0     3   -45.0  -12.455  -50.984   4571.1    570.0
     1     1     7     8     1    20     0     2   -46.0  -12.281  -50.634   4615.7    565.7
     1     1     7     8     1    19     0     1   -47.0  -12.122  -50.274   4664.6    563.1
     1     1     7     8     1    18     0     0   -48.0  -11.978  -49.913   4714.3    560.5
     1     1     7     8     1    17     0     1   -49.0  -11.851  -49.549   4749.8    555.9
     1     1     7     8     1    16     0     2   -50.0  -11.738  -49.184   4776.4    552.7
     1     1     7     8     1    15     0     3   -51.0  -11.640  -48.824   4802.8    550.2
     1     1     7     8     1    14     0     2   -52.0  -11.558  -48.461   4827.6    547.4
     1     1     7     8     1    13     0     1   -53.0  -11.492  -48.093   4850.8    544.9
     1     1     7     8     1    12     0     0   -54.0  -11.439  -47.725   4870.7    539.2
     1     1     7     8     1    11     0     1   -55.0  -11.395  -47.353   4878.2    531.7
     1     1     7     8     1    10     0     2   -56.0  -11.352  -46.984   4861.3    527.1
     1     1     7     8     1     9     0     3   -57.0  -11.315  -46.626   4833.9    525.2
     1     1     7     8     1     8     0     2   -58.0  -11.283  -46.282   4809.8    523.8
     1     1     7     8     1     7     0     1   -59.0  -11.253  -45.946   4793.5    522.2
     1     1     7     8     1     6     0     0   -60.0  -11.225  -45.620   4788.6    525.9
     1     1     7     8     1     5     0     1   -61.0  -11.201  -45.304   4784.2    530.3
     1     1     7     8     1     4     0     2   -62.0  -11.180  -44.995   4786.1    533.4
     1     1     7     8     1     3     0     3   -63.0  -11.163  -44.688   4785.3    535.2
     1     1     7     8     1     2     0     2   -64.0  -11.150  -44.387   4800.6    536.5
     1     1     7     8     1     1     0     1   -65.0  -11.139  -44.102   4847.9    534.7
     1     1     7     8     1     0     0     0   -66.0  -11.131  -43.832   4926.8    529.9
     1     1     7     7    31    23     0     1   -67.0  -11.131  -43.572   5015.5    522.4
     1     1     7     7    31    22     0     2   -68.0  -11.142  -43.318   5092.4    517.1
     1     1     7     7    31    21     0     3   -69.0  -11.162  -43.074   5158.2    512.4
     1     1     7     7    31    20     0     2   -70.0  -11.193  -42.837   5202.2    507.4
     1     1     7     7    31    19     0     1   -71.0  -11.238  -42.607   5222.2    503.3
     1     1     7     7    31    18     0     0   -72.0  -11.295  -42.385   5221.7    500.1
     1     1     7     7    31    17     0     1   -73.0  -11.356  -42.165   5212.2    497.8
     1     1     7     7    31    16     0     2   -74.0  -11.413  -41.937   5205.3    495.4
     1     1     7     7    31    15     0     3   -75.0  -11.462  -41.701   5204.4    495.7
     1     1     7     7    31    14     0     2   -76.0  -11.509  -41.463   5201.2    496.8
     1     1     7     7    31    13     0     1   -77.0  -11.560  -41.227   5198.6    498.2
     1     1     7     7    31    12     0     0   -78.0  -11.620  -40.996   5199.6    499.8
     1     1     7     7    31    11     0     1   -79.0  -11.687  -40.782   5212.7    502.2
     1     1     7     7    31    10     0     2   -80.0  -11.761  -40.596   5233.0    503.6
     1     1     7     7    31     9     0     3   -81.0  -11.849  -40.437   5259.9    504.2
     1     1     7     7    31     8     0     2   -82.0  -11.953  -40.301   5296.3    504.6
     1     1     7     7    31     7     0     1   -83.0  -12.074  -40.189   5346.6    503.4
     1     1     7     7    31     6     0     0   -84.0  -12.210  -40.102   5413.9    500.6
     1     1     7     7    31     5     0     1   -85.0  -12.347  -40.030   5486.4    496.4
     1     1     7     7    31     4     0     2   -86.0  -12.481  -39.962   5547.1    493.4
     1     1     7     7    31     3     0     3   -87.0  -12.611  -39.898   5593.0    491.5
     1     1     7     7    31     2     0     2   -88.0  -12.738  -39.840   5632.4    490.4
     1     1     7     7    31     1     0     1   -89.0  -12.858  -39.790   5675.3    488.5
     1     1     7     7    31     0     0     0   -90.0  -12.973  -39.746   5720.5    486.5
     1     1     7     7    30    23     0     1   -91.0  -13.085  -39.711   5766.0    484.3
     1     1     7     7    30    22     0     2   -92.0  -13.194  -39.690   5806.9    482.6
     1     1     7     7    30    21     0     3   -93.0  -13.298  -39.682   5841.0    480.9
     1     1     7     7    30    20     0     2   -94.0  -13.397  -39.685   5873.2    479.9
     1     1     7     7    30    19     0     1   -95.0  -13.491  -39.694   5909.5    478.1
     1     1     7     7    30    18     0     0   -96.0  -13.581  -39.709   5950.8    475.9
     1     1     7     7    30    17     0     1   -97.0  -13.672  -39.725   5987.1    473.4
     1     1     7     7    30    16     0     2   -98.0  -13.771  -39.737   6008.9    472.7
     1     1     7     7    30    15     0     3   -99.0  -13.880  -39.750   6017.0    472.8
     1     1     7     7    30    14     0     2  -100.0  -13.997  -39.768   6013.6    473.5
     1     1     7     7    30    13     0     1  -101.0  -14.124  -39.796   5995.1    473.8
     1     1     7     7    30    12     0     0  -102.0  -14.256  -39.837   5962.9    474.6
     1     1     7     7    30    11     0     1  -103.0  -14.393  -39.891   5932.8    475.7
     1     1     7     7    30    10     0     2  -104.0  -14.542  -39.962   5919.6    474.1
     1     1     7     7    30     9     0     3  -105.0  -14.704  -40.051   5918.9    471.4
     1     1     7     7    30     8     0     2  -106.0  -14.880  -40.163   5913.2    468.1
     1     1     7     7    30     7     0     1  -107.0  -15.065  -40.306   5892.3    466.2
     1     1     7     7    30     6     0     0  -108.0  -15.256  -40.476   5868.1    465.4
     1     1     7     7    30     5     0     1  -109.0  -15.463  -40.670   5848.2    464.8
     1     1     7     7    30     4     0     2  -110.0  -15.698  -40.887   5844.0    462.8
     1     1     7     7    30     3     0     3  -111.0  -15.965  -41.132   5867.4    460.0
     1     1     7     7    30     2     0     2  -112.0  -16.257  -41.411   5924.9    455.5
     1     1     7     7    30     1     0     1  -113.0  -16.571  -41.733   6012.6    450.9
     1     1     7     7    30     0     0     0  -114.0  -16.906  -42.107   6121.1    446.9
     1     1     7     7    29    23     0     1  -115.0  -17.256  -42.540   6186.1    436.9
     1     1     7     7    29    22     0     2  -116.0  -17.619  -43.031   6198.0    426.5
     1     1     7     7    29    21     0     3  -117.0  -17.995  -43.574   6197.5    422.4
     1     1     7     7    29    20     0     2  -118.0  -18.378  -44.155   6219.4    427.5
     1     1     7     7    29    19     0     1  -119.0  -18.767  -44.768   6301.1    432.5
     1     1     7     7    29    18     0     0  -120.0  -19.153  -45.423   6392.1    424.8
