     7     1
    GDAS     7     7    22     0     0
    GDAS     7     8     8     0     0
    GDAS     7     8    15     0     0
    GDAS     7     8    22     0     0
    GDAS     7     8    29     0     0
    GDAS     7     8     1     0     0
    GDAS     7     7    29     0     0
     1 BACKWARD OMEGA   
     7     8    11    12  -23.561  -46.740  4000.0
     1 PRESSURE
     1     1     7     8    11    12     0     0     0.0  -23.561  -46.740   4000.0    589.0
     1     1     7     8    11    11     0     1    -1.0  -23.457  -47.046   4025.0    583.3
     1     1     7     8    11    10     0     2    -2.0  -23.355  -47.338   4055.1    582.2
     1     1     7     8    11     9     0     3    -3.0  -23.255  -47.619   4081.8    582.3
     1     1     7     8    11     8     0     2    -4.0  -23.149  -47.888   4096.2    584.5
     1     1     7     8    11     7     0     1    -5.0  -23.026  -48.145   4080.7    585.7
     1     1     7     8    11     6     0     0    -6.0  -22.878  -48.397   4035.2    584.9
     1     1     7     8    11     5     0     1    -7.0  -22.698  -48.632   3978.6    587.5
     1     1     7     8    11     4     0     2    -8.0  -22.487  -48.830   3916.7    593.2
     1     1     7     8    11     3     0     3    -9.0  -22.253  -48.986   3848.5    602.0
     1     1     7     8    11     2     0     2   -10.0  -22.033  -49.107   3780.9    612.7
     1     1     7     8    11     1     0     1   -11.0  -21.852  -49.222   3720.3    618.7
     1     1     7     8    11     0     0     0   -12.0  -21.707  -49.341   3677.6    622.3
     1     1     7     8    10    23     0     1   -13.0  -21.573  -49.465   3661.5    624.2
     1     1     7     8    10    22     0     2   -14.0  -21.428  -49.596   3676.5    622.7
     1     1     7     8    10    21     0     3   -15.0  -21.265  -49.729   3713.0    619.6
     1     1     7     8    10    20     0     2   -16.0  -21.082  -49.857   3749.6    616.0
     1     1     7     8    10    19     0     1   -17.0  -20.879  -49.967   3772.5    615.1
     1     1     7     8    10    18     0     0   -18.0  -20.659  -50.057   3786.6    615.5
     1     1     7     8    10    17     0     1   -19.0  -20.425  -50.118   3785.0    616.2
     1     1     7     8    10    16     0     2   -20.0  -20.183  -50.147   3756.8    619.0
     1     1     7     8    10    15     0     3   -21.0  -19.936  -50.143   3697.8    623.6
     1     1     7     8    10    14     0     2   -22.0  -19.694  -50.114   3625.1    628.7
     1     1     7     8    10    13     0     1   -23.0  -19.464  -50.063   3562.3    631.5
     1     1     7     8    10    12     0     0   -24.0  -19.246  -49.995   3509.8    633.5
     1     1     7     8    10    11     0     1   -25.0  -19.033  -49.902   3460.7    633.9
     1     1     7     8    10    10     0     2   -26.0  -18.817  -49.775   3414.9    635.5
     1     1     7     8    10     9     0     3   -27.0  -18.600  -49.611   3378.5    636.5
     1     1     7     8    10     8     0     2   -28.0  -18.385  -49.422   3364.4    636.8
     1     1     7     8    10     7     0     1   -29.0  -18.173  -49.218   3377.4    634.3
     1     1     7     8    10     6     0     0   -30.0  -17.964  -49.002   3407.1    630.3
     1     1     7     8    10     5     0     1   -31.0  -17.758  -48.770   3427.9    623.4
     1     1     7     8    10     4     0     2   -32.0  -17.557  -48.522   3429.0    618.9
     1     1     7     8    10     3     0     3   -33.0  -17.362  -48.257   3411.7    615.5
     1     1     7     8    10     2     0     2   -34.0  -17.177  -47.975   3407.6    613.3
     1     1     7     8    10     1     0     1   -35.0  -17.007  -47.669   3461.5    611.5
     1     1     7     8    10     0     0     0   -36.0  -16.854  -47.335   3563.1    607.0
     1     1     7     8     9    23     0     1   -37.0  -16.723  -46.984   3669.6    599.7
     1     1     7     8     9    22     0     2   -38.0  -16.613  -46.619   3744.4    597.5
     1     1     7     8     9    21     0     3   -39.0  -16.514  -46.242   3789.8    598.7
     1     1     7     8     9    20     0     2   -40.0  -16.428  -45.854   3813.4    601.4
     1     1     7     8     9    19     0     1   -41.0  -16.360  -45.458   3821.0    601.7
     1     1     7     8     9    18     0     0   -42.0  -16.313  -45.061   3821.3    602.6
     1     1     7     8     9    17     0     1   -43.0  -16.287  -44.674   3800.5    600.8
     1     1     7     8     9    16     0     2   -44.0  -16.286  -44.307   3755.1    600.4
     1     1     7     8     9    15     0     3   -45.0  -16.310  -43.960   3678.4    602.6
     1     1     7     8     9    14     0     2   -46.0  -16.347  -43.637   3595.7    609.4
     1     1     7     8     9    13     0     1   -47.0  -16.379  -43.336   3530.7    613.8
     1     1     7     8     9    12     0     0   -48.0  -16.406  -43.048   3489.5    616.5
     1     1     7     8     9    11     0     1   -49.0  -16.428  -42.771   3475.1    617.8
     1     1     7     8     9    10     0     2   -50.0  -16.450  -42.505   3481.9    617.8
     1     1     7     8     9     9     0     3   -51.0  -16.476  -42.247   3504.6    616.8
     1     1     7     8     9     8     0     2   -52.0  -16.503  -41.997   3542.6    615.8
     1     1     7     8     9     7     0     1   -53.0  -16.522  -41.755   3598.3    613.7
     1     1     7     8     9     6     0     0   -54.0  -16.537  -41.519   3668.8    610.2
     1     1     7     8     9     5     0     1   -55.0  -16.552  -41.285   3748.7    605.9
     1     1     7     8     9     4     0     2   -56.0  -16.568  -41.046   3833.4    601.4
     1     1     7     8     9     3     0     3   -57.0  -16.582  -40.803   3926.7    599.0
     1     1     7     8     9     2     0     2   -58.0  -16.588  -40.557   4023.8    596.9
     1     1     7     8     9     1     0     1   -59.0  -16.582  -40.306   4122.0    594.5
     1     1     7     8     9     0     0     0   -60.0  -16.566  -40.046   4216.0    592.5
     1     1     7     8     8    23     0     1   -61.0  -16.547  -39.781   4300.4    591.5
     1     1     7     8     8    22     0     2   -62.0  -16.529  -39.514   4373.2    591.9
     1     1     7     8     8    21     0     3   -63.0  -16.514  -39.240   4438.1    593.1
     1     1     7     8     8    20     0     2   -64.0  -16.497  -38.959   4493.5    594.4
     1     1     7     8     8    19     0     1   -65.0  -16.473  -38.672   4529.6    592.5
     1     1     7     8     8    18     0     0   -66.0  -16.442  -38.383   4560.6    590.8
     1     1     7     8     8    17     0     1   -67.0  -16.407  -38.086   4592.0    589.5
     1     1     7     8     8    16     0     2   -68.0  -16.374  -37.776   4625.8    587.1
     1     1     7     8     8    15     0     3   -69.0  -16.346  -37.453   4657.3    584.7
     1     1     7     8     8    14     0     2   -70.0  -16.328  -37.123   4678.3    582.9
     1     1     7     8     8    13     0     1   -71.0  -16.321  -36.797   4683.8    582.6
     1     1     7     8     8    12     0     0   -72.0  -16.322  -36.478   4675.4    583.4
     1     1     7     8     8    11     0     1   -73.0  -16.329  -36.159   4663.6    584.5
     1     1     7     8     8    10     0     2   -74.0  -16.343  -35.833   4660.6    584.5
     1     1     7     8     8     9     0     3   -75.0  -16.362  -35.503   4671.3    583.4
     1     1     7     8     8     8     0     2   -76.0  -16.388  -35.177   4691.1    581.5
     1     1     7     8     8     7     0     1   -77.0  -16.419  -34.865   4715.2    579.8
     1     1     7     8     8     6     0     0   -78.0  -16.453  -34.568   4746.4    577.7
     1     1     7     8     8     5     0     1   -79.0  -16.489  -34.281   4779.1    575.0
     1     1     7     8     8     4     0     2   -80.0  -16.525  -33.995   4803.3    573.4
     1     1     7     8     8     3     0     3   -81.0  -16.563  -33.704   4816.9    572.6
     1     1     7     8     8     2     0     2   -82.0  -16.610  -33.409   4837.5    572.5
     1     1     7     8     8     1     0     1   -83.0  -16.671  -33.121   4883.9    569.4
     1     1     7     8     8     0     0     0   -84.0  -16.752  -32.845   4956.9    564.3
     1     1     7     8     7    23     0     1   -85.0  -16.855  -32.588   5038.0    557.1
     1     1     7     8     7    22     0     2   -86.0  -16.978  -32.355   5105.8    551.9
     1     1     7     8     7    21     0     3   -87.0  -17.119  -32.144   5154.0    548.1
     1     1     7     8     7    20     0     2   -88.0  -17.271  -31.955   5187.8    546.4
     1     1     7     8     7    19     0     1   -89.0  -17.426  -31.790   5218.1    544.5
     1     1     7     8     7    18     0     0   -90.0  -17.584  -31.654   5248.7    542.3
     1     1     7     8     7    17     0     1   -91.0  -17.739  -31.542   5280.4    540.0
     1     1     7     8     7    16     0     2   -92.0  -17.887  -31.451   5314.7    537.6
     1     1     7     8     7    15     0     3   -93.0  -18.030  -31.383   5354.2    534.9
     1     1     7     8     7    14     0     2   -94.0  -18.164  -31.336   5397.3    532.0
     1     1     7     8     7    13     0     1   -95.0  -18.290  -31.307   5439.0    529.5
     1     1     7     8     7    12     0     0   -96.0  -18.407  -31.299   5478.2    527.1
     1     1     7     8     7    11     0     1   -97.0  -18.505  -31.312   5508.4    524.4
     1     1     7     8     7    10     0     2   -98.0  -18.572  -31.347   5523.2    523.1
     1     1     7     8     7     9     0     3   -99.0  -18.608  -31.400   5521.3    522.9
     1     1     7     8     7     8     0     2  -100.0  -18.627  -31.460   5514.4    524.2
     1     1     7     8     7     7     0     1  -101.0  -18.642  -31.517   5513.3    524.2
     1     1     7     8     7     6     0     0  -102.0  -18.655  -31.575   5518.2    523.9
     1     1     7     8     7     5     0     1  -103.0  -18.670  -31.626   5532.8    523.4
     1     1     7     8     7     4     0     2  -104.0  -18.693  -31.667   5559.9    521.8
     1     1     7     8     7     3     0     3  -105.0  -18.727  -31.702   5598.2    519.5
     1     1     7     8     7     2     0     2  -106.0  -18.771  -31.738   5637.1    516.3
     1     1     7     8     7     1     0     1  -107.0  -18.822  -31.775   5666.0    514.5
     1     1     7     8     7     0     0     0  -108.0  -18.881  -31.812   5684.9    513.4
     1     1     7     8     6    23     0     1  -109.0  -18.946  -31.848   5699.7    512.6
     1     1     7     8     6    22     0     2  -110.0  -19.016  -31.884   5717.5    511.4
     1     1     7     8     6    21     0     3  -111.0  -19.090  -31.925   5740.8    509.7
     1     1     7     8     6    20     0     2  -112.0  -19.162  -31.970   5765.1    507.8
     1     1     7     8     6    19     0     1  -113.0  -19.226  -32.016   5784.4    506.6
     1     1     7     8     6    18     0     0  -114.0  -19.283  -32.059   5798.0    505.7
     1     1     7     8     6    17     0     1  -115.0  -19.333  -32.096   5808.8    505.2
     1     1     7     8     6    16     0     2  -116.0  -19.376  -32.126   5819.2    504.5
     1     1     7     8     6    15     0     3  -117.0  -19.413  -32.148   5828.7    503.9
     1     1     7     8     6    14     0     2  -118.0  -19.448  -32.161   5842.7    503.6
     1     1     7     8     6    13     0     1  -119.0  -19.487  -32.169   5866.6    502.2
     1     1     7     8     6    12     0     0  -120.0  -19.528  -32.173   5900.1    500.2
