     7     1
    GDAS     7     7    22     0     0
    GDAS     7     8     8     0     0
    GDAS     7     8    15     0     0
    GDAS     7     8    22     0     0
    GDAS     7     8    29     0     0
    GDAS     7     8     1     0     0
    GDAS     7     7    29     0     0
     1 BACKWARD OMEGA   
     7     8     1    18  -23.561  -46.740  4000.0
     1 PRESSURE
     1     1     7     8     1    18     0     0     0.0  -23.561  -46.740   4000.0    585.9
     1     1     7     8     1    17     0     1    -1.0  -23.520  -46.943   3998.9    583.8
     1     1     7     8     1    16     0     2    -2.0  -23.495  -47.155   4008.3    583.5
     1     1     7     8     1    15     0     3    -3.0  -23.484  -47.375   4027.0    583.5
     1     1     7     8     1    14     0     2    -4.0  -23.486  -47.602   4047.4    582.5
     1     1     7     8     1    13     0     1    -5.0  -23.500  -47.834   4065.1    582.2
     1     1     7     8     1    12     0     0    -6.0  -23.525  -48.069   4081.7    580.6
     1     1     7     8     1    11     0     1    -7.0  -23.551  -48.306   4095.2    576.3
     1     1     7     8     1    10     0     2    -8.0  -23.574  -48.542   4109.8    572.1
     1     1     7     8     1     9     0     3    -9.0  -23.602  -48.773   4123.7    568.2
     1     1     7     8     1     8     0     2   -10.0  -23.640  -49.004   4135.2    565.0
     1     1     7     8     1     7     0     1   -11.0  -23.688  -49.239   4148.3    564.9
     1     1     7     8     1     6     0     0   -12.0  -23.747  -49.477   4151.0    565.1
     1     1     7     8     1     5     0     1   -13.0  -23.819  -49.721   4151.8    565.7
     1     1     7     8     1     4     0     2   -14.0  -23.903  -49.978   4158.4    564.2
     1     1     7     8     1     3     0     3   -15.0  -23.997  -50.255   4172.0    562.8
     1     1     7     8     1     2     0     2   -16.0  -24.104  -50.552   4191.0    561.2
     1     1     7     8     1     1     0     1   -17.0  -24.229  -50.872   4216.7    559.2
     1     1     7     8     1     0     0     0   -18.0  -24.368  -51.221   4261.3    557.1
     1     1     7     7    31    23     0     1   -19.0  -24.523  -51.599   4318.2    552.9
     1     1     7     7    31    22     0     2   -20.0  -24.696  -52.004   4373.8    548.1
     1     1     7     7    31    21     0     3   -21.0  -24.885  -52.433   4436.7    545.4
     1     1     7     7    31    20     0     2   -22.0  -25.081  -52.878   4507.3    545.0
     1     1     7     7    31    19     0     1   -23.0  -25.276  -53.330   4578.4    545.7
     1     1     7     7    31    18     0     0   -24.0  -25.469  -53.792   4643.9    546.1
     1     1     7     7    31    17     0     1   -25.0  -25.667  -54.255   4707.1    548.3
     1     1     7     7    31    16     0     2   -26.0  -25.877  -54.715   4764.3    551.5
     1     1     7     7    31    15     0     3   -27.0  -26.098  -55.182   4796.2    553.1
     1     1     7     7    31    14     0     2   -28.0  -26.330  -55.662   4826.3    553.2
     1     1     7     7    31    13     0     1   -29.0  -26.561  -56.159   4902.2    551.9
     1     1     7     7    31    12     0     0   -30.0  -26.777  -56.674   5024.8    548.4
     1     1     7     7    31    11     0     1   -31.0  -26.974  -57.188   5160.4    538.5
     1     1     7     7    31    10     0     2   -32.0  -27.161  -57.681   5271.5    529.4
     1     1     7     7    31     9     0     3   -33.0  -27.344  -58.149   5355.6    522.9
     1     1     7     7    31     8     0     2   -34.0  -27.534  -58.602   5431.2    519.0
     1     1     7     7    31     7     0     1   -35.0  -27.727  -59.048   5511.3    514.0
     1     1     7     7    31     6     0     0   -36.0  -27.910  -59.486   5597.7    508.6
     1     1     7     7    31     5     0     1   -37.0  -28.102  -59.912   5695.2    502.6
     1     1     7     7    31     4     0     2   -38.0  -28.321  -60.319   5803.5    496.2
     1     1     7     7    31     3     0     3   -39.0  -28.555  -60.710   5922.8    487.1
     1     1     7     7    31     2     0     2   -40.0  -28.826  -61.106   6062.6    476.5
     1     1     7     7    31     1     0     1   -41.0  -29.155  -61.527   6242.3    466.6
     1     1     7     7    31     0     0     0   -42.0  -29.524  -61.974   6433.9    455.6
     1     1     7     7    30    23     0     1   -43.0  -29.920  -62.461   6594.7    441.3
     1     1     7     7    30    22     0     2   -44.0  -30.333  -62.996   6736.9    431.5
     1     1     7     7    30    21     0     3   -45.0  -30.748  -63.579   6787.4    415.2
     1     1     7     7    30    20     0     2   -46.0  -31.170  -64.225   6813.2    398.1
     1     1     7     7    30    19     0     1   -47.0  -31.596  -64.912   6859.5    384.3
     1     1     7     7    30    18     0     0   -48.0  -32.003  -65.600   7034.3    388.7
     1     1     7     7    30    17     0     1   -49.0  -32.411  -66.296   7117.4    382.8
     1     1     7     7    30    16     0     2   -50.0  -32.849  -67.012   7222.1    376.8
     1     1     7     7    30    15     0     3   -51.0  -33.313  -67.760   7465.6    373.4
     1     1     7     7    30    14     0     2   -52.0  -33.801  -68.607   7451.2    329.9
     1     1     7     7    30    13     0     1   -53.0  -34.283  -69.580   7229.9    288.0
     1     1     7     7    30    12     0     0   -54.0  -34.691  -70.580   7429.0    310.1
     1     1     7     7    30    11     0     1   -55.0  -35.110  -71.620   7825.3    353.5
     1     1     7     7    30    10     0     2   -56.0  -35.508  -72.725   8046.8    357.1
     1     1     7     7    30     9     0     3   -57.0  -35.899  -73.863   8115.7    360.0
     1     1     7     7    30     8     0     2   -58.0  -36.260  -75.096   8047.0    360.8
     1     1     7     7    30     7     0     1   -59.0  -36.587  -76.463   8087.8    359.5
     1     1     7     7    30     6     0     0   -60.0  -36.917  -77.917   8152.8    355.2
     1     1     7     7    30     5     0     1   -61.0  -37.198  -79.480   8256.0    350.6
     1     1     7     7    30     4     0     2   -62.0  -37.385  -81.184   8475.4    339.3
     1     1     7     7    30     3     0     3   -63.0  -37.546  -82.996   8836.6    321.4
     1     1     7     7    30     2     0     2   -64.0  -37.694  -84.893   9167.8    304.9
     1     1     7     7    30     1     0     1   -65.0  -37.731  -86.876   9325.9    297.4
     1     1     7     7    30     0     0     0   -66.0  -37.650  -88.868   9334.9    297.0
     1     1     7     7    29    23     0     1   -67.0  -37.491  -90.943   9225.8    302.0
     1     1     7     7    29    22     0     2   -68.0  -37.234  -93.031   9055.9    310.1
     1     1     7     7    29    21     0     3   -69.0  -36.882  -95.045   8846.4    319.7
     1     1     7     7    29    20     0     2   -70.0  -36.406  -96.974   8598.9    331.2
     1     1     7     7    29    19     0     1   -71.0  -35.798  -98.754   8309.2    346.0
     1     1     7     7    29    18     0     0   -72.0  -35.181 -100.418   7984.8    363.5
     1     1     7     7    29    17     0     1   -73.0  -34.526 -101.890   7659.2    381.9
     1     1     7     7    29    16     0     2   -74.0  -33.844 -103.211   7436.8    393.7
     1     1     7     7    29    15     0     3   -75.0  -33.175 -104.399   7191.4    406.1
     1     1     7     7    29    14     0     2   -76.0  -32.513 -105.440   6898.5    425.3
     1     1     7     7    29    13     0     1   -77.0  -31.867 -106.389   6613.3    441.4
     1     1     7     7    29    12     0     0   -78.0  -31.282 -107.225   6260.7    462.7
     1     1     7     7    29    11     0     1   -79.0  -30.767 -107.932   5885.0    488.6
     1     1     7     7    29    10     0     2   -80.0  -30.347 -108.626   5503.2    511.6
     1     1     7     7    29     9     0     3   -81.0  -30.065 -109.312   5132.0    539.6
     1     1     7     7    29     8     0     2   -82.0  -29.914 -109.987   4853.0    562.8
     1     1     7     7    29     7     0     1   -83.0  -29.820 -110.679   4668.4    575.6
     1     1     7     7    29     6     0     0   -84.0  -29.764 -111.399   4502.9    584.0
     1     1     7     7    29     5     0     1   -85.0  -29.764 -112.123   4471.3    596.5
     1     1     7     7    29     4     0     2   -86.0  -29.699 -112.905   4625.9    576.6
     1     1     7     7    29     3     0     3   -87.0  -29.496 -113.781   4865.2    556.6
     1     1     7     7    29     2     0     2   -88.0  -29.161 -114.734   5030.3    545.0
     1     1     7     7    29     1     0     1   -89.0  -28.858 -115.743   5187.2    534.5
     1     1     7     7    29     0     0     0   -90.0  -28.534 -116.755   5339.8    523.1
     1     1     7     7    28    23     0     1   -91.0  -28.186 -117.792   5413.5    518.1
     1     1     7     7    28    22     0     2   -92.0  -27.901 -118.900   5459.8    515.4
     1     1     7     7    28    21     0     3   -93.0  -27.595 -120.081   5481.1    514.0
     1     1     7     7    28    20     0     2   -94.0  -27.209 -121.256   5493.0    515.2
     1     1     7     7    28    19     0     1   -95.0  -26.769 -122.388   5587.9    508.2
     1     1     7     7    28    18     0     0   -96.0  -26.298 -123.452   5654.6    504.9
     1     1     7     7    28    17     0     1   -97.0  -25.819 -124.516   5715.0    500.2
     1     1     7     7    28    16     0     2   -98.0  -25.350 -125.572   5700.7    501.0
     1     1     7     7    28    15     0     3   -99.0  -24.892 -126.621   5572.8    509.8
     1     1     7     7    28    14     0     2  -100.0  -24.466 -127.638   5390.8    523.9
     1     1     7     7    28    13     0     1  -101.0  -24.058 -128.633   5221.1    535.8
     1     1     7     7    28    12     0     0  -102.0  -23.665 -129.621   5053.2    547.8
     1     1     7     7    28    11     0     1  -103.0  -23.300 -130.599   4922.3    557.9
     1     1     7     7    28    10     0     2  -104.0  -22.960 -131.588   4839.8    563.5
     1     1     7     7    28     9     0     3  -105.0  -22.654 -132.561   4769.8    569.3
     1     1     7     7    28     8     0     2  -106.0  -22.377 -133.496   4685.2    575.9
     1     1     7     7    28     7     0     1  -107.0  -22.111 -134.385   4579.9    584.1
     1     1     7     7    28     6     0     0  -108.0  -21.858 -135.234   4445.6    594.6
     1     1     7     7    28     5     0     1  -109.0  -21.616 -136.043   4290.1    606.4
     1     1     7     7    28     4     0     2  -110.0  -21.378 -136.814   4142.5    617.9
     1     1     7     7    28     3     0     3  -111.0  -21.135 -137.551   4020.6    627.3
     1     1     7     7    28     2     0     2  -112.0  -20.892 -138.250   3926.3    635.9
     1     1     7     7    28     1     0     1  -113.0  -20.667 -138.912   3850.9    641.3
     1     1     7     7    28     0     0     0  -114.0  -20.455 -139.534   3781.4    646.8
     1     1     7     7    27    23     0     1  -115.0  -20.257 -140.121   3725.5    652.6
     1     1     7     7    27    22     0     2  -116.0  -20.086 -140.675   3693.7    655.7
     1     1     7     7    27    21     0     3  -117.0  -19.943 -141.199   3684.0    656.8
     1     1     7     7    27    20     0     2  -118.0  -19.827 -141.700   3685.5    656.0
     1     1     7     7    27    19     0     1  -119.0  -19.735 -142.176   3687.7    655.8
     1     1     7     7    27    18     0     0  -120.0  -19.665 -142.630   3686.5    655.7
