     7     1
    GDAS     7     7    22     0     0
    GDAS     7     8     8     0     0
    GDAS     7     8    15     0     0
    GDAS     7     8    22     0     0
    GDAS     7     8    29     0     0
    GDAS     7     8     1     0     0
    GDAS     7     7    29     0     0
     1 BACKWARD OMEGA   
     7     8    14     0  -23.561  -46.740  4000.0
     1 PRESSURE
     1     1     7     8    14     0     0     0     0.0  -23.561  -46.740   4000.0    589.0
     1     1     7     8    13    23     0     1    -1.0  -23.540  -46.602   4087.9    582.1
     1     1     7     8    13    22     0     2    -2.0  -23.543  -46.472   4151.7    578.5
     1     1     7     8    13    21     0     3    -3.0  -23.569  -46.352   4192.9    577.4
     1     1     7     8    13    20     0     2    -4.0  -23.611  -46.242   4231.0    579.5
     1     1     7     8    13    19     0     1    -5.0  -23.664  -46.148   4286.9    579.8
     1     1     7     8    13    18     0     0    -6.0  -23.728  -46.072   4361.6    579.6
     1     1     7     8    13    17     0     1    -7.0  -23.801  -46.006   4441.7    578.9
     1     1     7     8    13    16     0     2    -8.0  -23.881  -45.942   4508.8    580.1
     1     1     7     8    13    15     0     3    -9.0  -23.968  -45.880   4562.1    582.5
     1     1     7     8    13    14     0     2   -10.0  -24.064  -45.823   4592.1    583.0
     1     1     7     8    13    13     0     1   -11.0  -24.170  -45.777   4603.4    582.9
     1     1     7     8    13    12     0     0   -12.0  -24.286  -45.741   4601.5    583.7
     1     1     7     8    13    11     0     1   -13.0  -24.402  -45.711   4608.7    585.0
     1     1     7     8    13    10     0     2   -14.0  -24.514  -45.685   4646.6    582.4
     1     1     7     8    13     9     0     3   -15.0  -24.628  -45.665   4714.8    577.6
     1     1     7     8    13     8     0     2   -16.0  -24.748  -45.654   4800.0    570.8
     1     1     7     8    13     7     0     1   -17.0  -24.874  -45.651   4888.2    564.8
     1     1     7     8    13     6     0     0   -18.0  -25.012  -45.658   4978.0    558.5
     1     1     7     8    13     5     0     1   -19.0  -25.163  -45.675   5069.8    552.6
     1     1     7     8    13     4     0     2   -20.0  -25.330  -45.695   5166.4    546.4
     1     1     7     8    13     3     0     3   -21.0  -25.511  -45.720   5269.3    539.9
     1     1     7     8    13     2     0     2   -22.0  -25.710  -45.754   5376.4    532.7
     1     1     7     8    13     1     0     1   -23.0  -25.924  -45.804   5485.0    525.6
     1     1     7     8    13     0     0     0   -24.0  -26.157  -45.874   5592.3    518.3
     1     1     7     8    12    23     0     1   -25.0  -26.412  -45.977   5691.7    510.8
     1     1     7     8    12    22     0     2   -26.0  -26.688  -46.125   5778.5    504.5
     1     1     7     8    12    21     0     3   -27.0  -26.979  -46.317   5857.9    499.3
     1     1     7     8    12    20     0     2   -28.0  -27.282  -46.546   5928.6    494.4
     1     1     7     8    12    19     0     1   -29.0  -27.596  -46.811   5989.5    489.9
     1     1     7     8    12    18     0     0   -30.0  -27.920  -47.114   6048.6    485.4
     1     1     7     8    12    17     0     1   -31.0  -28.255  -47.452   6109.7    482.8
     1     1     7     8    12    16     0     2   -32.0  -28.603  -47.822   6148.2    480.2
     1     1     7     8    12    15     0     3   -33.0  -28.961  -48.222   6165.4    478.4
     1     1     7     8    12    14     0     2   -34.0  -29.318  -48.658   6193.5    480.6
     1     1     7     8    12    13     0     1   -35.0  -29.665  -49.145   6214.9    477.1
     1     1     7     8    12    12     0     0   -36.0  -30.000  -49.687   6250.6    474.1
     1     1     7     8    12    11     0     1   -37.0  -30.326  -50.277   6282.7    470.6
     1     1     7     8    12    10     0     2   -38.0  -30.647  -50.914   6323.6    468.8
     1     1     7     8    12     9     0     3   -39.0  -30.971  -51.608   6378.2    462.4
     1     1     7     8    12     8     0     2   -40.0  -31.270  -52.361   6434.1    452.8
     1     1     7     8    12     7     0     1   -41.0  -31.519  -53.156   6442.8    449.4
     1     1     7     8    12     6     0     0   -42.0  -31.722  -53.985   6407.1    450.4
     1     1     7     8    12     5     0     1   -43.0  -31.862  -54.830   6379.0    458.2
     1     1     7     8    12     4     0     2   -44.0  -31.914  -55.675   6316.3    459.5
     1     1     7     8    12     3     0     3   -45.0  -31.878  -56.520   6275.1    462.3
     1     1     7     8    12     2     0     2   -46.0  -31.785  -57.337   6254.4    466.8
     1     1     7     8    12     1     0     1   -47.0  -31.653  -58.113   6206.7    472.3
     1     1     7     8    12     0     0     0   -48.0  -31.477  -58.848   6108.4    479.3
     1     1     7     8    11    23     0     1   -49.0  -31.274  -59.534   5993.9    486.3
     1     1     7     8    11    22     0     2   -50.0  -31.057  -60.169   5899.6    492.3
     1     1     7     8    11    21     0     3   -51.0  -30.826  -60.743   5832.1    497.8
     1     1     7     8    11    20     0     2   -52.0  -30.602  -61.271   5780.7    498.8
     1     1     7     8    11    19     0     1   -53.0  -30.385  -61.775   5739.0    499.9
     1     1     7     8    11    18     0     0   -54.0  -30.159  -62.252   5702.6    502.5
     1     1     7     8    11    17     0     1   -55.0  -29.937  -62.703   5661.5    502.8
     1     1     7     8    11    16     0     2   -56.0  -29.729  -63.135   5617.3    501.7
     1     1     7     8    11    15     0     3   -57.0  -29.525  -63.555   5592.7    502.5
     1     1     7     8    11    14     0     2   -58.0  -29.333  -63.974   5601.2    504.1
     1     1     7     8    11    13     0     1   -59.0  -29.155  -64.410   5578.5    501.5
     1     1     7     8    11    12     0     0   -60.0  -28.984  -64.874   5495.0    497.7
     1     1     7     8    11    11     0     1   -61.0  -28.819  -65.354   5405.9    498.4
     1     1     7     8    11    10     0     2   -62.0  -28.650  -65.854   5318.3    490.7
     1     1     7     8    11     9     0     3   -63.0  -28.471  -66.406   5239.9    473.9
     1     1     7     8    11     8     0     2   -64.0  -28.283  -67.024   5279.9    460.9
     1     1     7     8    11     7     0     1   -65.0  -28.063  -67.808   5100.0    391.3
     1     1     7     8    11     6     0     0   -66.0  -27.758  -69.046   4797.2    307.4
     1     1     7     8    11     5     0     1   -67.0  -27.416  -70.127   5466.0    413.5
     1     1     7     8    11     4     0     2   -68.0  -27.092  -70.753   5621.7    477.0
     1     1     7     8    11     3     0     3   -69.0  -26.789  -71.191   5597.2    507.4
     1     1     7     8    11     2     0     2   -70.0  -26.513  -71.545   5519.7    517.6
     1     1     7     8    11     1     0     1   -71.0  -26.256  -71.859   5477.8    524.1
     1     1     7     8    11     0     0     0   -72.0  -26.006  -72.153   5444.9    527.2
     1     1     7     8    10    23     0     1   -73.0  -25.772  -72.436   5403.0    527.8
     1     1     7     8    10    22     0     2   -74.0  -25.565  -72.712   5351.9    529.5
     1     1     7     8    10    21     0     3   -75.0  -25.378  -72.979   5289.1    531.6
     1     1     7     8    10    20     0     2   -76.0  -25.224  -73.229   5258.9    537.5
     1     1     7     8    10    19     0     1   -77.0  -25.109  -73.467   5291.0    537.1
     1     1     7     8    10    18     0     0   -78.0  -25.025  -73.705   5388.1    532.3
     1     1     7     8    10    17     0     1   -79.0  -24.975  -73.967   5511.4    522.7
     1     1     7     8    10    16     0     2   -80.0  -24.965  -74.260   5609.6    514.9
     1     1     7     8    10    15     0     3   -81.0  -24.994  -74.584   5680.3    508.7
     1     1     7     8    10    14     0     2   -82.0  -25.055  -74.935   5738.7    504.2
     1     1     7     8    10    13     0     1   -83.0  -25.139  -75.312   5815.7    500.1
     1     1     7     8    10    12     0     0   -84.0  -25.246  -75.715   5915.9    495.0
     1     1     7     8    10    11     0     1   -85.0  -25.376  -76.143   6013.3    486.9
     1     1     7     8    10    10     0     2   -86.0  -25.536  -76.583   6080.8    480.8
     1     1     7     8    10     9     0     3   -87.0  -25.732  -77.027   6129.6    476.4
     1     1     7     8    10     8     0     2   -88.0  -25.959  -77.488   6200.4    474.8
     1     1     7     8    10     7     0     1   -89.0  -26.201  -77.988   6322.3    468.0
     1     1     7     8    10     6     0     0   -90.0  -26.450  -78.523   6487.7    457.3
     1     1     7     8    10     5     0     1   -91.0  -26.707  -79.083   6679.9    443.8
     1     1     7     8    10     4     0     2   -92.0  -26.978  -79.660   6874.4    432.5
     1     1     7     8    10     3     0     3   -93.0  -27.259  -80.251   7054.3    422.0
     1     1     7     8    10     2     0     2   -94.0  -27.557  -80.860   7216.6    412.2
     1     1     7     8    10     1     0     1   -95.0  -27.894  -81.486   7369.6    403.8
     1     1     7     8    10     0     0     0   -96.0  -28.275  -82.128   7509.8    395.3
     1     1     7     8     9    23     0     1   -97.0  -28.703  -82.796   7645.2    387.8
     1     1     7     8     9    22     0     2   -98.0  -29.171  -83.503   7771.7    380.2
     1     1     7     8     9    21     0     3   -99.0  -29.661  -84.241   7890.1    373.5
     1     1     7     8     9    20     0     2  -100.0  -30.164  -85.010   8012.8    368.2
     1     1     7     8     9    19     0     1  -101.0  -30.672  -85.825   8154.1    360.8
     1     1     7     8     9    18     0     0  -102.0  -31.189  -86.685   8298.0    352.7
     1     1     7     8     9    17     0     1  -103.0  -31.703  -87.578   8390.3    348.1
     1     1     7     8     9    16     0     2  -104.0  -32.187  -88.521   8429.3    346.5
     1     1     7     8     9    15     0     3  -105.0  -32.661  -89.497   8503.7    342.9
     1     1     7     8     9    14     0     2  -106.0  -33.141  -90.514   8605.3    336.9
     1     1     7     8     9    13     0     1  -107.0  -33.561  -91.600   8653.3    334.5
     1     1     7     8     9    12     0     0  -108.0  -33.933  -92.725   8645.9    335.4
     1     1     7     8     9    11     0     1  -109.0  -34.275  -93.873   8591.3    338.1
     1     1     7     8     9    10     0     2  -110.0  -34.535  -94.996   8517.9    342.3
     1     1     7     8     9     9     0     3  -111.0  -34.733  -96.059   8439.4    347.1
     1     1     7     8     9     8     0     2  -112.0  -34.899  -97.084   8345.0    351.6
     1     1     7     8     9     7     0     1  -113.0  -35.026  -98.093   8258.7    357.5
     1     1     7     8     9     6     0     0  -114.0  -35.118  -99.088   8155.7    362.0
     1     1     7     8     9     5     0     1  -115.0  -35.188 -100.070   8030.1    369.9
     1     1     7     8     9     4     0     2  -116.0  -35.230 -101.042   7874.9    377.4
     1     1     7     8     9     3     0     3  -117.0  -35.239 -101.997   7734.6    386.4
     1     1     7     8     9     2     0     2  -118.0  -35.235 -102.942   7608.7    392.7
     1     1     7     8     9     1     0     1  -119.0  -35.209 -103.873   7526.1    398.6
     1     1     7     8     9     0     0     0  -120.0  -35.153 -104.764   7454.0    402.3
