     7     1
    GDAS     7     7    22     0     0
    GDAS     7     8     8     0     0
    GDAS     7     8    15     0     0
    GDAS     7     8    22     0     0
    GDAS     7     8    29     0     0
    GDAS     7     8     1     0     0
    GDAS     7     7    29     0     0
     1 BACKWARD OMEGA   
     7     8    15     0  -23.561  -46.740  4000.0
     1 PRESSURE
     1     1     7     8    15     0     0     0     0.0  -23.561  -46.740   4000.0    589.5
     1     1     7     8    14    23     0     1    -1.0  -23.494  -46.437   4074.1    583.7
     1     1     7     8    14    22     0     2    -2.0  -23.444  -46.156   4135.5    577.6
     1     1     7     8    14    21     0     3    -3.0  -23.410  -45.895   4183.7    573.2
     1     1     7     8    14    20     0     2    -4.0  -23.392  -45.648   4216.3    572.5
     1     1     7     8    14    19     0     1    -5.0  -23.392  -45.410   4225.1    574.6
     1     1     7     8    14    18     0     0    -6.0  -23.409  -45.188   4207.4    579.6
     1     1     7     8    14    17     0     1    -7.0  -23.438  -44.981   4184.9    587.6
     1     1     7     8    14    16     0     2    -8.0  -23.471  -44.782   4186.9    594.2
     1     1     7     8    14    15     0     3    -9.0  -23.508  -44.585   4212.1    598.4
     1     1     7     8    14    14     0     2   -10.0  -23.550  -44.384   4249.7    600.1
     1     1     7     8    14    13     0     1   -11.0  -23.603  -44.174   4286.5    602.4
     1     1     7     8    14    12     0     0   -12.0  -23.666  -43.951   4315.7    604.3
     1     1     7     8    14    11     0     1   -13.0  -23.739  -43.723   4329.8    605.3
     1     1     7     8    14    10     0     2   -14.0  -23.822  -43.496   4334.2    606.9
     1     1     7     8    14     9     0     3   -15.0  -23.920  -43.270   4335.7    608.0
     1     1     7     8    14     8     0     2   -16.0  -24.030  -43.050   4343.4    608.4
     1     1     7     8    14     7     0     1   -17.0  -24.146  -42.843   4369.3    606.5
     1     1     7     8    14     6     0     0   -18.0  -24.266  -42.655   4418.3    602.5
     1     1     7     8    14     5     0     1   -19.0  -24.392  -42.487   4479.3    597.3
     1     1     7     8    14     4     0     2   -20.0  -24.517  -42.341   4541.7    592.7
     1     1     7     8    14     3     0     3   -21.0  -24.643  -42.211   4605.8    588.0
     1     1     7     8    14     2     0     2   -22.0  -24.776  -42.099   4676.3    582.9
     1     1     7     8    14     1     0     1   -23.0  -24.925  -42.007   4756.5    576.7
     1     1     7     8    14     0     0     0   -24.0  -25.089  -41.937   4844.6    570.2
     1     1     7     8    13    23     0     1   -25.0  -25.269  -41.881   4930.6    563.6
     1     1     7     8    13    22     0     2   -26.0  -25.464  -41.833   5007.1    558.3
     1     1     7     8    13    21     0     3   -27.0  -25.675  -41.795   5078.6    553.4
     1     1     7     8    13    20     0     2   -28.0  -25.896  -41.769   5151.9    548.6
     1     1     7     8    13    19     0     1   -29.0  -26.121  -41.754   5228.5    543.1
     1     1     7     8    13    18     0     0   -30.0  -26.352  -41.748   5301.6    537.8
     1     1     7     8    13    17     0     1   -31.0  -26.593  -41.743   5367.1    533.5
     1     1     7     8    13    16     0     2   -32.0  -26.846  -41.728   5429.2    529.8
     1     1     7     8    13    15     0     3   -33.0  -27.113  -41.702   5498.8    525.7
     1     1     7     8    13    14     0     2   -34.0  -27.400  -41.680   5588.3    519.8
     1     1     7     8    13    13     0     1   -35.0  -27.712  -41.683   5704.6    511.8
     1     1     7     8    13    12     0     0   -36.0  -28.051  -41.706   5848.6    502.1
     1     1     7     8    13    11     0     1   -37.0  -28.410  -41.747   6004.5    490.7
     1     1     7     8    13    10     0     2   -38.0  -28.777  -41.803   6153.0    480.8
     1     1     7     8    13     9     0     3   -39.0  -29.153  -41.875   6292.3    471.8
     1     1     7     8    13     8     0     2   -40.0  -29.540  -41.976   6432.5    463.4
     1     1     7     8    13     7     0     1   -41.0  -29.942  -42.114   6580.8    453.8
     1     1     7     8    13     6     0     0   -42.0  -30.368  -42.284   6729.0    444.0
     1     1     7     8    13     5     0     1   -43.0  -30.818  -42.507   6874.7    434.9
     1     1     7     8    13     4     0     2   -44.0  -31.283  -42.799   7028.3    426.6
     1     1     7     8    13     3     0     3   -45.0  -31.763  -43.149   7206.9    416.8
     1     1     7     8    13     2     0     2   -46.0  -32.267  -43.558   7378.7    404.1
     1     1     7     8    13     1     0     1   -47.0  -32.787  -44.024   7508.3    396.6
     1     1     7     8    13     0     0     0   -48.0  -33.307  -44.546   7596.8    391.6
     1     1     7     8    12    23     0     1   -49.0  -33.815  -45.137   7674.9    387.3
     1     1     7     8    12    22     0     2   -50.0  -34.295  -45.805   7734.0    382.9
     1     1     7     8    12    21     0     3   -51.0  -34.733  -46.534   7742.4    382.2
     1     1     7     8    12    20     0     2   -52.0  -35.110  -47.322   7734.4    383.8
     1     1     7     8    12    19     0     1   -53.0  -35.429  -48.182   7725.9    383.4
     1     1     7     8    12    18     0     0   -54.0  -35.689  -49.103   7707.0    384.8
     1     1     7     8    12    17     0     1   -55.0  -35.899  -50.066   7653.7    386.8
     1     1     7     8    12    16     0     2   -56.0  -36.050  -51.075   7591.6    391.3
     1     1     7     8    12    15     0     3   -57.0  -36.126  -52.128   7530.1    394.4
     1     1     7     8    12    14     0     2   -58.0  -36.135  -53.176   7511.5    395.9
     1     1     7     8    12    13     0     1   -59.0  -36.083  -54.198   7494.2    395.6
     1     1     7     8    12    12     0     0   -60.0  -35.964  -55.190   7442.9    398.7
     1     1     7     8    12    11     0     1   -61.0  -35.813  -56.141   7327.2    404.6
     1     1     7     8    12    10     0     2   -62.0  -35.642  -57.064   7204.9    412.6
     1     1     7     8    12     9     0     3   -63.0  -35.427  -57.979   7083.2    418.4
     1     1     7     8    12     8     0     2   -64.0  -35.165  -58.890   6994.0    423.6
     1     1     7     8    12     7     0     1   -65.0  -34.865  -59.789   6902.4    426.0
     1     1     7     8    12     6     0     0   -66.0  -34.525  -60.667   6812.0    431.5
     1     1     7     8    12     5     0     1   -67.0  -34.170  -61.522   6714.0    436.6
     1     1     7     8    12     4     0     2   -68.0  -33.816  -62.352   6651.3    439.4
     1     1     7     8    12     3     0     3   -69.0  -33.465  -63.150   6593.2    439.5
     1     1     7     8    12     2     0     2   -70.0  -33.130  -63.938   6470.1    440.8
     1     1     7     8    12     1     0     1   -71.0  -32.802  -64.768   6185.6    427.8
     1     1     7     8    12     0     0     0   -72.0  -32.457  -65.652   6098.7    435.4
     1     1     7     8    11    23     0     1   -73.0  -32.081  -66.527   6185.9    447.2
     1     1     7     8    11    22     0     2   -74.0  -31.691  -67.443   6186.8    434.3
     1     1     7     8    11    21     0     3   -75.0  -31.283  -68.446   6022.4    407.7
     1     1     7     8    11    20     0     2   -76.0  -30.771  -69.759   5539.0    331.9
     1     1     7     8    11    19     0     1   -77.0  -30.096  -71.155   6161.6    419.8
     1     1     7     8    11    18     0     0   -78.0  -29.433  -72.061   6157.9    475.5
     1     1     7     8    11    17     0     1   -79.0  -28.807  -72.804   5933.1    492.0
     1     1     7     8    11    16     0     2   -80.0  -28.219  -73.495   5774.1    499.8
     1     1     7     8    11    15     0     3   -81.0  -27.643  -74.150   5643.7    508.4
     1     1     7     8    11    14     0     2   -82.0  -27.076  -74.774   5517.1    515.7
     1     1     7     8    11    13     0     1   -83.0  -26.542  -75.373   5404.9    524.6
     1     1     7     8    11    12     0     0   -84.0  -26.051  -75.940   5315.4    530.7
     1     1     7     8    11    11     0     1   -85.0  -25.599  -76.488   5239.3    536.4
     1     1     7     8    11    10     0     2   -86.0  -25.182  -77.038   5181.8    539.3
     1     1     7     8    11     9     0     3   -87.0  -24.806  -77.593   5152.0    542.0
     1     1     7     8    11     8     0     2   -88.0  -24.455  -78.141   5126.9    543.2
     1     1     7     8    11     7     0     1   -89.0  -24.113  -78.673   5102.3    545.7
     1     1     7     8    11     6     0     0   -90.0  -23.788  -79.194   5078.4    548.2
     1     1     7     8    11     5     0     1   -91.0  -23.472  -79.696   5050.2    549.9
     1     1     7     8    11     4     0     2   -92.0  -23.159  -80.178   5034.4    551.5
     1     1     7     8    11     3     0     3   -93.0  -22.850  -80.648   5046.9    553.0
     1     1     7     8    11     2     0     2   -94.0  -22.549  -81.105   5067.5    550.9
     1     1     7     8    11     1     0     1   -95.0  -22.267  -81.549   5083.3    548.6
     1     1     7     8    11     0     0     0   -96.0  -22.007  -81.987   5103.1    547.1
     1     1     7     8    10    23     0     1   -97.0  -21.766  -82.417   5128.5    545.6
     1     1     7     8    10    22     0     2   -98.0  -21.542  -82.836   5166.2    542.9
     1     1     7     8    10    21     0     3   -99.0  -21.338  -83.252   5222.2    539.1
     1     1     7     8    10    20     0     2  -100.0  -21.138  -83.662   5280.9    534.5
     1     1     7     8    10    19     0     1  -101.0  -20.935  -84.063   5325.6    532.3
     1     1     7     8    10    18     0     0  -102.0  -20.735  -84.460   5358.2    530.0
     1     1     7     8    10    17     0     1  -103.0  -20.535  -84.843   5385.7    527.9
     1     1     7     8    10    16     0     2  -104.0  -20.337  -85.211   5416.2    526.4
     1     1     7     8    10    15     0     3  -105.0  -20.150  -85.573   5455.4    524.5
     1     1     7     8    10    14     0     2  -106.0  -19.972  -85.932   5496.3    521.7
     1     1     7     8    10    13     0     1  -107.0  -19.803  -86.282   5531.4    519.1
     1     1     7     8    10    12     0     0  -108.0  -19.647  -86.628   5569.0    516.4
     1     1     7     8    10    11     0     1  -109.0  -19.493  -86.965   5615.7    513.3
     1     1     7     8    10    10     0     2  -110.0  -19.333  -87.295   5672.9    509.8
     1     1     7     8    10     9     0     3  -111.0  -19.168  -87.628   5737.1    505.8
     1     1     7     8    10     8     0     2  -112.0  -18.991  -87.970   5791.9    501.5
     1     1     7     8    10     7     0     1  -113.0  -18.796  -88.307   5817.8    499.7
     1     1     7     8    10     6     0     0  -114.0  -18.591  -88.630   5809.9    500.3
     1     1     7     8    10     5     0     1  -115.0  -18.384  -88.938   5785.0    503.4
     1     1     7     8    10     4     0     2  -116.0  -18.182  -89.234   5765.7    504.7
     1     1     7     8    10     3     0     3  -117.0  -17.980  -89.527   5757.4    504.8
     1     1     7     8    10     2     0     2  -118.0  -17.772  -89.814   5755.8    504.0
     1     1     7     8    10     1     0     1  -119.0  -17.555  -90.087   5758.3    504.0
     1     1     7     8    10     0     0     0  -120.0  -17.327  -90.352   5770.2    503.3
