     7     1
    GDAS     7     7    22     0     0
    GDAS     7     8     8     0     0
    GDAS     7     8    15     0     0
    GDAS     7     8    22     0     0
    GDAS     7     8    29     0     0
    GDAS     7     8     1     0     0
    GDAS     7     7    29     0     0
     1 BACKWARD OMEGA   
     7     8    24    12  -23.561  -46.740  4000.0
     1 PRESSURE
     1     1     7     8    24    12     0     0     0.0  -23.561  -46.740   4000.0    586.8
     1     1     7     8    24    11     0     1    -1.0  -23.550  -46.806   4047.6    582.3
     1     1     7     8    24    10     0     2    -2.0  -23.562  -46.893   4097.0    577.9
     1     1     7     8    24     9     0     3    -3.0  -23.595  -47.003   4147.1    573.4
     1     1     7     8    24     8     0     2    -4.0  -23.631  -47.131   4197.5    570.1
     1     1     7     8    24     7     0     1    -5.0  -23.650  -47.270   4240.2    567.1
     1     1     7     8    24     6     0     0    -6.0  -23.654  -47.423   4272.6    564.8
     1     1     7     8    24     5     0     1    -7.0  -23.637  -47.584   4301.4    563.7
     1     1     7     8    24     4     0     2    -8.0  -23.591  -47.748   4336.6    562.0
     1     1     7     8    24     3     0     3    -9.0  -23.515  -47.915   4382.2    560.1
     1     1     7     8    24     2     0     2   -10.0  -23.418  -48.073   4435.8    556.8
     1     1     7     8    24     1     0     1   -11.0  -23.307  -48.210   4494.3    551.8
     1     1     7     8    24     0     0     0   -12.0  -23.180  -48.326   4562.0    546.4
     1     1     7     8    23    23     0     1   -13.0  -23.047  -48.427   4633.0    540.0
     1     1     7     8    23    22     0     2   -14.0  -22.917  -48.514   4700.1    534.4
     1     1     7     8    23    21     0     3   -15.0  -22.792  -48.585   4765.7    529.7
     1     1     7     8    23    20     0     2   -16.0  -22.673  -48.639   4827.0    525.9
     1     1     7     8    23    19     0     1   -17.0  -22.562  -48.676   4881.3    523.1
     1     1     7     8    23    18     0     0   -18.0  -22.458  -48.693   4928.0    521.0
     1     1     7     8    23    17     0     1   -19.0  -22.370  -48.688   4971.4    519.6
     1     1     7     8    23    16     0     2   -20.0  -22.308  -48.655   5016.6    517.7
     1     1     7     8    23    15     0     3   -21.0  -22.272  -48.597   5065.3    515.1
     1     1     7     8    23    14     0     2   -22.0  -22.265  -48.524   5114.7    511.7
     1     1     7     8    23    13     0     1   -23.0  -22.289  -48.450   5160.8    508.5
     1     1     7     8    23    12     0     0   -24.0  -22.345  -48.378   5202.3    505.7
     1     1     7     8    23    11     0     1   -25.0  -22.439  -48.328   5247.9    502.9
     1     1     7     8    23    10     0     2   -26.0  -22.572  -48.322   5306.6    498.6
     1     1     7     8    23     9     0     3   -27.0  -22.746  -48.364   5378.4    493.0
     1     1     7     8    23     8     0     2   -28.0  -22.945  -48.441   5463.4    486.0
     1     1     7     8    23     7     0     1   -29.0  -23.155  -48.540   5563.7    477.4
     1     1     7     8    23     6     0     0   -30.0  -23.382  -48.665   5687.4    467.6
     1     1     7     8    23     5     0     1   -31.0  -23.634  -48.816   5820.1    456.8
     1     1     7     8    23     4     0     2   -32.0  -23.911  -48.996   5937.9    448.6
     1     1     7     8    23     3     0     3   -33.0  -24.199  -49.210   6029.3    443.2
     1     1     7     8    23     2     0     2   -34.0  -24.487  -49.454   6076.7    438.9
     1     1     7     8    23     1     0     1   -35.0  -24.774  -49.723   6076.9    434.8
     1     1     7     8    23     0     0     0   -36.0  -25.064  -50.016   6027.4    431.7
     1     1     7     8    22    23     0     1   -37.0  -25.344  -50.353   5999.2    436.1
     1     1     7     8    22    22     0     2   -38.0  -25.605  -50.752   6011.8    437.6
     1     1     7     8    22    21     0     3   -39.0  -25.859  -51.218   6072.2    435.4
     1     1     7     8    22    20     0     2   -40.0  -26.106  -51.734   6129.1    428.0
     1     1     7     8    22    19     0     1   -41.0  -26.331  -52.276   6166.5    431.0
     1     1     7     8    22    18     0     0   -42.0  -26.511  -52.836   6160.6    444.2
     1     1     7     8    22    17     0     1   -43.0  -26.626  -53.402   6081.5    457.0
     1     1     7     8    22    16     0     2   -44.0  -26.687  -53.960   5971.8    465.9
     1     1     7     8    22    15     0     3   -45.0  -26.711  -54.505   5853.8    477.4
     1     1     7     8    22    14     0     2   -46.0  -26.707  -55.045   5751.6    490.4
     1     1     7     8    22    13     0     1   -47.0  -26.691  -55.596   5696.0    497.5
     1     1     7     8    22    12     0     0   -48.0  -26.674  -56.157   5688.4    501.2
     1     1     7     8    22    11     0     1   -49.0  -26.624  -56.724   5675.0    502.1
     1     1     7     8    22    10     0     2   -50.0  -26.504  -57.286   5601.8    508.2
     1     1     7     8    22     9     0     3   -51.0  -26.341  -57.837   5484.9    514.5
     1     1     7     8    22     8     0     2   -52.0  -26.158  -58.374   5402.3    524.2
     1     1     7     8    22     7     0     1   -53.0  -25.970  -58.898   5392.2    527.6
     1     1     7     8    22     6     0     0   -54.0  -25.785  -59.402   5408.5    522.8
     1     1     7     8    22     5     0     1   -55.0  -25.602  -59.871   5424.2    516.1
     1     1     7     8    22     4     0     2   -56.0  -25.413  -60.303   5431.3    516.9
     1     1     7     8    22     3     0     3   -57.0  -25.231  -60.699   5433.5    519.1
     1     1     7     8    22     2     0     2   -58.0  -25.053  -61.074   5436.9    519.7
     1     1     7     8    22     1     0     1   -59.0  -24.888  -61.450   5438.2    516.0
     1     1     7     8    22     0     0     0   -60.0  -24.758  -61.826   5450.1    512.7
     1     1     7     8    21    23     0     1   -61.0  -24.659  -62.200   5458.1    510.1
     1     1     7     8    21    22     0     2   -62.0  -24.567  -62.582   5440.0    511.1
     1     1     7     8    21    21     0     3   -63.0  -24.491  -62.969   5399.7    513.2
     1     1     7     8    21    20     0     2   -64.0  -24.424  -63.376   5346.6    513.3
     1     1     7     8    21    19     0     1   -65.0  -24.363  -63.830   5307.3    511.7
     1     1     7     8    21    18     0     0   -66.0  -24.305  -64.335   5226.2    496.6
     1     1     7     8    21    17     0     1   -67.0  -24.234  -64.915   5090.8    469.7
     1     1     7     8    21    16     0     2   -68.0  -24.178  -65.589   4742.1    405.7
     1     1     7     8    21    15     0     3   -69.0  -24.170  -66.349   4506.0    357.0
     1     1     7     8    21    14     0     2   -70.0  -24.171  -67.200   4653.6    338.3
     1     1     7     8    21    13     0     1   -71.0  -24.141  -68.116   5191.9    334.6
     1     1     7     8    21    12     0     0   -72.0  -24.053  -68.991   5888.5    354.2
     1     1     7     8    21    11     0     1   -73.0  -23.872  -69.765   6382.6    387.2
     1     1     7     8    21    10     0     2   -74.0  -23.600  -70.530   6604.2    423.3
     1     1     7     8    21     9     0     3   -75.0  -23.285  -71.371   6686.9    446.2
     1     1     7     8    21     8     0     2   -76.0  -22.964  -72.246   6622.9    447.0
     1     1     7     8    21     7     0     1   -77.0  -22.639  -73.091   6594.2    454.0
     1     1     7     8    21     6     0     0   -78.0  -22.317  -73.915   6550.0    452.9
     1     1     7     8    21     5     0     1   -79.0  -22.004  -74.726   6567.9    453.1
     1     1     7     8    21     4     0     2   -80.0  -21.701  -75.529   6607.4    450.6
     1     1     7     8    21     3     0     3   -81.0  -21.413  -76.324   6644.7    448.8
     1     1     7     8    21     2     0     2   -82.0  -21.141  -77.111   6646.8    447.4
     1     1     7     8    21     1     0     1   -83.0  -20.885  -77.899   6648.8    448.2
     1     1     7     8    21     0     0     0   -84.0  -20.646  -78.688   6657.9    446.9
     1     1     7     8    20    23     0     1   -85.0  -20.428  -79.489   6695.9    444.7
     1     1     7     8    20    22     0     2   -86.0  -20.234  -80.311   6754.7    441.2
     1     1     7     8    20    21     0     3   -87.0  -20.063  -81.151   6811.5    436.9
     1     1     7     8    20    20     0     2   -88.0  -19.902  -82.001   6868.6    434.8
     1     1     7     8    20    19     0     1   -89.0  -19.740  -82.852   6909.5    431.8
     1     1     7     8    20    18     0     0   -90.0  -19.581  -83.701   6944.3    430.5
     1     1     7     8    20    17     0     1   -91.0  -19.411  -84.540   6960.4    429.5
     1     1     7     8    20    16     0     2   -92.0  -19.214  -85.369   6958.0    429.9
     1     1     7     8    20    15     0     3   -93.0  -18.989  -86.191   6950.2    430.7
     1     1     7     8    20    14     0     2   -94.0  -18.749  -86.992   6953.1    430.4
     1     1     7     8    20    13     0     1   -95.0  -18.509  -87.765   6969.8    428.7
     1     1     7     8    20    12     0     0   -96.0  -18.265  -88.514   6997.8    426.8
     1     1     7     8    20    11     0     1   -97.0  -18.024  -89.239   7013.6    425.5
     1     1     7     8    20    10     0     2   -98.0  -17.794  -89.938   6997.6    425.9
     1     1     7     8    20     9     0     3   -99.0  -17.579  -90.611   6963.2    428.6
     1     1     7     8    20     8     0     2  -100.0  -17.380  -91.259   6922.1    431.9
     1     1     7     8    20     7     0     1  -101.0  -17.194  -91.885   6892.1    434.1
     1     1     7     8    20     6     0     0  -102.0  -17.020  -92.490   6863.8    435.5
     1     1     7     8    20     5     0     1  -103.0  -16.859  -93.082   6848.4    436.8
     1     1     7     8    20     4     0     2  -104.0  -16.710  -93.665   6862.8    436.7
     1     1     7     8    20     3     0     3  -105.0  -16.572  -94.235   6895.7    434.7
     1     1     7     8    20     2     0     2  -106.0  -16.446  -94.793   6929.4    431.5
     1     1     7     8    20     1     0     1  -107.0  -16.333  -95.339   6956.2    430.4
     1     1     7     8    20     0     0     0  -108.0  -16.232  -95.875   6982.1    429.3
     1     1     7     8    19    23     0     1  -109.0  -16.141  -96.399   7009.5    427.8
     1     1     7     8    19    22     0     2  -110.0  -16.056  -96.911   7038.9    426.1
     1     1     7     8    19    21     0     3  -111.0  -15.972  -97.408   7069.9    424.6
     1     1     7     8    19    20     0     2  -112.0  -15.891  -97.889   7096.0    423.0
     1     1     7     8    19    19     0     1  -113.0  -15.812  -98.352   7107.4    422.5
     1     1     7     8    19    18     0     0  -114.0  -15.736  -98.794   7101.6    423.2
     1     1     7     8    19    17     0     1  -115.0  -15.666  -99.218   7081.7    424.4
     1     1     7     8    19    16     0     2  -116.0  -15.604  -99.628   7050.8    426.1
     1     1     7     8    19    15     0     3  -117.0  -15.549 -100.022   7011.2    428.3
     1     1     7     8    19    14     0     2  -118.0  -15.497 -100.405   6978.9    430.7
     1     1     7     8    19    13     0     1  -119.0  -15.446 -100.785   6969.5    431.1
     1     1     7     8    19    12     0     0  -120.0  -15.397 -101.159   6985.2    430.1
