     7     1
    GDAS     7     7    22     0     0
    GDAS     7     8     8     0     0
    GDAS     7     8    15     0     0
    GDAS     7     8    22     0     0
    GDAS     7     8    29     0     0
    GDAS     7     8     1     0     0
    GDAS     7     7    29     0     0
     1 BACKWARD OMEGA   
     7     8    10    12  -23.561  -46.740  4000.0
     1 PRESSURE
     1     1     7     8    10    12     0     0     0.0  -23.561  -46.740   4000.0    589.5
     1     1     7     8    10    11     0     1    -1.0  -23.370  -46.811   4047.1    580.5
     1     1     7     8    10    10     0     2    -2.0  -23.202  -46.867   4082.1    574.7
     1     1     7     8    10     9     0     3    -3.0  -23.053  -46.906   4106.3    570.6
     1     1     7     8    10     8     0     2    -4.0  -22.915  -46.932   4120.6    568.5
     1     1     7     8    10     7     0     1    -5.0  -22.777  -46.953   4124.4    567.5
     1     1     7     8    10     6     0     0    -6.0  -22.639  -46.966   4120.0    567.0
     1     1     7     8    10     5     0     1    -7.0  -22.507  -46.963   4120.5    566.8
     1     1     7     8    10     4     0     2    -8.0  -22.389  -46.941   4134.6    564.7
     1     1     7     8    10     3     0     3    -9.0  -22.284  -46.903   4158.4    561.7
     1     1     7     8    10     2     0     2   -10.0  -22.186  -46.862   4181.8    558.0
     1     1     7     8    10     1     0     1   -11.0  -22.089  -46.824   4196.9    555.6
     1     1     7     8    10     0     0     0   -12.0  -21.989  -46.786   4204.4    554.0
     1     1     7     8     9    23     0     1   -13.0  -21.890  -46.753   4214.7    553.6
     1     1     7     8     9    22     0     2   -14.0  -21.790  -46.733   4231.8    552.3
     1     1     7     8     9    21     0     3   -15.0  -21.689  -46.722   4252.8    550.8
     1     1     7     8     9    20     0     2   -16.0  -21.584  -46.715   4264.2    549.6
     1     1     7     8     9    19     0     1   -17.0  -21.476  -46.700   4254.1    550.8
     1     1     7     8     9    18     0     0   -18.0  -21.365  -46.674   4222.2    553.4
     1     1     7     8     9    17     0     1   -19.0  -21.253  -46.627   4193.0    557.7
     1     1     7     8     9    16     0     2   -20.0  -21.144  -46.556   4192.5    558.2
     1     1     7     8     9    15     0     3   -21.0  -21.042  -46.466   4222.9    556.6
     1     1     7     8     9    14     0     2   -22.0  -20.952  -46.368   4262.2    551.9
     1     1     7     8     9    13     0     1   -23.0  -20.876  -46.269   4286.5    549.3
     1     1     7     8     9    12     0     0   -24.0  -20.813  -46.168   4293.3    548.1
     1     1     7     8     9    11     0     1   -25.0  -20.762  -46.073   4288.4    548.0
     1     1     7     8     9    10     0     2   -26.0  -20.721  -45.994   4281.4    547.8
     1     1     7     8     9     9     0     3   -27.0  -20.686  -45.931   4275.4    547.9
     1     1     7     8     9     8     0     2   -28.0  -20.654  -45.883   4265.6    548.3
     1     1     7     8     9     7     0     1   -29.0  -20.626  -45.846   4246.5    549.6
     1     1     7     8     9     6     0     0   -30.0  -20.601  -45.819   4216.8    551.6
     1     1     7     8     9     5     0     1   -31.0  -20.571  -45.800   4188.7    554.7
     1     1     7     8     9     4     0     2   -32.0  -20.529  -45.789   4175.5    555.9
     1     1     7     8     9     3     0     3   -33.0  -20.477  -45.787   4178.0    555.9
     1     1     7     8     9     2     0     2   -34.0  -20.415  -45.797   4193.1    554.3
     1     1     7     8     9     1     0     1   -35.0  -20.346  -45.822   4218.5    552.3
     1     1     7     8     9     0     0     0   -36.0  -20.273  -45.861   4257.1    549.2
     1     1     7     8     8    23     0     1   -37.0  -20.195  -45.911   4296.2    544.5
     1     1     7     8     8    22     0     2   -38.0  -20.108  -45.964   4319.2    541.7
     1     1     7     8     8    21     0     3   -39.0  -20.011  -46.018   4323.9    540.1
     1     1     7     8     8    20     0     2   -40.0  -19.913  -46.070   4317.9    541.7
     1     1     7     8     8    19     0     1   -41.0  -19.822  -46.122   4303.7    543.5
     1     1     7     8     8    18     0     0   -42.0  -19.739  -46.175   4283.2    545.7
     1     1     7     8     8    17     0     1   -43.0  -19.666  -46.234   4268.2    548.0
     1     1     7     8     8    16     0     2   -44.0  -19.606  -46.305   4267.8    548.4
     1     1     7     8     8    15     0     3   -45.0  -19.562  -46.392   4279.3    547.7
     1     1     7     8     8    14     0     2   -46.0  -19.527  -46.496   4300.6    546.2
     1     1     7     8     8    13     0     1   -47.0  -19.499  -46.617   4331.6    543.8
     1     1     7     8     8    12     0     0   -48.0  -19.477  -46.759   4373.1    540.6
     1     1     7     8     8    11     0     1   -49.0  -19.449  -46.925   4412.2    536.2
     1     1     7     8     8    10     0     2   -50.0  -19.401  -47.113   4437.3    535.0
     1     1     7     8     8     9     0     3   -51.0  -19.326  -47.319   4443.2    536.2
     1     1     7     8     8     8     0     2   -52.0  -19.224  -47.536   4444.2    538.8
     1     1     7     8     8     7     0     1   -53.0  -19.095  -47.763   4460.3    538.2
     1     1     7     8     8     6     0     0   -54.0  -18.939  -48.004   4497.7    536.2
     1     1     7     8     8     5     0     1   -55.0  -18.750  -48.239   4550.0    535.9
     1     1     7     8     8     4     0     2   -56.0  -18.522  -48.449   4589.7    537.2
     1     1     7     8     8     3     0     3   -57.0  -18.252  -48.635   4619.3    538.5
     1     1     7     8     8     2     0     2   -58.0  -17.948  -48.794   4655.4    538.9
     1     1     7     8     8     1     0     1   -59.0  -17.619  -48.925   4704.1    532.7
     1     1     7     8     8     0     0     0   -60.0  -17.269  -49.025   4771.6    525.0
     1     1     7     8     7    23     0     1   -61.0  -16.900  -49.074   4835.6    516.0
     1     1     7     8     7    22     0     2   -62.0  -16.513  -49.050   4872.1    509.5
     1     1     7     8     7    21     0     3   -63.0  -16.113  -48.940   4876.1    504.8
     1     1     7     8     7    20     0     2   -64.0  -15.713  -48.752   4885.9    506.8
     1     1     7     8     7    19     0     1   -65.0  -15.331  -48.502   4900.0    508.0
     1     1     7     8     7    18     0     0   -66.0  -14.976  -48.200   4911.9    506.4
     1     1     7     8     7    17     0     1   -67.0  -14.650  -47.861   4942.4    508.5
     1     1     7     8     7    16     0     2   -68.0  -14.348  -47.497   4974.1    511.7
     1     1     7     8     7    15     0     3   -69.0  -14.065  -47.106   4983.4    513.0
     1     1     7     8     7    14     0     2   -70.0  -13.807  -46.694   4973.0    515.0
     1     1     7     8     7    13     0     1   -71.0  -13.582  -46.270   4938.0    516.1
     1     1     7     8     7    12     0     0   -72.0  -13.390  -45.829   4888.7    516.8
     1     1     7     8     7    11     0     1   -73.0  -13.233  -45.380   4847.7    519.4
     1     1     7     8     7    10     0     2   -74.0  -13.110  -44.936   4819.6    522.2
     1     1     7     8     7     9     0     3   -75.0  -13.018  -44.504   4815.1    527.1
     1     1     7     8     7     8     0     2   -76.0  -12.952  -44.075   4830.7    531.1
     1     1     7     8     7     7     0     1   -77.0  -12.909  -43.644   4864.4    530.4
     1     1     7     8     7     6     0     0   -78.0  -12.892  -43.224   4923.6    526.7
     1     1     7     8     7     5     0     1   -79.0  -12.896  -42.816   4975.1    517.8
     1     1     7     8     7     4     0     2   -80.0  -12.920  -42.421   4991.1    506.4
     1     1     7     8     7     3     0     3   -81.0  -12.959  -42.048   4979.7    497.4
     1     1     7     8     7     2     0     2   -82.0  -13.002  -41.693   4993.3    502.3
     1     1     7     8     7     1     0     1   -83.0  -13.042  -41.349   5006.2    509.4
     1     1     7     8     7     0     0     0   -84.0  -13.076  -41.014   5015.4    516.4
     1     1     7     8     6    23     0     1   -85.0  -13.109  -40.681   5018.6    520.6
     1     1     7     8     6    22     0     2   -86.0  -13.141  -40.345   5025.3    524.2
     1     1     7     8     6    21     0     3   -87.0  -13.171  -40.005   5033.9    527.4
     1     1     7     8     6    20     0     2   -88.0  -13.201  -39.654   5051.7    533.2
     1     1     7     8     6    19     0     1   -89.0  -13.234  -39.280   5074.8    539.3
     1     1     7     8     6    18     0     0   -90.0  -13.272  -38.887   5102.6    544.4
     1     1     7     8     6    17     0     1   -91.0  -13.321  -38.481   5134.9    547.0
     1     1     7     8     6    16     0     2   -92.0  -13.390  -38.069   5182.7    547.8
     1     1     7     8     6    15     0     3   -93.0  -13.477  -37.660   5227.9    544.2
     1     1     7     8     6    14     0     2   -94.0  -13.577  -37.262   5262.0    540.0
     1     1     7     8     6    13     0     1   -95.0  -13.688  -36.875   5274.1    539.2
     1     1     7     8     6    12     0     0   -96.0  -13.805  -36.499   5274.9    540.2
     1     1     7     8     6    11     0     1   -97.0  -13.923  -36.133   5287.3    540.1
     1     1     7     8     6    10     0     2   -98.0  -14.039  -35.779   5324.2    537.0
     1     1     7     8     6     9     0     3   -99.0  -14.156  -35.436   5376.0    532.5
     1     1     7     8     6     8     0     2  -100.0  -14.276  -35.103   5421.2    528.6
     1     1     7     8     6     7     0     1  -101.0  -14.405  -34.778   5443.8    526.9
     1     1     7     8     6     6     0     0  -102.0  -14.547  -34.461   5444.4    526.7
     1     1     7     8     6     5     0     1  -103.0  -14.702  -34.145   5429.2    527.8
     1     1     7     8     6     4     0     2  -104.0  -14.867  -33.823   5406.9    529.6
     1     1     7     8     6     3     0     3  -105.0  -15.037  -33.493   5386.5    531.9
     1     1     7     8     6     2     0     2  -106.0  -15.208  -33.163   5391.5    533.4
     1     1     7     8     6     1     0     1  -107.0  -15.380  -32.846   5435.3    530.2
     1     1     7     8     6     0     0     0  -108.0  -15.558  -32.540   5510.0    524.9
     1     1     7     8     5    23     0     1  -109.0  -15.751  -32.256   5598.6    518.0
     1     1     7     8     5    22     0     2  -110.0  -15.962  -32.000   5690.3    512.3
     1     1     7     8     5    21     0     3  -111.0  -16.188  -31.772   5786.6    505.8
     1     1     7     8     5    20     0     2  -112.0  -16.422  -31.566   5887.5    499.5
     1     1     7     8     5    19     0     1  -113.0  -16.659  -31.378   5995.6    492.8
     1     1     7     8     5    18     0     0  -114.0  -16.896  -31.208   6110.8    485.6
     1     1     7     8     5    17     0     1  -115.0  -17.135  -31.048   6224.5    477.9
     1     1     7     8     5    16     0     2  -116.0  -17.380  -30.890   6327.0    471.3
     1     1     7     8     5    15     0     3  -117.0  -17.631  -30.733   6415.8    465.8
     1     1     7     8     5    14     0     2  -118.0  -17.883  -30.581   6492.2    461.4
     1     1     7     8     5    13     0     1  -119.0  -18.134  -30.438   6558.2    457.6
     1     1     7     8     5    12     0     0  -120.0  -18.383  -30.302   6611.3    454.8
