     7     1
    GDAS     7     7    22     0     0
    GDAS     7     8     8     0     0
    GDAS     7     8    15     0     0
    GDAS     7     8    22     0     0
    GDAS     7     8    29     0     0
    GDAS     7     8     1     0     0
    GDAS     7     7    29     0     0
     1 BACKWARD OMEGA   
     7     8     6     0  -23.561  -46.740  4000.0
     1 PRESSURE
     1     1     7     8     6     0     0     0     0.0  -23.561  -46.740   4000.0    587.5
     1     1     7     8     5    23     0     1    -1.0  -23.553  -47.300   4035.2    582.5
     1     1     7     8     5    22     0     2    -2.0  -23.535  -47.839   4055.9    582.4
     1     1     7     8     5    21     0     3    -3.0  -23.503  -48.358   4042.9    580.1
     1     1     7     8     5    20     0     2    -4.0  -23.455  -48.874   4010.3    576.9
     1     1     7     8     5    19     0     1    -5.0  -23.390  -49.400   3993.7    581.0
     1     1     7     8     5    18     0     0    -6.0  -23.309  -49.934   3984.0    588.4
     1     1     7     8     5    17     0     1    -7.0  -23.212  -50.465   3970.5    594.4
     1     1     7     8     5    16     0     2    -8.0  -23.103  -50.987   3970.4    598.0
     1     1     7     8     5    15     0     3    -9.0  -22.988  -51.496   3995.2    602.2
     1     1     7     8     5    14     0     2   -10.0  -22.867  -51.984   4027.8    603.0
     1     1     7     8     5    13     0     1   -11.0  -22.739  -52.457   4045.6    602.7
     1     1     7     8     5    12     0     0   -12.0  -22.610  -52.926   4051.2    602.5
     1     1     7     8     5    11     0     1   -13.0  -22.463  -53.403   4054.6    604.9
     1     1     7     8     5    10     0     2   -14.0  -22.283  -53.896   4048.4    608.3
     1     1     7     8     5     9     0     3   -15.0  -22.077  -54.413   4010.6    605.9
     1     1     7     8     5     8     0     2   -16.0  -21.853  -54.947   3948.2    602.5
     1     1     7     8     5     7     0     1   -17.0  -21.614  -55.474   3892.2    609.3
     1     1     7     8     5     6     0     0   -18.0  -21.359  -55.994   3851.8    616.9
     1     1     7     8     5     5     0     1   -19.0  -21.079  -56.510   3827.6    622.4
     1     1     7     8     5     4     0     2   -20.0  -20.774  -57.016   3819.2    626.5
     1     1     7     8     5     3     0     3   -21.0  -20.458  -57.503   3820.6    634.5
     1     1     7     8     5     2     0     2   -22.0  -20.129  -57.978   3795.9    641.7
     1     1     7     8     5     1     0     1   -23.0  -19.787  -58.448   3751.3    643.4
     1     1     7     8     5     0     0     0   -24.0  -19.448  -58.914   3715.5    641.6
     1     1     7     8     4    23     0     1   -25.0  -19.115  -59.373   3693.6    637.3
     1     1     7     8     4    22     0     2   -26.0  -18.791  -59.817   3686.6    632.6
     1     1     7     8     4    21     0     3   -27.0  -18.483  -60.245   3698.2    629.6
     1     1     7     8     4    20     0     2   -28.0  -18.182  -60.661   3719.8    627.1
     1     1     7     8     4    19     0     1   -29.0  -17.875  -61.067   3747.5    626.3
     1     1     7     8     4    18     0     0   -30.0  -17.564  -61.464   3790.9    625.2
     1     1     7     8     4    17     0     1   -31.0  -17.257  -61.844   3840.3    620.5
     1     1     7     8     4    16     0     2   -32.0  -16.954  -62.191   3883.1    617.3
     1     1     7     8     4    15     0     3   -33.0  -16.652  -62.495   3909.4    617.3
     1     1     7     8     4    14     0     2   -34.0  -16.346  -62.766   3915.1    618.8
     1     1     7     8     4    13     0     1   -35.0  -16.035  -63.020   3900.0    621.0
     1     1     7     8     4    12     0     0   -36.0  -15.725  -63.250   3871.5    623.7
     1     1     7     8     4    11     0     1   -37.0  -15.427  -63.453   3855.3    625.9
     1     1     7     8     4    10     0     2   -38.0  -15.138  -63.627   3858.8    626.8
     1     1     7     8     4     9     0     3   -39.0  -14.850  -63.774   3882.8    626.0
     1     1     7     8     4     8     0     2   -40.0  -14.564  -63.901   3907.7    623.2
     1     1     7     8     4     7     0     1   -41.0  -14.288  -64.013   3910.2    622.6
     1     1     7     8     4     6     0     0   -42.0  -14.023  -64.111   3884.8    624.6
     1     1     7     8     4     5     0     1   -43.0  -13.782  -64.201   3849.2    630.2
     1     1     7     8     4     4     0     2   -44.0  -13.567  -64.291   3821.6    633.5
     1     1     7     8     4     3     0     3   -45.0  -13.373  -64.381   3807.6    635.2
     1     1     7     8     4     2     0     2   -46.0  -13.187  -64.474   3813.9    634.7
     1     1     7     8     4     1     0     1   -47.0  -12.997  -64.569   3848.0    631.4
     1     1     7     8     4     0     0     0   -48.0  -12.798  -64.668   3914.3    626.0
     1     1     7     8     3    23     0     1   -49.0  -12.589  -64.757   3997.3    618.6
     1     1     7     8     3    22     0     2   -50.0  -12.367  -64.827   4080.7    612.5
     1     1     7     8     3    21     0     3   -51.0  -12.129  -64.882   4159.7    607.0
     1     1     7     8     3    20     0     2   -52.0  -11.883  -64.924   4230.6    602.5
     1     1     7     8     3    19     0     1   -53.0  -11.637  -64.952   4294.1    598.0
     1     1     7     8     3    18     0     0   -54.0  -11.392  -64.970   4350.2    593.9
     1     1     7     8     3    17     0     1   -55.0  -11.139  -64.976   4401.4    590.5
     1     1     7     8     3    16     0     2   -56.0  -10.870  -64.964   4448.2    586.7
     1     1     7     8     3    15     0     3   -57.0  -10.583  -64.930   4482.7    583.7
     1     1     7     8     3    14     0     2   -58.0  -10.291  -64.870   4499.9    582.3
     1     1     7     8     3    13     0     1   -59.0  -10.008  -64.783   4499.7    582.6
     1     1     7     8     3    12     0     0   -60.0   -9.736  -64.677   4483.6    584.3
     1     1     7     8     3    11     0     1   -61.0   -9.488  -64.563   4456.3    586.8
     1     1     7     8     3    10     0     2   -62.0   -9.272  -64.452   4421.1    590.1
     1     1     7     8     3     9     0     3   -63.0   -9.086  -64.344   4381.9    593.8
     1     1     7     8     3     8     0     2   -64.0   -8.909  -64.235   4346.0    597.8
     1     1     7     8     3     7     0     1   -65.0   -8.722  -64.112   4320.8    600.6
     1     1     7     8     3     6     0     0   -66.0   -8.524  -63.971   4307.8    602.1
     1     1     7     8     3     5     0     1   -67.0   -8.325  -63.806   4314.0    601.9
     1     1     7     8     3     4     0     2   -68.0   -8.133  -63.618   4345.6    599.1
     1     1     7     8     3     3     0     3   -69.0   -7.955  -63.410   4397.1    594.9
     1     1     7     8     3     2     0     2   -70.0   -7.793  -63.194   4465.7    589.4
     1     1     7     8     3     1     0     1   -71.0   -7.648  -62.979   4543.1    582.8
     1     1     7     8     3     0     0     0   -72.0   -7.515  -62.767   4614.5    577.3
     1     1     7     8     2    23     0     1   -73.0   -7.392  -62.565   4669.8    573.5
     1     1     7     8     2    22     0     2   -74.0   -7.274  -62.383   4709.0    570.8
     1     1     7     8     2    21     0     3   -75.0   -7.161  -62.225   4734.5    569.1
     1     1     7     8     2    20     0     2   -76.0   -7.047  -62.083   4754.2    568.4
     1     1     7     8     2    19     0     1   -77.0   -6.924  -61.948   4778.6    567.3
     1     1     7     8     2    18     0     0   -78.0   -6.790  -61.822   4811.6    565.4
     1     1     7     8     2    17     0     1   -79.0   -6.646  -61.692   4855.6    562.8
     1     1     7     8     2    16     0     2   -80.0   -6.492  -61.548   4912.3    559.0
     1     1     7     8     2    15     0     3   -81.0   -6.325  -61.387   4980.6    554.4
     1     1     7     8     2    14     0     2   -82.0   -6.152  -61.206   5046.9    548.5
     1     1     7     8     2    13     0     1   -83.0   -5.980  -61.009   5100.6    544.3
     1     1     7     8     2    12     0     0   -84.0   -5.809  -60.798   5145.4    541.2
     1     1     7     8     2    11     0     1   -85.0   -5.633  -60.584   5185.2    538.7
     1     1     7     8     2    10     0     2   -86.0   -5.446  -60.376   5225.6    536.1
     1     1     7     8     2     9     0     3   -87.0   -5.242  -60.179   5269.8    533.5
     1     1     7     8     2     8     0     2   -88.0   -5.025  -59.985   5308.0    531.0
     1     1     7     8     2     7     0     1   -89.0   -4.806  -59.783   5324.2    529.8
     1     1     7     8     2     6     0     0   -90.0   -4.589  -59.579   5322.3    530.4
     1     1     7     8     2     5     0     1   -91.0   -4.376  -59.367   5312.2    531.8
     1     1     7     8     2     4     0     2   -92.0   -4.170  -59.138   5298.3    532.9
     1     1     7     8     2     3     0     3   -93.0   -3.974  -58.898   5279.4    534.6
     1     1     7     8     2     2     0     2   -94.0   -3.793  -58.648   5271.2    536.2
     1     1     7     8     2     1     0     1   -95.0   -3.631  -58.384   5288.7    535.2
     1     1     7     8     2     0     0     0   -96.0   -3.484  -58.113   5330.3    532.7
     1     1     7     8     1    23     0     1   -97.0   -3.350  -57.845   5382.0    528.4
     1     1     7     8     1    22     0     2   -98.0   -3.225  -57.589   5429.2    525.0
     1     1     7     8     1    21     0     3   -99.0   -3.109  -57.348   5468.7    522.3
     1     1     7     8     1    20     0     2  -100.0   -2.997  -57.115   5489.3    520.8
     1     1     7     8     1    19     0     1  -101.0   -2.888  -56.879   5477.9    521.1
     1     1     7     8     1    18     0     0  -102.0   -2.790  -56.636   5443.5    522.9
     1     1     7     8     1    17     0     1  -103.0   -2.684  -56.375   5417.0    525.5
     1     1     7     8     1    16     0     2  -104.0   -2.556  -56.084   5423.9    524.7
     1     1     7     8     1    15     0     3  -105.0   -2.406  -55.761   5466.2    521.8
     1     1     7     8     1    14     0     2  -106.0   -2.248  -55.414   5517.1    517.0
     1     1     7     8     1    13     0     1  -107.0   -2.096  -55.061   5554.8    515.1
     1     1     7     8     1    12     0     0  -108.0   -1.956  -54.707   5577.2    512.9
     1     1     7     8     1    11     0     1  -109.0   -1.819  -54.335   5599.3    509.5
     1     1     7     8     1    10     0     2  -110.0   -1.682  -53.926   5642.5    504.1
     1     1     7     8     1     9     0     3  -111.0   -1.549  -53.484   5712.0    500.0
     1     1     7     8     1     8     0     2  -112.0   -1.433  -53.026   5772.2    496.0
     1     1     7     8     1     7     0     1  -113.0   -1.337  -52.569   5796.9    496.0
     1     1     7     8     1     6     0     0  -114.0   -1.257  -52.118   5790.9    498.6
     1     1     7     8     1     5     0     1  -115.0   -1.179  -51.675   5776.4    503.1
     1     1     7     8     1     4     0     2  -116.0   -1.095  -51.239   5782.0    504.3
     1     1     7     8     1     3     0     3  -117.0   -1.007  -50.805   5803.7    503.7
     1     1     7     8     1     2     0     2  -118.0   -0.920  -50.369   5833.8    500.8
     1     1     7     8     1     1     0     1  -119.0   -0.837  -49.932   5870.1    498.0
     1     1     7     8     1     0     0     0  -120.0   -0.761  -49.493   5906.3    495.8
