     7     1
    GDAS     7     7    22     0     0
    GDAS     7     8     8     0     0
    GDAS     7     8    15     0     0
    GDAS     7     8    22     0     0
    GDAS     7     8    29     0     0
    GDAS     7     8     1     0     0
    GDAS     7     7    29     0     0
     1 BACKWARD OMEGA   
     7     8    25     6  -23.561  -46.740  4000.0
     1 PRESSURE
     1     1     7     8    25     6     0     0     0.0  -23.561  -46.740   4000.0    584.3
     1     1     7     8    25     5     0     1    -1.0  -23.354  -46.952   4004.1    579.4
     1     1     7     8    25     4     0     2    -2.0  -23.143  -47.143   4010.6    578.6
     1     1     7     8    25     3     0     3    -3.0  -22.923  -47.311   4010.8    579.9
     1     1     7     8    25     2     0     2    -4.0  -22.696  -47.455   4018.6    581.2
     1     1     7     8    25     1     0     1    -5.0  -22.467  -47.574   4051.6    578.9
     1     1     7     8    25     0     0     0    -6.0  -22.238  -47.669   4108.6    574.7
     1     1     7     8    24    23     0     1    -7.0  -22.012  -47.748   4162.2    568.4
     1     1     7     8    24    22     0     2    -8.0  -21.788  -47.816   4187.6    566.8
     1     1     7     8    24    21     0     3    -9.0  -21.567  -47.869   4183.2    567.1
     1     1     7     8    24    20     0     2   -10.0  -21.357  -47.902   4169.6    569.3
     1     1     7     8    24    19     0     1   -11.0  -21.171  -47.913   4171.1    569.2
     1     1     7     8    24    18     0     0   -12.0  -21.011  -47.905   4195.4    567.2
     1     1     7     8    24    17     0     1   -13.0  -20.876  -47.877   4235.2    563.6
     1     1     7     8    24    16     0     2   -14.0  -20.765  -47.826   4274.2    560.4
     1     1     7     8    24    15     0     3   -15.0  -20.679  -47.752   4308.4    557.2
     1     1     7     8    24    14     0     2   -16.0  -20.613  -47.670   4340.2    554.0
     1     1     7     8    24    13     0     1   -17.0  -20.562  -47.594   4376.1    550.4
     1     1     7     8    24    12     0     0   -18.0  -20.526  -47.528   4419.3    546.4
     1     1     7     8    24    11     0     1   -19.0  -20.505  -47.468   4471.3    541.4
     1     1     7     8    24    10     0     2   -20.0  -20.498  -47.413   4531.6    535.9
     1     1     7     8    24     9     0     3   -21.0  -20.503  -47.363   4598.3    530.2
     1     1     7     8    24     8     0     2   -22.0  -20.508  -47.312   4653.0    524.4
     1     1     7     8    24     7     0     1   -23.0  -20.501  -47.252   4679.4    521.6
     1     1     7     8    24     6     0     0   -24.0  -20.479  -47.176   4677.9    520.2
     1     1     7     8    24     5     0     1   -25.0  -20.447  -47.083   4671.8    520.6
     1     1     7     8    24     4     0     2   -26.0  -20.412  -46.978   4684.8    518.3
     1     1     7     8    24     3     0     3   -27.0  -20.374  -46.860   4720.3    515.7
     1     1     7     8    24     2     0     2   -28.0  -20.345  -46.734   4779.5    511.7
     1     1     7     8    24     1     0     1   -29.0  -20.337  -46.607   4867.7    505.7
     1     1     7     8    24     0     0     0   -30.0  -20.352  -46.481   4984.3    498.0
     1     1     7     8    23    23     0     1   -31.0  -20.387  -46.362   5103.0    488.6
     1     1     7     8    23    22     0     2   -32.0  -20.434  -46.244   5198.2    482.4
     1     1     7     8    23    21     0     3   -33.0  -20.487  -46.123   5271.3    477.6
     1     1     7     8    23    20     0     2   -34.0  -20.554  -45.992   5336.8    474.6
     1     1     7     8    23    19     0     1   -35.0  -20.649  -45.857   5409.3    471.0
     1     1     7     8    23    18     0     0   -36.0  -20.775  -45.719   5486.0    466.9
     1     1     7     8    23    17     0     1   -37.0  -20.936  -45.581   5569.1    462.0
     1     1     7     8    23    16     0     2   -38.0  -21.138  -45.450   5658.1    455.1
     1     1     7     8    23    15     0     3   -39.0  -21.383  -45.328   5761.1    446.1
     1     1     7     8    23    14     0     2   -40.0  -21.664  -45.229   5881.2    435.2
     1     1     7     8    23    13     0     1   -41.0  -21.980  -45.172   6009.3    423.5
     1     1     7     8    23    12     0     0   -42.0  -22.329  -45.161   6169.4    418.6
     1     1     7     8    23    11     0     1   -43.0  -22.687  -45.192   6322.2    415.3
     1     1     7     8    23    10     0     2   -44.0  -23.042  -45.263   6480.4    412.0
     1     1     7     8    23     9     0     3   -45.0  -23.401  -45.381   6692.6    415.5
     1     1     7     8    23     8     0     2   -46.0  -23.753  -45.532   6895.6    418.8
     1     1     7     8    23     7     0     1   -47.0  -24.088  -45.697   7056.4    420.6
     1     1     7     8    23     6     0     0   -48.0  -24.415  -45.882   7143.5    415.4
     1     1     7     8    23     5     0     1   -49.0  -24.757  -46.103   7225.9    411.8
     1     1     7     8    23     4     0     2   -50.0  -25.123  -46.368   7315.3    408.9
     1     1     7     8    23     3     0     3   -51.0  -25.504  -46.671   7373.1    405.7
     1     1     7     8    23     2     0     2   -52.0  -25.892  -47.011   7397.0    403.3
     1     1     7     8    23     1     0     1   -53.0  -26.267  -47.378   7425.0    404.6
     1     1     7     8    23     0     0     0   -54.0  -26.626  -47.763   7447.2    404.6
     1     1     7     8    22    23     0     1   -55.0  -26.976  -48.181   7459.6    401.0
     1     1     7     8    22    22     0     2   -56.0  -27.325  -48.646   7456.0    392.0
     1     1     7     8    22    21     0     3   -57.0  -27.687  -49.159   7409.7    376.2
     1     1     7     8    22    20     0     2   -58.0  -28.076  -49.739   7307.0    356.2
     1     1     7     8    22    19     0     1   -59.0  -28.475  -50.372   7347.8    359.8
     1     1     7     8    22    18     0     0   -60.0  -28.860  -51.028   7345.6    363.4
     1     1     7     8    22    17     0     1   -61.0  -29.186  -51.698   7385.8    378.1
     1     1     7     8    22    16     0     2   -62.0  -29.443  -52.380   7376.1    388.7
     1     1     7     8    22    15     0     3   -63.0  -29.670  -53.066   7359.6    394.0
     1     1     7     8    22    14     0     2   -64.0  -29.873  -53.751   7404.2    398.3
     1     1     7     8    22    13     0     1   -65.0  -30.045  -54.450   7464.4    395.5
     1     1     7     8    22    12     0     0   -66.0  -30.207  -55.172   7549.2    389.7
     1     1     7     8    22    11     0     1   -67.0  -30.343  -55.914   7617.1    381.0
     1     1     7     8    22    10     0     2   -68.0  -30.419  -56.654   7644.7    381.4
     1     1     7     8    22     9     0     3   -69.0  -30.443  -57.375   7638.0    384.4
     1     1     7     8    22     8     0     2   -70.0  -30.444  -58.078   7623.9    387.7
     1     1     7     8    22     7     0     1   -71.0  -30.442  -58.767   7609.9    388.1
     1     1     7     8    22     6     0     0   -72.0  -30.439  -59.435   7602.2    389.1
     1     1     7     8    22     5     0     1   -73.0  -30.440  -60.085   7629.8    389.9
     1     1     7     8    22     4     0     2   -74.0  -30.454  -60.747   7725.6    384.5
     1     1     7     8    22     3     0     3   -75.0  -30.477  -61.470   7881.3    374.3
     1     1     7     8    22     2     0     2   -76.0  -30.501  -62.266   8058.3    362.8
     1     1     7     8    22     1     0     1   -77.0  -30.518  -63.120   8205.6    353.1
     1     1     7     8    22     0     0     0   -78.0  -30.512  -64.054   8197.7    334.4
     1     1     7     8    21    23     0     1   -79.0  -30.469  -65.061   8297.4    330.7
     1     1     7     8    21    22     0     2   -80.0  -30.377  -66.109   8445.7    331.8
     1     1     7     8    21    21     0     3   -81.0  -30.212  -67.215   8293.8    309.8
     1     1     7     8    21    20     0     2   -82.0  -29.968  -68.426   8073.6    287.0
     1     1     7     8    21    19     0     1   -83.0  -29.706  -70.047   7432.0    232.3
     1     1     7     8    21    18     0     0   -84.0  -29.406  -71.407   8614.7    313.5
     1     1     7     8    21    17     0     1   -85.0  -29.096  -72.375   8812.5    330.4
     1     1     7     8    21    16     0     2   -86.0  -28.806  -73.291   8851.1    329.5
     1     1     7     8    21    15     0     3   -87.0  -28.564  -74.209   8922.2    324.6
     1     1     7     8    21    14     0     2   -88.0  -28.357  -75.125   9007.6    321.0
     1     1     7     8    21    13     0     1   -89.0  -28.156  -76.044   9046.0    317.7
     1     1     7     8    21    12     0     0   -90.0  -27.979  -76.965   9105.6    315.9
     1     1     7     8    21    11     0     1   -91.0  -27.817  -77.937   9174.6    311.6
     1     1     7     8    21    10     0     2   -92.0  -27.623  -79.005   9255.8    308.1
     1     1     7     8    21     9     0     3   -93.0  -27.405  -80.149   9337.5    304.3
     1     1     7     8    21     8     0     2   -94.0  -27.192  -81.356   9413.8    300.4
     1     1     7     8    21     7     0     1   -95.0  -26.964  -82.618   9470.1    297.7
     1     1     7     8    21     6     0     0   -96.0  -26.719  -83.883   9487.3    297.5
     1     1     7     8    21     5     0     1   -97.0  -26.468  -85.124   9492.9    297.0
     1     1     7     8    21     4     0     2   -98.0  -26.194  -86.356   9540.9    295.2
     1     1     7     8    21     3     0     3   -99.0  -25.918  -87.562   9583.7    293.1
     1     1     7     8    21     2     0     2  -100.0  -25.677  -88.734   9623.8    291.4
     1     1     7     8    21     1     0     1  -101.0  -25.467  -89.911   9695.5    289.0
     1     1     7     8    21     0     0     0  -102.0  -25.302  -91.086   9771.7    284.9
     1     1     7     8    20    23     0     1  -103.0  -25.193  -92.253   9865.6    281.7
     1     1     7     8    20    22     0     2  -104.0  -25.107  -93.441   9963.0    277.4
     1     1     7     8    20    21     0     3  -105.0  -25.067  -94.620  10069.7    272.8
     1     1     7     8    20    20     0     2  -106.0  -25.103  -95.771  10154.6    269.6
     1     1     7     8    20    19     0     1  -107.0  -25.173  -96.913  10189.4    267.9
     1     1     7     8    20    18     0     0  -108.0  -25.278  -98.027  10210.2    267.9
     1     1     7     8    20    17     0     1  -109.0  -25.457  -99.101  10232.7    267.0
