     7     1
    GDAS     7     7    22     0     0
    GDAS     7     8     8     0     0
    GDAS     7     8    15     0     0
    GDAS     7     8    22     0     0
    GDAS     7     8    29     0     0
    GDAS     7     8     1     0     0
    GDAS     7     7    29     0     0
     1 BACKWARD OMEGA   
     7     8    20     6  -23.561  -46.740  4000.0
     1 PRESSURE
     1     1     7     8    20     6     0     0     0.0  -23.561  -46.740   4000.0    583.4
     1     1     7     8    20     5     0     1    -1.0  -23.538  -47.269   4047.9    578.2
     1     1     7     8    20     4     0     2    -2.0  -23.490  -47.776   4088.1    577.8
     1     1     7     8    20     3     0     3    -3.0  -23.404  -48.255   4103.2    576.0
     1     1     7     8    20     2     0     2    -4.0  -23.290  -48.717   4096.1    571.2
     1     1     7     8    20     1     0     1    -5.0  -23.163  -49.173   4096.2    569.8
     1     1     7     8    20     0     0     0    -6.0  -23.033  -49.620   4125.6    576.2
     1     1     7     8    19    23     0     1    -7.0  -22.896  -50.040   4148.0    581.0
     1     1     7     8    19    22     0     2    -8.0  -22.733  -50.426   4134.6    582.8
     1     1     7     8    19    21     0     3    -9.0  -22.532  -50.779   4098.6    585.9
     1     1     7     8    19    20     0     2   -10.0  -22.321  -51.106   4047.4    591.9
     1     1     7     8    19    19     0     1   -11.0  -22.134  -51.415   3996.4    600.4
     1     1     7     8    19    18     0     0   -12.0  -21.976  -51.712   3946.4    609.2
     1     1     7     8    19    17     0     1   -13.0  -21.841  -52.017   3913.2    616.7
     1     1     7     8    19    16     0     2   -14.0  -21.709  -52.345   3899.3    616.0
     1     1     7     8    19    15     0     3   -15.0  -21.569  -52.705   3904.2    614.4
     1     1     7     8    19    14     0     2   -16.0  -21.418  -53.096   3909.3    612.3
     1     1     7     8    19    13     0     1   -17.0  -21.250  -53.502   3896.8    610.9
     1     1     7     8    19    12     0     0   -18.0  -21.063  -53.916   3866.0    608.4
     1     1     7     8    19    11     0     1   -19.0  -20.846  -54.329   3836.0    609.4
     1     1     7     8    19    10     0     2   -20.0  -20.591  -54.723   3814.6    613.1
     1     1     7     8    19     9     0     3   -21.0  -20.299  -55.094   3802.8    618.4
     1     1     7     8    19     8     0     2   -22.0  -19.975  -55.435   3803.0    625.7
     1     1     7     8    19     7     0     1   -23.0  -19.625  -55.742   3810.0    631.2
     1     1     7     8    19     6     0     0   -24.0  -19.248  -56.016   3820.4    636.4
     1     1     7     8    19     5     0     1   -25.0  -18.863  -56.260   3816.1    636.9
     1     1     7     8    19     4     0     2   -26.0  -18.486  -56.478   3799.1    637.6
     1     1     7     8    19     3     0     3   -27.0  -18.114  -56.670   3776.3    639.4
     1     1     7     8    19     2     0     2   -28.0  -17.739  -56.845   3760.0    641.6
     1     1     7     8    19     1     0     1   -29.0  -17.361  -57.022   3760.8    642.7
     1     1     7     8    19     0     0     0   -30.0  -16.984  -57.197   3772.5    641.3
     1     1     7     8    18    23     0     1   -31.0  -16.628  -57.354   3774.1    636.2
     1     1     7     8    18    22     0     2   -32.0  -16.292  -57.494   3767.9    633.8
     1     1     7     8    18    21     0     3   -33.0  -15.961  -57.643   3767.3    631.6
     1     1     7     8    18    20     0     2   -34.0  -15.627  -57.805   3778.4    628.1
     1     1     7     8    18    19     0     1   -35.0  -15.286  -57.973   3798.2    622.7
     1     1     7     8    18    18     0     0   -36.0  -14.939  -58.154   3821.1    614.8
     1     1     7     8    18    17     0     1   -37.0  -14.603  -58.330   3838.2    605.6
     1     1     7     8    18    16     0     2   -38.0  -14.280  -58.494   3850.2    599.3
     1     1     7     8    18    15     0     3   -39.0  -13.955  -58.658   3859.3    595.9
     1     1     7     8    18    14     0     2   -40.0  -13.619  -58.815   3882.7    599.1
     1     1     7     8    18    13     0     1   -41.0  -13.265  -58.951   3906.8    601.2
     1     1     7     8    18    12     0     0   -42.0  -12.887  -59.065   3924.5    603.0
     1     1     7     8    18    11     0     1   -43.0  -12.492  -59.167   3938.3    603.7
     1     1     7     8    18    10     0     2   -44.0  -12.091  -59.268   3960.4    603.6
     1     1     7     8    18     9     0     3   -45.0  -11.686  -59.367   3994.9    604.4
     1     1     7     8    18     8     0     2   -46.0  -11.283  -59.448   4025.9    606.1
     1     1     7     8    18     7     0     1   -47.0  -10.883  -59.505   4036.4    608.7
     1     1     7     8    18     6     0     0   -48.0  -10.489  -59.540   4020.3    611.0
     1     1     7     8    18     5     0     1   -49.0  -10.102  -59.552   3995.9    615.1
     1     1     7     8    18     4     0     2   -50.0   -9.726  -59.541   3978.4    618.2
     1     1     7     8    18     3     0     3   -51.0   -9.359  -59.510   3967.6    620.5
     1     1     7     8    18     2     0     2   -52.0   -9.009  -59.471   3970.2    622.0
     1     1     7     8    18     1     0     1   -53.0   -8.688  -59.435   3992.0    620.6
     1     1     7     8    18     0     0     0   -54.0   -8.395  -59.411   4032.2    618.3
     1     1     7     8    17    23     0     1   -55.0   -8.128  -59.403   4080.9    614.1
     1     1     7     8    17    22     0     2   -56.0   -7.888  -59.415   4125.8    611.1
     1     1     7     8    17    21     0     3   -57.0   -7.677  -59.447   4166.4    608.3
     1     1     7     8    17    20     0     2   -58.0   -7.485  -59.496   4205.5    606.1
     1     1     7     8    17    19     0     1   -59.0   -7.300  -59.560   4247.7    603.5
     1     1     7     8    17    18     0     0   -60.0   -7.122  -59.642   4296.8    600.1
     1     1     7     8    17    17     0     1   -61.0   -6.942  -59.734   4353.7    595.9
     1     1     7     8    17    16     0     2   -62.0   -6.756  -59.823   4418.0    591.3
     1     1     7     8    17    15     0     3   -63.0   -6.569  -59.910   4489.9    586.5
     1     1     7     8    17    14     0     2   -64.0   -6.392  -59.991   4556.2    580.9
     1     1     7     8    17    13     0     1   -65.0   -6.234  -60.060   4602.3    577.8
     1     1     7     8    17    12     0     0   -66.0   -6.096  -60.115   4626.5    576.2
     1     1     7     8    17    11     0     1   -67.0   -5.973  -60.152   4642.1    576.1
     1     1     7     8    17    10     0     2   -68.0   -5.860  -60.171   4664.9    574.6
     1     1     7     8    17     9     0     3   -69.0   -5.753  -60.173   4697.0    572.3
     1     1     7     8    17     8     0     2   -70.0   -5.651  -60.167   4720.0    569.6
     1     1     7     8    17     7     0     1   -71.0   -5.555  -60.159   4715.1    570.2
     1     1     7     8    17     6     0     0   -72.0   -5.460  -60.145   4683.1    572.8
     1     1     7     8    17     5     0     1   -73.0   -5.372  -60.123   4645.8    577.6
     1     1     7     8    17     4     0     2   -74.0   -5.298  -60.093   4622.5    579.9
     1     1     7     8    17     3     0     3   -75.0   -5.237  -60.057   4611.6    581.2
     1     1     7     8    17     2     0     2   -76.0   -5.196  -60.019   4599.5    581.0
     1     1     7     8    17     1     0     1   -77.0   -5.179  -59.985   4573.6    582.7
     1     1     7     8    17     0     0     0   -78.0   -5.190  -59.951   4534.1    585.2
     1     1     7     8    16    23     0     1   -79.0   -5.221  -59.923   4495.6    588.8
     1     1     7     8    16    22     0     2   -80.0   -5.268  -59.908   4472.0    590.3
     1     1     7     8    16    21     0     3   -81.0   -5.331  -59.904   4462.9    590.6
     1     1     7     8    16    20     0     2   -82.0   -5.403  -59.904   4478.1    590.2
     1     1     7     8    16    19     0     1   -83.0   -5.477  -59.901   4524.7    586.6
     1     1     7     8    16    18     0     0   -84.0   -5.551  -59.893   4598.4    581.0
     1     1     7     8    16    17     0     1   -85.0   -5.626  -59.880   4692.5    574.0
     1     1     7     8    16    16     0     2   -86.0   -5.703  -59.865   4802.6    566.2
     1     1     7     8    16    15     0     3   -87.0   -5.784  -59.843   4926.8    557.3
     1     1     7     8    16    14     0     2   -88.0   -5.859  -59.804   5030.7    547.4
     1     1     7     8    16    13     0     1   -89.0   -5.920  -59.745   5090.2    543.1
     1     1     7     8    16    12     0     0   -90.0   -5.969  -59.671   5112.9    541.2
     1     1     7     8    16    11     0     1   -91.0   -6.008  -59.589   5127.9    541.6
     1     1     7     8    16    10     0     2   -92.0   -6.037  -59.498   5158.1    539.0
     1     1     7     8    16     9     0     3   -93.0   -6.052  -59.398   5202.0    535.7
     1     1     7     8    16     8     0     2   -94.0   -6.059  -59.287   5239.7    531.8
     1     1     7     8    16     7     0     1   -95.0   -6.065  -59.170   5252.6    530.9
     1     1     7     8    16     6     0     0   -96.0   -6.075  -59.052   5240.3    531.7
     1     1     7     8    16     5     0     1   -97.0   -6.082  -58.937   5208.7    534.6
     1     1     7     8    16     4     0     2   -98.0   -6.076  -58.822   5163.4    538.3
     1     1     7     8    16     3     0     3   -99.0   -6.058  -58.707   5103.4    542.9
     1     1     7     8    16     2     0     2  -100.0   -6.028  -58.587   5045.8    548.1
     1     1     7     8    16     1     0     1  -101.0   -5.987  -58.455   5010.3    550.9
     1     1     7     8    16     0     0     0  -102.0   -5.936  -58.308   5001.9    551.8
     1     1     7     8    15    23     0     1  -103.0   -5.875  -58.150   5015.8    550.4
     1     1     7     8    15    22     0     2  -104.0   -5.800  -57.987   5042.6    548.4
     1     1     7     8    15    21     0     3  -105.0   -5.711  -57.819   5074.5    545.4
     1     1     7     8    15    20     0     2  -106.0   -5.618  -57.643   5110.0    543.1
     1     1     7     8    15    19     0     1  -107.0   -5.525  -57.455   5150.6    540.3
     1     1     7     8    15    18     0     0  -108.0   -5.427  -57.253   5194.6    537.3
     1     1     7     8    15    17     0     1  -109.0   -5.321  -57.033   5237.1    534.2
     1     1     7     8    15    16     0     2  -110.0   -5.204  -56.792   5274.3    531.4
     1     1     7     8    15    15     0     3  -111.0   -5.077  -56.524   5308.0    528.2
     1     1     7     8    15    14     0     2  -112.0   -4.942  -56.245   5337.3    525.0
     1     1     7     8    15    13     0     1  -113.0   -4.808  -55.970   5362.9    522.6
     1     1     7     8    15    12     0     0  -114.0   -4.679  -55.701   5384.3    520.7
     1     1     7     8    15    11     0     1  -115.0   -4.553  -55.443   5406.1    519.0
     1     1     7     8    15    10     0     2  -116.0   -4.426  -55.196   5429.4    517.0
     1     1     7     8    15     9     0     3  -117.0   -4.297  -54.954   5452.6    515.4
     1     1     7     8    15     8     0     2  -118.0   -4.170  -54.709   5477.9    514.8
     1     1     7     8    15     7     0     1  -119.0   -4.055  -54.455   5505.9    513.8
     1     1     7     8    15     6     0     0  -120.0   -3.955  -54.197   5542.3    512.0
