     7     1
    GDAS     7     7    22     0     0
    GDAS     7     8     8     0     0
    GDAS     7     8    15     0     0
    GDAS     7     8    22     0     0
    GDAS     7     8    29     0     0
    GDAS     7     8     1     0     0
    GDAS     7     7    29     0     0
     1 BACKWARD OMEGA   
     7     8     3     0  -23.561  -46.740  4000.0
     1 PRESSURE
     1     1     7     8     3     0     0     0     0.0  -23.561  -46.740   4000.0    587.8
     1     1     7     8     2    23     0     1    -1.0  -23.470  -47.173   4088.7    578.0
     1     1     7     8     2    22     0     2    -2.0  -23.382  -47.617   4161.2    574.3
     1     1     7     8     2    21     0     3    -3.0  -23.302  -48.052   4191.3    574.5
     1     1     7     8     2    20     0     2    -4.0  -23.216  -48.483   4182.8    571.7
     1     1     7     8     2    19     0     1    -5.0  -23.102  -48.930   4185.8    564.8
     1     1     7     8     2    18     0     0    -6.0  -22.973  -49.378   4242.4    567.0
     1     1     7     8     2    17     0     1    -7.0  -22.843  -49.807   4312.7    569.1
     1     1     7     8     2    16     0     2    -8.0  -22.718  -50.215   4357.1    569.6
     1     1     7     8     2    15     0     3    -9.0  -22.596  -50.601   4378.2    569.2
     1     1     7     8     2    14     0     2   -10.0  -22.463  -50.975   4386.7    569.2
     1     1     7     8     2    13     0     1   -11.0  -22.312  -51.342   4400.4    572.5
     1     1     7     8     2    12     0     0   -12.0  -22.149  -51.700   4425.2    576.0
     1     1     7     8     2    11     0     1   -13.0  -21.965  -52.045   4460.4    577.4
     1     1     7     8     2    10     0     2   -14.0  -21.746  -52.376   4479.2    573.2
     1     1     7     8     2     9     0     3   -15.0  -21.493  -52.705   4489.7    571.0
     1     1     7     8     2     8     0     2   -16.0  -21.212  -53.022   4481.4    571.2
     1     1     7     8     2     7     0     1   -17.0  -20.907  -53.310   4437.5    571.8
     1     1     7     8     2     6     0     0   -18.0  -20.584  -53.566   4369.3    573.2
     1     1     7     8     2     5     0     1   -19.0  -20.258  -53.787   4296.6    575.2
     1     1     7     8     2     4     0     2   -20.0  -19.935  -53.976   4231.9    576.2
     1     1     7     8     2     3     0     3   -21.0  -19.617  -54.125   4196.1    581.7
     1     1     7     8     2     2     0     2   -22.0  -19.306  -54.238   4182.8    584.9
     1     1     7     8     2     1     0     1   -23.0  -18.998  -54.329   4191.6    586.0
     1     1     7     8     2     0     0     0   -24.0  -18.693  -54.396   4218.7    585.5
     1     1     7     8     1    23     0     1   -25.0  -18.401  -54.441   4251.2    583.9
     1     1     7     8     1    22     0     2   -26.0  -18.124  -54.469   4278.0    583.0
     1     1     7     8     1    21     0     3   -27.0  -17.862  -54.487   4290.1    581.3
     1     1     7     8     1    20     0     2   -28.0  -17.611  -54.490   4289.0    580.2
     1     1     7     8     1    19     0     1   -29.0  -17.370  -54.476   4281.9    578.9
     1     1     7     8     1    18     0     0   -30.0  -17.137  -54.450   4268.4    577.7
     1     1     7     8     1    17     0     1   -31.0  -16.912  -54.411   4242.8    577.3
     1     1     7     8     1    16     0     2   -32.0  -16.690  -54.356   4199.5    579.6
     1     1     7     8     1    15     0     3   -33.0  -16.467  -54.281   4138.5    583.3
     1     1     7     8     1    14     0     2   -34.0  -16.246  -54.178   4072.7    587.8
     1     1     7     8     1    13     0     1   -35.0  -16.024  -54.041   4013.4    591.6
     1     1     7     8     1    12     0     0   -36.0  -15.801  -53.874   3958.8    593.8
     1     1     7     8     1    11     0     1   -37.0  -15.579  -53.695   3923.2    595.6
     1     1     7     8     1    10     0     2   -38.0  -15.360  -53.524   3911.9    595.4
     1     1     7     8     1     9     0     3   -39.0  -15.141  -53.366   3921.4    594.1
     1     1     7     8     1     8     0     2   -40.0  -14.921  -53.210   3942.4    593.5
     1     1     7     8     1     7     0     1   -41.0  -14.706  -53.041   3965.9    595.4
     1     1     7     8     1     6     0     0   -42.0  -14.501  -52.860   3987.4    597.0
     1     1     7     8     1     5     0     1   -43.0  -14.309  -52.663   4017.6    597.6
     1     1     7     8     1     4     0     2   -44.0  -14.129  -52.449   4065.3    594.9
     1     1     7     8     1     3     0     3   -45.0  -13.958  -52.222   4128.3    590.4
     1     1     7     8     1     2     0     2   -46.0  -13.798  -51.991   4188.2    585.2
     1     1     7     8     1     1     0     1   -47.0  -13.655  -51.761   4228.5    585.8
     1     1     7     8     1     0     0     0   -48.0  -13.528  -51.535   4239.4    588.0
     1     1     7     7    31    23     0     1   -49.0  -13.412  -51.317   4233.3    591.7
     1     1     7     7    31    22     0     2   -50.0  -13.302  -51.105   4225.5    594.3
     1     1     7     7    31    21     0     3   -51.0  -13.188  -50.900   4214.7    594.9
     1     1     7     7    31    20     0     2   -52.0  -13.070  -50.696   4202.3    594.0
     1     1     7     7    31    19     0     1   -53.0  -12.949  -50.485   4191.5    593.2
     1     1     7     7    31    18     0     0   -54.0  -12.817  -50.265   4183.2    592.9
     1     1     7     7    31    17     0     1   -55.0  -12.688  -50.045   4180.0    593.1
     1     1     7     7    31    16     0     2   -56.0  -12.575  -49.826   4178.7    592.5
     1     1     7     7    31    15     0     3   -57.0  -12.480  -49.603   4173.5    592.1
     1     1     7     7    31    14     0     2   -58.0  -12.397  -49.382   4172.4    591.8
     1     1     7     7    31    13     0     1   -59.0  -12.329  -49.168   4183.5    589.9
     1     1     7     7    31    12     0     0   -60.0  -12.278  -48.952   4204.8    587.5
     1     1     7     7    31    11     0     1   -61.0  -12.243  -48.748   4242.8    585.7
     1     1     7     7    31    10     0     2   -62.0  -12.226  -48.573   4300.0    581.8
     1     1     7     7    31     9     0     3   -63.0  -12.231  -48.414   4377.9    576.1
     1     1     7     7    31     8     0     2   -64.0  -12.248  -48.258   4458.8    569.5
     1     1     7     7    31     7     0     1   -65.0  -12.269  -48.107   4527.4    565.2
     1     1     7     7    31     6     0     0   -66.0  -12.293  -47.967   4586.0    561.1
     1     1     7     7    31     5     0     1   -67.0  -12.322  -47.831   4629.6    556.5
     1     1     7     7    31     4     0     2   -68.0  -12.353  -47.693   4660.5    553.1
     1     1     7     7    31     3     0     3   -69.0  -12.389  -47.559   4681.5    550.4
     1     1     7     7    31     2     0     2   -70.0  -12.431  -47.430   4705.8    548.0
     1     1     7     7    31     1     0     1   -71.0  -12.479  -47.302   4743.7    543.9
     1     1     7     7    31     0     0     0   -72.0  -12.529  -47.173   4792.4    539.0
     1     1     7     7    30    23     0     1   -73.0  -12.580  -47.043   4841.4    533.4
     1     1     7     7    30    22     0     2   -74.0  -12.631  -46.914   4881.7    528.8
     1     1     7     7    30    21     0     3   -75.0  -12.685  -46.784   4915.9    524.4
     1     1     7     7    30    20     0     2   -76.0  -12.745  -46.656   4942.2    520.5
     1     1     7     7    30    19     0     1   -77.0  -12.814  -46.534   4957.6    517.7
     1     1     7     7    30    18     0     0   -78.0  -12.892  -46.418   4962.3    515.7
     1     1     7     7    30    17     0     1   -79.0  -12.979  -46.310   4952.2    514.6
     1     1     7     7    30    16     0     2   -80.0  -13.075  -46.217   4922.1    515.2
     1     1     7     7    30    15     0     3   -81.0  -13.180  -46.144   4872.7    517.7
     1     1     7     7    30    14     0     2   -82.0  -13.285  -46.094   4836.8    521.7
     1     1     7     7    30    13     0     1   -83.0  -13.377  -46.058   4843.0    521.0
     1     1     7     7    30    12     0     0   -84.0  -13.459  -46.030   4888.2    517.8
     1     1     7     7    30    11     0     1   -85.0  -13.528  -45.995   4940.5    512.0
     1     1     7     7    30    10     0     2   -86.0  -13.576  -45.945   4972.0    509.7
     1     1     7     7    30     9     0     3   -87.0  -13.599  -45.882   4983.3    508.6
     1     1     7     7    30     8     0     2   -88.0  -13.607  -45.813   4987.5    509.1
     1     1     7     7    30     7     0     1   -89.0  -13.610  -45.741   4996.9    508.3
     1     1     7     7    30     6     0     0   -90.0  -13.609  -45.664   5011.2    507.3
     1     1     7     7    30     5     0     1   -91.0  -13.617  -45.582   5033.2    506.3
     1     1     7     7    30     4     0     2   -92.0  -13.646  -45.491   5066.1    504.4
     1     1     7     7    30     3     0     3   -93.0  -13.699  -45.392   5109.9    501.8
     1     1     7     7    30     2     0     2   -94.0  -13.782  -45.289   5155.2    497.9
     1     1     7     7    30     1     0     1   -95.0  -13.897  -45.189   5193.8    495.1
     1     1     7     7    30     0     0     0   -96.0  -14.045  -45.094   5228.1    492.4
     1     1     7     7    29    23     0     1   -97.0  -14.209  -45.006   5259.6    489.8
     1     1     7     7    29    22     0     2   -98.0  -14.367  -44.925   5288.9    488.9
     1     1     7     7    29    21     0     3   -99.0  -14.519  -44.844   5305.5    488.8
     1     1     7     7    29    20     0     2  -100.0  -14.668  -44.769   5307.3    489.9
     1     1     7     7    29    19     0     1  -101.0  -14.819  -44.708   5296.6    491.6
     1     1     7     7    29    18     0     0  -102.0  -14.972  -44.656   5276.9    493.6
     1     1     7     7    29    17     0     1  -103.0  -15.131  -44.625   5263.9    496.5
     1     1     7     7    29    16     0     2  -104.0  -15.300  -44.628   5264.7    497.3
     1     1     7     7    29    15     0     3  -105.0  -15.483  -44.667   5275.0    497.4
     1     1     7     7    29    14     0     2  -106.0  -15.684  -44.735   5292.0    497.2
     1     1     7     7    29    13     0     1  -107.0  -15.913  -44.824   5316.7    497.4
     1     1     7     7    29    12     0     0  -108.0  -16.185  -44.937   5344.2    496.4
     1     1     7     7    29    11     0     1  -109.0  -16.507  -45.097   5376.8    493.8
     1     1     7     7    29    10     0     2  -110.0  -16.879  -45.317   5420.1    489.9
     1     1     7     7    29     9     0     3  -111.0  -17.291  -45.603   5477.9    484.1
     1     1     7     7    29     8     0     2  -112.0  -17.698  -45.965   5559.2    475.6
     1     1     7     7    29     7     0     1  -113.0  -18.075  -46.399   5660.3    465.9
     1     1     7     7    29     6     0     0  -114.0  -18.424  -46.894   5766.5    455.6
     1     1     7     7    29     5     0     1  -115.0  -18.739  -47.439   5908.1    445.8
     1     1     7     7    29     4     0     2  -116.0  -19.025  -48.022   6105.6    434.3
     1     1     7     7    29     3     0     3  -117.0  -19.301  -48.615   6328.5    428.0
     1     1     7     7    29     2     0     2  -118.0  -19.570  -49.204   6463.0    427.2
     1     1     7     7    29     1     0     1  -119.0  -19.844  -49.804   6510.2    429.5
     1     1     7     7    29     0     0     0  -120.0  -20.134  -50.420   6513.1    434.0
