     7     1
    GDAS     7     7    22     0     0
    GDAS     7     8     8     0     0
    GDAS     7     8    15     0     0
    GDAS     7     8    22     0     0
    GDAS     7     8    29     0     0
    GDAS     7     8     1     0     0
    GDAS     7     7    29     0     0
     1 BACKWARD OMEGA   
     7     8    24     6  -23.561  -46.740  4000.0
     1 PRESSURE
     1     1     7     8    24     6     0     0     0.0  -23.561  -46.740   4000.0    585.8
     1     1     7     8    24     5     0     1    -1.0  -23.549  -46.850   4061.3    580.4
     1     1     7     8    24     4     0     2    -2.0  -23.517  -46.966   4124.2    574.6
     1     1     7     8    24     3     0     3    -3.0  -23.461  -47.084   4191.6    569.5
     1     1     7     8    24     2     0     2    -4.0  -23.388  -47.199   4265.1    564.5
     1     1     7     8    24     1     0     1    -5.0  -23.307  -47.305   4349.1    559.0
     1     1     7     8    24     0     0     0    -6.0  -23.218  -47.396   4447.3    552.7
     1     1     7     8    23    23     0     1    -7.0  -23.123  -47.473   4546.1    545.3
     1     1     7     8    23    22     0     2    -8.0  -23.030  -47.539   4630.1    540.3
     1     1     7     8    23    21     0     3    -9.0  -22.940  -47.589   4697.6    535.8
     1     1     7     8    23    20     0     2   -10.0  -22.857  -47.624   4758.0    532.4
     1     1     7     8    23    19     0     1   -11.0  -22.779  -47.646   4821.9    528.0
     1     1     7     8    23    18     0     0   -12.0  -22.710  -47.655   4888.5    523.3
     1     1     7     8    23    17     0     1   -13.0  -22.662  -47.649   4954.8    518.5
     1     1     7     8    23    16     0     2   -14.0  -22.644  -47.627   5019.2    514.1
     1     1     7     8    23    15     0     3   -15.0  -22.658  -47.588   5083.9    509.7
     1     1     7     8    23    14     0     2   -16.0  -22.704  -47.543   5145.9    505.0
     1     1     7     8    23    13     0     1   -17.0  -22.784  -47.504   5199.5    501.5
     1     1     7     8    23    12     0     0   -18.0  -22.899  -47.470   5242.9    499.0
     1     1     7     8    23    11     0     1   -19.0  -23.046  -47.466   5292.3    497.2
     1     1     7     8    23    10     0     2   -20.0  -23.219  -47.515   5360.4    492.8
     1     1     7     8    23     9     0     3   -21.0  -23.422  -47.624   5441.2    487.6
     1     1     7     8    23     8     0     2   -22.0  -23.641  -47.774   5532.2    481.7
     1     1     7     8    23     7     0     1   -23.0  -23.862  -47.946   5646.0    473.3
     1     1     7     8    23     6     0     0   -24.0  -24.095  -48.141   5803.9    463.8
     1     1     7     8    23     5     0     1   -25.0  -24.346  -48.362   5965.2    455.4
     1     1     7     8    23     4     0     2   -26.0  -24.609  -48.613   6061.1    450.8
     1     1     7     8    23     3     0     3   -27.0  -24.879  -48.895   6091.4    446.4
     1     1     7     8    23     2     0     2   -28.0  -25.153  -49.202   6082.7    443.3
     1     1     7     8    23     1     0     1   -29.0  -25.428  -49.526   6058.1    439.7
     1     1     7     8    23     0     0     0   -30.0  -25.709  -49.869   6011.5    435.8
     1     1     7     8    22    23     0     1   -31.0  -25.987  -50.254   5990.9    436.7
     1     1     7     8    22    22     0     2   -32.0  -26.251  -50.699   6012.9    436.3
     1     1     7     8    22    21     0     3   -33.0  -26.509  -51.204   6063.1    431.0
     1     1     7     8    22    20     0     2   -34.0  -26.754  -51.760   6135.3    427.7
     1     1     7     8    22    19     0     1   -35.0  -26.967  -52.347   6186.5    436.0
     1     1     7     8    22    18     0     0   -36.0  -27.134  -52.954   6174.8    450.5
     1     1     7     8    22    17     0     1   -37.0  -27.244  -53.566   6074.1    459.8
     1     1     7     8    22    16     0     2   -38.0  -27.309  -54.166   5970.7    468.3
     1     1     7     8    22    15     0     3   -39.0  -27.340  -54.745   5861.0    479.5
     1     1     7     8    22    14     0     2   -40.0  -27.344  -55.312   5767.1    492.1
     1     1     7     8    22    13     0     1   -41.0  -27.333  -55.883   5720.5    499.4
     1     1     7     8    22    12     0     0   -42.0  -27.315  -56.462   5708.9    502.7
     1     1     7     8    22    11     0     1   -43.0  -27.262  -57.039   5686.1    502.9
     1     1     7     8    22    10     0     2   -44.0  -27.152  -57.602   5606.4    508.0
     1     1     7     8    22     9     0     3   -45.0  -27.008  -58.140   5498.8    515.5
     1     1     7     8    22     8     0     2   -46.0  -26.853  -58.658   5416.2    524.2
     1     1     7     8    22     7     0     1   -47.0  -26.702  -59.163   5394.3    525.3
     1     1     7     8    22     6     0     0   -48.0  -26.562  -59.650   5408.1    521.6
     1     1     7     8    22     5     0     1   -49.0  -26.431  -60.106   5429.8    516.7
     1     1     7     8    22     4     0     2   -50.0  -26.307  -60.533   5446.2    517.5
     1     1     7     8    22     3     0     3   -51.0  -26.203  -60.934   5458.4    519.2
     1     1     7     8    22     2     0     2   -52.0  -26.114  -61.330   5460.5    516.5
     1     1     7     8    22     1     0     1   -53.0  -26.040  -61.732   5468.0    511.7
     1     1     7     8    22     0     0     0   -54.0  -26.002  -62.135   5488.9    508.0
     1     1     7     8    21    23     0     1   -55.0  -25.982  -62.545   5518.5    507.6
     1     1     7     8    21    22     0     2   -56.0  -25.966  -62.958   5536.5    508.9
     1     1     7     8    21    21     0     3   -57.0  -25.958  -63.390   5517.6    503.7
     1     1     7     8    21    20     0     2   -58.0  -25.956  -63.867   5501.5    497.7
     1     1     7     8    21    19     0     1   -59.0  -25.942  -64.417   5473.4    483.6
     1     1     7     8    21    18     0     0   -60.0  -25.882  -65.060   5404.4    461.8
     1     1     7     8    21    17     0     1   -61.0  -25.745  -65.850   5060.4    390.9
     1     1     7     8    21    16     0     2   -62.0  -25.569  -66.846   4826.2    335.9
     1     1     7     8    21    15     0     3   -63.0  -25.389  -67.962   4984.3    326.0
     1     1     7     8    21    14     0     2   -64.0  -25.195  -69.091   5276.1    332.0
     1     1     7     8    21    13     0     1   -65.0  -24.939  -69.998   5827.1    398.0
     1     1     7     8    21    12     0     0   -66.0  -24.643  -70.653   6194.5    442.8
     1     1     7     8    21    11     0     1   -67.0  -24.332  -71.257   6408.4    457.7
     1     1     7     8    21    10     0     2   -68.0  -23.994  -71.931   6409.8    458.3
     1     1     7     8    21     9     0     3   -69.0  -23.659  -72.704   6364.5    463.8
     1     1     7     8    21     8     0     2   -70.0  -23.339  -73.509   6300.6    468.6
     1     1     7     8    21     7     0     1   -71.0  -23.017  -74.301   6262.6    469.4
     1     1     7     8    21     6     0     0   -72.0  -22.701  -75.075   6284.3    471.0
     1     1     7     8    21     5     0     1   -73.0  -22.399  -75.835   6303.8    466.6
     1     1     7     8    21     4     0     2   -74.0  -22.112  -76.585   6337.7    465.5
     1     1     7     8    21     3     0     3   -75.0  -21.841  -77.320   6344.7    464.4
     1     1     7     8    21     2     0     2   -76.0  -21.589  -78.038   6337.8    465.5
     1     1     7     8    21     1     0     1   -77.0  -21.356  -78.750   6345.9    465.5
     1     1     7     8    21     0     0     0   -78.0  -21.140  -79.462   6382.0    463.4
     1     1     7     8    20    23     0     1   -79.0  -20.943  -80.193   6442.9    459.6
     1     1     7     8    20    22     0     2   -80.0  -20.771  -80.943   6505.3    454.3
     1     1     7     8    20    21     0     3   -81.0  -20.621  -81.696   6569.7    451.1
     1     1     7     8    20    20     0     2   -82.0  -20.478  -82.446   6619.3    448.2
     1     1     7     8    20    19     0     1   -83.0  -20.337  -83.196   6657.6    445.4
     1     1     7     8    20    18     0     0   -84.0  -20.199  -83.947   6692.6    444.6
     1     1     7     8    20    17     0     1   -85.0  -20.054  -84.696   6707.0    443.1
     1     1     7     8    20    16     0     2   -86.0  -19.894  -85.441   6714.5    442.9
     1     1     7     8    20    15     0     3   -87.0  -19.723  -86.178   6719.6    443.3
     1     1     7     8    20    14     0     2   -88.0  -19.546  -86.898   6724.2    442.5
     1     1     7     8    20    13     0     1   -89.0  -19.363  -87.595   6740.8    441.7
     1     1     7     8    20    12     0     0   -90.0  -19.173  -88.279   6762.7    440.2
     1     1     7     8    20    11     0     1   -91.0  -18.981  -88.950   6780.5    438.8
     1     1     7     8    20    10     0     2   -92.0  -18.795  -89.594   6783.0    438.6
     1     1     7     8    20     9     0     3   -93.0  -18.618  -90.207   6770.0    439.3
     1     1     7     8    20     8     0     2   -94.0  -18.452  -90.795   6748.4    441.3
     1     1     7     8    20     7     0     1   -95.0  -18.298  -91.359   6719.2    443.1
     1     1     7     8    20     6     0     0   -96.0  -18.150  -91.904   6682.9    444.9
     1     1     7     8    20     5     0     1   -97.0  -18.010  -92.439   6659.8    447.4
     1     1     7     8    20     4     0     2   -98.0  -17.880  -92.962   6661.4    447.8
     1     1     7     8    20     3     0     3   -99.0  -17.758  -93.472   6680.8    446.2
     1     1     7     8    20     2     0     2  -100.0  -17.643  -93.970   6703.7    443.6
     1     1     7     8    20     1     0     1  -101.0  -17.541  -94.457   6713.8    443.1
     1     1     7     8    20     0     0     0  -102.0  -17.451  -94.932   6710.7    443.3
     1     1     7     8    19    23     0     1  -103.0  -17.371  -95.397   6709.6    444.2
     1     1     7     8    19    22     0     2  -104.0  -17.299  -95.852   6721.0    443.6
     1     1     7     8    19    21     0     3  -105.0  -17.234  -96.300   6738.6    442.5
     1     1     7     8    19    20     0     2  -106.0  -17.173  -96.734   6751.2    441.2
     1     1     7     8    19    19     0     1  -107.0  -17.113  -97.150   6754.7    441.3
     1     1     7     8    19    18     0     0  -108.0  -17.055  -97.548   6755.3    442.0
     1     1     7     8    19    17     0     1  -109.0  -17.003  -97.928   6753.3    442.6
     1     1     7     8    19    16     0     2  -110.0  -16.965  -98.293   6741.6    442.8
     1     1     7     8    19    15     0     3  -111.0  -16.940  -98.644   6718.6    443.6
     1     1     7     8    19    14     0     2  -112.0  -16.931  -98.984   6684.8    445.1
     1     1     7     8    19    13     0     1  -113.0  -16.937  -99.322   6647.8    447.7
     1     1     7     8    19    12     0     0  -114.0  -16.959  -99.659   6613.6    450.1
     1     1     7     8    19    11     0     1  -115.0  -16.990  -99.998   6587.6    452.2
     1     1     7     8    19    10     0     2  -116.0  -17.018 -100.336   6568.5    453.5
     1     1     7     8    19     9     0     3  -117.0  -17.042 -100.669   6555.5    454.3
     1     1     7     8    19     8     0     2  -118.0  -17.068 -100.992   6549.7    455.2
     1     1     7     8    19     7     0     1  -119.0  -17.106 -101.290   6547.5    455.1
     1     1     7     8    19     6     0     0  -120.0  -17.160 -101.563   6541.4    455.6
