     7     1
    GDAS     7     7    22     0     0
    GDAS     7     8     8     0     0
    GDAS     7     8    15     0     0
    GDAS     7     8    22     0     0
    GDAS     7     8    29     0     0
    GDAS     7     8     1     0     0
    GDAS     7     7    29     0     0
     1 BACKWARD OMEGA   
     7     8     8    12  -23.561  -46.740  4000.0
     1 PRESSURE
     1     1     7     8     8    12     0     0     0.0  -23.561  -46.740   4000.0    587.4
     1     1     7     8     8    11     0     1    -1.0  -23.342  -47.203   3899.9    592.6
     1     1     7     8     8    10     0     2    -2.0  -23.092  -47.646   3859.8    599.7
     1     1     7     8     8     9     0     3    -3.0  -22.807  -48.058   3855.1    603.3
     1     1     7     8     8     8     0     2    -4.0  -22.507  -48.447   3848.2    598.5
     1     1     7     8     8     7     0     1    -5.0  -22.209  -48.816   3850.8    600.1
     1     1     7     8     8     6     0     0    -6.0  -21.914  -49.161   3847.8    604.7
     1     1     7     8     8     5     0     1    -7.0  -21.617  -49.480   3832.1    607.9
     1     1     7     8     8     4     0     2    -8.0  -21.312  -49.779   3826.2    609.5
     1     1     7     8     8     3     0     3    -9.0  -21.000  -50.054   3829.9    610.5
     1     1     7     8     8     2     0     2   -10.0  -20.682  -50.307   3836.0    612.1
     1     1     7     8     8     1     0     1   -11.0  -20.364  -50.536   3835.7    614.3
     1     1     7     8     8     0     0     0   -12.0  -20.042  -50.739   3835.0    615.4
     1     1     7     8     7    23     0     1   -13.0  -19.714  -50.920   3834.0    614.1
     1     1     7     8     7    22     0     2   -14.0  -19.379  -51.082   3833.0    611.1
     1     1     7     8     7    21     0     3   -15.0  -19.038  -51.217   3825.9    607.2
     1     1     7     8     7    20     0     2   -16.0  -18.693  -51.327   3805.8    603.5
     1     1     7     8     7    19     0     1   -17.0  -18.349  -51.412   3772.2    601.8
     1     1     7     8     7    18     0     0   -18.0  -18.006  -51.469   3726.2    601.5
     1     1     7     8     7    17     0     1   -19.0  -17.672  -51.488   3702.9    605.4
     1     1     7     8     7    16     0     2   -20.0  -17.350  -51.468   3720.4    604.2
     1     1     7     8     7    15     0     3   -21.0  -17.028  -51.408   3774.6    600.5
     1     1     7     8     7    14     0     2   -22.0  -16.712  -51.323   3840.6    599.0
     1     1     7     8     7    13     0     1   -23.0  -16.415  -51.223   3875.5    602.1
     1     1     7     8     7    12     0     0   -24.0  -16.137  -51.105   3882.1    606.2
     1     1     7     8     7    11     0     1   -25.0  -15.873  -50.972   3872.9    609.8
     1     1     7     8     7    10     0     2   -26.0  -15.616  -50.824   3860.0    609.9
     1     1     7     8     7     9     0     3   -27.0  -15.357  -50.657   3848.6    609.2
     1     1     7     8     7     8     0     2   -28.0  -15.087  -50.459   3835.3    608.1
     1     1     7     8     7     7     0     1   -29.0  -14.804  -50.232   3818.7    607.1
     1     1     7     8     7     6     0     0   -30.0  -14.510  -49.987   3804.2    607.1
     1     1     7     8     7     5     0     1   -31.0  -14.213  -49.718   3804.7    609.4
     1     1     7     8     7     4     0     2   -32.0  -13.914  -49.414   3816.8    609.3
     1     1     7     8     7     3     0     3   -33.0  -13.612  -49.083   3835.7    606.4
     1     1     7     8     7     2     0     2   -34.0  -13.313  -48.724   3874.8    605.2
     1     1     7     8     7     1     0     1   -35.0  -13.018  -48.322   3941.2    607.0
     1     1     7     8     7     0     0     0   -36.0  -12.730  -47.881   4004.8    604.1
     1     1     7     8     6    23     0     1   -37.0  -12.467  -47.431   4029.2    594.9
     1     1     7     8     6    22     0     2   -38.0  -12.235  -46.980   4023.6    589.1
     1     1     7     8     6    21     0     3   -39.0  -12.023  -46.532   4003.2    583.3
     1     1     7     8     6    20     0     2   -40.0  -11.824  -46.099   3994.1    578.2
     1     1     7     8     6    19     0     1   -41.0  -11.636  -45.676   4025.0    578.3
     1     1     7     8     6    18     0     0   -42.0  -11.455  -45.250   4076.0    579.4
     1     1     7     8     6    17     0     1   -43.0  -11.284  -44.813   4118.7    579.8
     1     1     7     8     6    16     0     2   -44.0  -11.137  -44.354   4138.1    581.5
     1     1     7     8     6    15     0     3   -45.0  -11.021  -43.865   4142.0    583.9
     1     1     7     8     6    14     0     2   -46.0  -10.944  -43.361   4131.9    585.9
     1     1     7     8     6    13     0     1   -47.0  -10.909  -42.849   4104.4    587.4
     1     1     7     8     6    12     0     0   -48.0  -10.904  -42.327   4055.2    586.7
     1     1     7     8     6    11     0     1   -49.0  -10.912  -41.803   4002.5    586.5
     1     1     7     8     6    10     0     2   -50.0  -10.925  -41.284   3956.6    586.6
     1     1     7     8     6     9     0     3   -51.0  -10.946  -40.776   3925.9    590.3
     1     1     7     8     6     8     0     2   -52.0  -10.970  -40.286   3893.7    599.7
     1     1     7     8     6     7     0     1   -53.0  -10.990  -39.816   3834.7    611.6
     1     1     7     8     6     6     0     0   -54.0  -11.009  -39.364   3758.5    623.3
     1     1     7     8     6     5     0     1   -55.0  -11.030  -38.919   3688.9    635.0
     1     1     7     8     6     4     0     2   -56.0  -11.051  -38.469   3646.5    640.5
     1     1     7     8     6     3     0     3   -57.0  -11.075  -38.012   3644.8    642.3
     1     1     7     8     6     2     0     2   -58.0  -11.101  -37.547   3694.4    646.4
     1     1     7     8     6     1     0     1   -59.0  -11.127  -37.075   3778.3    647.2
     1     1     7     8     6     0     0     0   -60.0  -11.158  -36.613   3859.5    641.2
     1     1     7     8     5    23     0     1   -61.0  -11.202  -36.158   3918.2    635.9
     1     1     7     8     5    22     0     2   -62.0  -11.255  -35.714   3955.0    633.9
     1     1     7     8     5    21     0     3   -63.0  -11.317  -35.289   3989.1    631.8
     1     1     7     8     5    20     0     2   -64.0  -11.393  -34.880   4034.6    629.1
     1     1     7     8     5    19     0     1   -65.0  -11.481  -34.475   4099.3    624.4
     1     1     7     8     5    18     0     0   -66.0  -11.578  -34.078   4182.8    618.1
     1     1     7     8     5    17     0     1   -67.0  -11.688  -33.688   4263.6    610.7
     1     1     7     8     5    16     0     2   -68.0  -11.807  -33.303   4322.8    606.6
     1     1     7     8     5    15     0     3   -69.0  -11.927  -32.924   4364.1    603.9
     1     1     7     8     5    14     0     2   -70.0  -12.053  -32.557   4388.8    602.2
     1     1     7     8     5    13     0     1   -71.0  -12.193  -32.206   4400.2    601.8
     1     1     7     8     5    12     0     0   -72.0  -12.345  -31.867   4406.6    601.8
     1     1     7     8     5    11     0     1   -73.0  -12.508  -31.534   4412.9    600.8
     1     1     7     8     5    10     0     2   -74.0  -12.682  -31.203   4419.0    599.4
     1     1     7     8     5     9     0     3   -75.0  -12.867  -30.876   4421.6    598.4
     1     1     7     8     5     8     0     2   -76.0  -13.059  -30.554   4424.0    598.9
     1     1     7     8     5     7     0     1   -77.0  -13.254  -30.239   4432.5    599.0
     1     1     7     8     5     6     0     0   -78.0  -13.450  -29.933   4453.9    597.9
     1     1     7     8     5     5     0     1   -79.0  -13.657  -29.638   4488.9    595.2
     1     1     7     8     5     4     0     2   -80.0  -13.885  -29.352   4533.5    592.1
     1     1     7     8     5     3     0     3   -81.0  -14.129  -29.074   4582.1    588.8
     1     1     7     8     5     2     0     2   -82.0  -14.376  -28.807   4638.4    585.2
     1     1     7     8     5     1     0     1   -83.0  -14.621  -28.554   4708.1    580.2
     1     1     7     8     5     0     0     0   -84.0  -14.869  -28.313   4790.0    574.4
     1     1     7     8     4    23     0     1   -85.0  -15.128  -28.083   4874.5    567.6
     1     1     7     8     4    22     0     2   -86.0  -15.400  -27.870   4952.8    562.0
     1     1     7     8     4    21     0     3   -87.0  -15.683  -27.678   5027.5    556.8
     1     1     7     8     4    20     0     2   -88.0  -15.975  -27.505   5095.7    551.8
     1     1     7     8     4    19     0     1   -89.0  -16.267  -27.352   5153.2    547.9
     1     1     7     8     4    18     0     0   -90.0  -16.560  -27.220   5203.7    544.7
     1     1     7     8     4    17     0     1   -91.0  -16.852  -27.110   5251.1    541.6
     1     1     7     8     4    16     0     2   -92.0  -17.141  -27.023   5295.8    538.4
     1     1     7     8     4    15     0     3   -93.0  -17.424  -26.956   5338.5    535.3
     1     1     7     8     4    14     0     2   -94.0  -17.702  -26.907   5380.2    532.2
     1     1     7     8     4    13     0     1   -95.0  -17.980  -26.874   5416.4    529.3
     1     1     7     8     4    12     0     0   -96.0  -18.259  -26.857   5438.4    527.8
     1     1     7     8     4    11     0     1   -97.0  -18.536  -26.860   5446.2    528.0
     1     1     7     8     4    10     0     2   -98.0  -18.805  -26.881   5454.9    527.9
     1     1     7     8     4     9     0     3   -99.0  -19.071  -26.918   5476.5    526.9
     1     1     7     8     4     8     0     2  -100.0  -19.332  -26.973   5516.8    524.1
     1     1     7     8     4     7     0     1  -101.0  -19.587  -27.050   5575.1    520.1
     1     1     7     8     4     6     0     0  -102.0  -19.844  -27.146   5649.8    515.1
     1     1     7     8     4     5     0     1  -103.0  -20.101  -27.259   5725.6    509.2
     1     1     7     8     4     4     0     2  -104.0  -20.354  -27.388   5793.4    505.1
     1     1     7     8     4     3     0     3  -105.0  -20.612  -27.529   5866.1    500.7
     1     1     7     8     4     2     0     2  -106.0  -20.878  -27.682   5947.6    495.0
     1     1     7     8     4     1     0     1  -107.0  -21.154  -27.850   6032.6    489.2
     1     1     7     8     4     0     0     0  -108.0  -21.446  -28.034   6115.6    484.1
     1     1     7     8     3    23     0     1  -109.0  -21.745  -28.242   6190.9    479.4
     1     1     7     8     3    22     0     2  -110.0  -22.043  -28.481   6252.1    475.3
     1     1     7     8     3    21     0     3  -111.0  -22.351  -28.753   6295.0    472.1
     1     1     7     8     3    20     0     2  -112.0  -22.674  -29.062   6324.8    470.0
     1     1     7     8     3    19     0     1  -113.0  -22.998  -29.409   6350.0    468.6
     1     1     7     8     3    18     0     0  -114.0  -23.331  -29.794   6384.5    467.7
     1     1     7     8     3    17     0     1  -115.0  -23.675  -30.228   6424.6    464.5
     1     1     7     8     3    16     0     2  -116.0  -24.022  -30.715   6463.4    462.1
     1     1     7     8     3    15     0     3  -117.0  -24.385  -31.245   6498.8    459.6
     1     1     7     8     3    14     0     2  -118.0  -24.754  -31.823   6533.3    457.2
     1     1     7     8     3    13     0     1  -119.0  -25.113  -32.457   6583.3    454.5
     1     1     7     8     3    12     0     0  -120.0  -25.466  -33.148   6635.5    451.0
