     7     1
    GDAS     7     7    22     0     0
    GDAS     7     8     8     0     0
    GDAS     7     8    15     0     0
    GDAS     7     8    22     0     0
    GDAS     7     8    29     0     0
    GDAS     7     8     1     0     0
    GDAS     7     7    29     0     0
     1 BACKWARD OMEGA   
     7     8    20    12  -23.561  -46.740  4000.0
     1 PRESSURE
     1     1     7     8    20    12     0     0     0.0  -23.561  -46.740   4000.0    584.6
     1     1     7     8    20    11     0     1    -1.0  -23.714  -47.259   3945.9    586.5
     1     1     7     8    20    10     0     2    -2.0  -23.878  -47.794   3874.9    590.3
     1     1     7     8    20     9     0     3    -3.0  -24.039  -48.367   3804.1    593.2
     1     1     7     8    20     8     0     2    -4.0  -24.185  -48.982   3777.9    594.2
     1     1     7     8    20     7     0     1    -5.0  -24.314  -49.638   3799.4    587.2
     1     1     7     8    20     6     0     0    -6.0  -24.426  -50.357   3853.9    579.3
     1     1     7     8    20     5     0     1    -7.0  -24.508  -51.111   3948.4    574.5
     1     1     7     8    20     4     0     2    -8.0  -24.560  -51.864   4090.5    570.5
     1     1     7     8    20     3     0     3    -9.0  -24.572  -52.637   4282.7    565.1
     1     1     7     8    20     2     0     2   -10.0  -24.553  -53.416   4461.2    560.4
     1     1     7     8    20     1     0     1   -11.0  -24.535  -54.190   4574.8    560.0
     1     1     7     8    20     0     0     0   -12.0  -24.509  -54.976   4625.3    562.1
     1     1     7     8    19    23     0     1   -13.0  -24.479  -55.760   4637.1    564.3
     1     1     7     8    19    22     0     2   -14.0  -24.469  -56.522   4645.4    568.9
     1     1     7     8    19    21     0     3   -15.0  -24.498  -57.268   4632.0    573.8
     1     1     7     8    19    20     0     2   -16.0  -24.528  -58.014   4582.1    576.6
     1     1     7     8    19    19     0     1   -17.0  -24.516  -58.743   4513.2    582.0
     1     1     7     8    19    18     0     0   -18.0  -24.450  -59.452   4427.9    587.3
     1     1     7     8    19    17     0     1   -19.0  -24.319  -60.124   4339.0    593.9
     1     1     7     8    19    16     0     2   -20.0  -24.118  -60.740   4249.9    599.3
     1     1     7     8    19    15     0     3   -21.0  -23.863  -61.299   4170.1    604.0
     1     1     7     8    19    14     0     2   -22.0  -23.605  -61.796   4111.7    609.4
     1     1     7     8    19    13     0     1   -23.0  -23.374  -62.241   4051.3    612.0
     1     1     7     8    19    12     0     0   -24.0  -23.162  -62.649   3976.7    610.7
     1     1     7     8    19    11     0     1   -25.0  -22.961  -63.016   3903.9    609.3
     1     1     7     8    19    10     0     2   -26.0  -22.769  -63.333   3867.0    612.3
     1     1     7     8    19     9     0     3   -27.0  -22.585  -63.611   3850.1    607.1
     1     1     7     8    19     8     0     2   -28.0  -22.415  -63.877   3845.9    597.0
     1     1     7     8    19     7     0     1   -29.0  -22.272  -64.179   3782.9    565.4
     1     1     7     8    19     6     0     0   -30.0  -22.161  -64.591   3620.8    512.7
     1     1     7     8    19     5     0     1   -31.0  -22.065  -65.175   3412.1    457.6
     1     1     7     8    19     4     0     2   -32.0  -21.933  -65.931   3292.1    422.5
     1     1     7     8    19     3     0     3   -33.0  -21.764  -66.802   3368.9    399.5
     1     1     7     8    19     2     0     2   -34.0  -21.582  -67.701   3595.1    382.4
     1     1     7     8    19     1     0     1   -35.0  -21.420  -68.534   3934.0    407.4
     1     1     7     8    19     0     0     0   -36.0  -21.332  -69.180   4220.6    454.0
     1     1     7     8    18    23     0     1   -37.0  -21.266  -69.634   4417.3    506.5
     1     1     7     8    18    22     0     2   -38.0  -21.194  -69.949   4518.1    551.1
     1     1     7     8    18    21     0     3   -39.0  -21.111  -70.194   4512.7    568.4
     1     1     7     8    18    20     0     2   -40.0  -21.021  -70.412   4497.5    576.3
     1     1     7     8    18    19     0     1   -41.0  -20.926  -70.617   4490.1    580.3
     1     1     7     8    18    18     0     0   -42.0  -20.824  -70.815   4496.5    583.5
     1     1     7     8    18    17     0     1   -43.0  -20.728  -71.006   4516.3    586.3
     1     1     7     8    18    16     0     2   -44.0  -20.651  -71.188   4536.9    586.3
     1     1     7     8    18    15     0     3   -45.0  -20.591  -71.363   4563.1    585.7
     1     1     7     8    18    14     0     2   -46.0  -20.544  -71.528   4596.3    584.2
     1     1     7     8    18    13     0     1   -47.0  -20.509  -71.681   4635.5    581.9
     1     1     7     8    18    12     0     0   -48.0  -20.482  -71.820   4678.6    579.2
     1     1     7     8    18    11     0     1   -49.0  -20.459  -71.959   4717.0    576.6
     1     1     7     8    18    10     0     2   -50.0  -20.434  -72.109   4742.2    574.6
     1     1     7     8    18     9     0     3   -51.0  -20.404  -72.269   4758.9    572.9
     1     1     7     8    18     8     0     2   -52.0  -20.368  -72.429   4769.8    571.7
     1     1     7     8    18     7     0     1   -53.0  -20.326  -72.578   4773.5    571.1
     1     1     7     8    18     6     0     0   -54.0  -20.283  -72.717   4767.9    571.2
     1     1     7     8    18     5     0     1   -55.0  -20.240  -72.845   4761.7    572.1
     1     1     7     8    18     4     0     2   -56.0  -20.199  -72.965   4765.6    571.7
     1     1     7     8    18     3     0     3   -57.0  -20.160  -73.077   4781.0    570.8
     1     1     7     8    18     2     0     2   -58.0  -20.123  -73.182   4799.2    569.2
     1     1     7     8    18     1     0     1   -59.0  -20.089  -73.279   4811.8    568.5
     1     1     7     8    18     0     0     0   -60.0  -20.058  -73.367   4819.5    568.1
     1     1     7     8    17    23     0     1   -61.0  -20.031  -73.456   4833.4    567.8
     1     1     7     8    17    22     0     2   -62.0  -20.010  -73.554   4863.8    565.7
     1     1     7     8    17    21     0     3   -63.0  -19.993  -73.662   4910.1    562.4
     1     1     7     8    17    20     0     2   -64.0  -19.976  -73.782   4966.5    558.6
     1     1     7     8    17    19     0     1   -65.0  -19.954  -73.911   5028.6    554.8
     1     1     7     8    17    18     0     0   -66.0  -19.926  -74.050   5097.4    550.4
     1     1     7     8    17    17     0     1   -67.0  -19.904  -74.194   5172.0    545.1
     1     1     7     8    17    16     0     2   -68.0  -19.900  -74.333   5253.4    539.4
     1     1     7     8    17    15     0     3   -69.0  -19.908  -74.469   5341.4    533.4
     1     1     7     8    17    14     0     2   -70.0  -19.922  -74.614   5415.1    526.7
     1     1     7     8    17    13     0     1   -71.0  -19.938  -74.773   5452.9    523.7
     1     1     7     8    17    12     0     0   -72.0  -19.957  -74.942   5453.4    523.2
     1     1     7     8    17    11     0     1   -73.0  -19.984  -75.122   5440.7    525.5
     1     1     7     8    17    10     0     2   -74.0  -20.017  -75.318   5437.4    525.9
     1     1     7     8    17     9     0     3   -75.0  -20.054  -75.529   5444.4    525.8
     1     1     7     8    17     8     0     2   -76.0  -20.084  -75.749   5463.1    525.2
     1     1     7     8    17     7     0     1   -77.0  -20.094  -75.973   5494.8    523.8
     1     1     7     8    17     6     0     0   -78.0  -20.082  -76.198   5538.2    520.7
     1     1     7     8    17     5     0     1   -79.0  -20.053  -76.422   5588.5    516.6
     1     1     7     8    17     4     0     2   -80.0  -20.011  -76.641   5637.9    512.9
     1     1     7     8    17     3     0     3   -81.0  -19.958  -76.858   5682.7    509.6
     1     1     7     8    17     2     0     2   -82.0  -19.902  -77.074   5722.1    506.9
     1     1     7     8    17     1     0     1   -83.0  -19.851  -77.290   5757.7    504.7
     1     1     7     8    17     0     0     0   -84.0  -19.808  -77.505   5790.4    502.7
     1     1     7     8    16    23     0     1   -85.0  -19.779  -77.725   5825.6    500.8
     1     1     7     8    16    22     0     2   -86.0  -19.775  -77.957   5867.5    498.1
     1     1     7     8    16    21     0     3   -87.0  -19.794  -78.203   5914.1    494.9
     1     1     7     8    16    20     0     2   -88.0  -19.828  -78.463   5970.5    491.6
     1     1     7     8    16    19     0     1   -89.0  -19.869  -78.735   6043.2    487.0
     1     1     7     8    16    18     0     0   -90.0  -19.917  -79.025   6136.6    481.1
     1     1     7     8    16    17     0     1   -91.0  -19.968  -79.333   6241.1    473.9
     1     1     7     8    16    16     0     2   -92.0  -20.018  -79.661   6339.1    468.2
     1     1     7     8    16    15     0     3   -93.0  -20.069  -80.011   6428.8    463.0
     1     1     7     8    16    14     0     2   -94.0  -20.127  -80.378   6499.7    457.6
     1     1     7     8    16    13     0     1   -95.0  -20.190  -80.760   6548.4    453.8
     1     1     7     8    16    12     0     0   -96.0  -20.256  -81.158   6576.1    451.9
     1     1     7     8    16    11     0     1   -97.0  -20.326  -81.562   6607.1    451.8
     1     1     7     8    16    10     0     2   -98.0  -20.400  -81.970   6654.7    449.0
     1     1     7     8    16     9     0     3   -99.0  -20.473  -82.391   6702.4    445.2
     1     1     7     8    16     8     0     2  -100.0  -20.548  -82.818   6744.7    442.3
     1     1     7     8    16     7     0     1  -101.0  -20.620  -83.245   6781.7    440.4
     1     1     7     8    16     6     0     0  -102.0  -20.687  -83.680   6814.6    439.3
     1     1     7     8    16     5     0     1  -103.0  -20.762  -84.120   6844.1    437.8
     1     1     7     8    16     4     0     2  -104.0  -20.853  -84.563   6872.2    435.6
     1     1     7     8    16     3     0     3  -105.0  -20.952  -85.017   6905.2    433.0
     1     1     7     8    16     2     0     2  -106.0  -21.053  -85.477   6952.8    431.0
     1     1     7     8    16     1     0     1  -107.0  -21.154  -85.943   7010.1    428.0
     1     1     7     8    16     0     0     0  -108.0  -21.251  -86.416   7067.6    424.2
     1     1     7     8    15    23     0     1  -109.0  -21.350  -86.894   7122.2    420.3
     1     1     7     8    15    22     0     2  -110.0  -21.450  -87.371   7161.2    417.7
     1     1     7     8    15    21     0     3  -111.0  -21.543  -87.848   7167.8    417.3
     1     1     7     8    15    20     0     2  -112.0  -21.630  -88.317   7159.6    419.2
     1     1     7     8    15    19     0     1  -113.0  -21.717  -88.775   7157.9    419.2
     1     1     7     8    15    18     0     0  -114.0  -21.799  -89.219   7153.7    419.4
     1     1     7     8    15    17     0     1  -115.0  -21.895  -89.641   7152.6    420.1
     1     1     7     8    15    16     0     2  -116.0  -22.023  -90.034   7163.6    419.3
     1     1     7     8    15    15     0     3  -117.0  -22.178  -90.405   7182.3    417.9
     1     1     7     8    15    14     0     2  -118.0  -22.350  -90.766   7211.3    416.2
     1     1     7     8    15    13     0     1  -119.0  -22.536  -91.129   7253.6    413.7
     1     1     7     8    15    12     0     0  -120.0  -22.736  -91.496   7305.7    410.1
