     7     1
    GDAS     7     7    22     0     0
    GDAS     7     8     8     0     0
    GDAS     7     8    15     0     0
    GDAS     7     8    22     0     0
    GDAS     7     8    29     0     0
    GDAS     7     8     1     0     0
    GDAS     7     7    29     0     0
     1 BACKWARD OMEGA   
     7     8    17     6  -23.561  -46.740  4000.0
     1 PRESSURE
     1     1     7     8    17     6     0     0     0.0  -23.561  -46.740   4000.0    588.4
     1     1     7     8    17     5     0     1    -1.0  -23.423  -46.702   3995.0    585.7
     1     1     7     8    17     4     0     2    -2.0  -23.290  -46.646   3986.0    582.6
     1     1     7     8    17     3     0     3    -3.0  -23.163  -46.571   3968.5    579.4
     1     1     7     8    17     2     0     2    -4.0  -23.038  -46.480   3956.8    575.4
     1     1     7     8    17     1     0     1    -5.0  -22.914  -46.373   3976.0    570.0
     1     1     7     8    17     0     0     0    -6.0  -22.794  -46.253   4025.6    563.9
     1     1     7     8    16    23     0     1    -7.0  -22.692  -46.121   4080.2    555.7
     1     1     7     8    16    22     0     2    -8.0  -22.619  -45.986   4114.3    550.9
     1     1     7     8    16    21     0     3    -9.0  -22.571  -45.851   4128.1    550.1
     1     1     7     8    16    20     0     2   -10.0  -22.541  -45.716   4117.8    551.7
     1     1     7     8    16    19     0     1   -11.0  -22.527  -45.579   4089.5    554.3
     1     1     7     8    16    18     0     0   -12.0  -22.525  -45.442   4045.4    558.0
     1     1     7     8    16    17     0     1   -13.0  -22.529  -45.304   4007.9    562.9
     1     1     7     8    16    16     0     2   -14.0  -22.535  -45.166   4002.2    564.3
     1     1     7     8    16    15     0     3   -15.0  -22.549  -45.027   4033.2    563.4
     1     1     7     8    16    14     0     2   -16.0  -22.570  -44.890   4084.5    561.7
     1     1     7     8    16    13     0     1   -17.0  -22.586  -44.753   4123.6    563.1
     1     1     7     8    16    12     0     0   -18.0  -22.596  -44.613   4146.1    565.8
     1     1     7     8    16    11     0     1   -19.0  -22.591  -44.467   4150.0    569.2
     1     1     7     8    16    10     0     2   -20.0  -22.568  -44.315   4135.8    573.4
     1     1     7     8    16     9     0     3   -21.0  -22.526  -44.158   4107.7    577.8
     1     1     7     8    16     8     0     2   -22.0  -22.476  -43.988   4089.0    582.7
     1     1     7     8    16     7     0     1   -23.0  -22.428  -43.805   4099.5    583.0
     1     1     7     8    16     6     0     0   -24.0  -22.385  -43.611   4142.9    581.4
     1     1     7     8    16     5     0     1   -25.0  -22.347  -43.400   4204.0    578.3
     1     1     7     8    16     4     0     2   -26.0  -22.314  -43.161   4262.3    576.9
     1     1     7     8    16     3     0     3   -27.0  -22.284  -42.886   4311.3    576.9
     1     1     7     8    16     2     0     2   -28.0  -22.264  -42.581   4346.6    578.1
     1     1     7     8    16     1     0     1   -29.0  -22.261  -42.257   4366.0    581.8
     1     1     7     8    16     0     0     0   -30.0  -22.272  -41.917   4372.7    587.9
     1     1     7     8    15    23     0     1   -31.0  -22.286  -41.582   4386.3    595.8
     1     1     7     8    15    22     0     2   -32.0  -22.291  -41.274   4415.2    600.0
     1     1     7     8    15    21     0     3   -33.0  -22.287  -40.993   4452.2    602.7
     1     1     7     8    15    20     0     2   -34.0  -22.281  -40.728   4477.5    600.0
     1     1     7     8    15    19     0     1   -35.0  -22.280  -40.469   4505.9    597.1
     1     1     7     8    15    18     0     0   -36.0  -22.283  -40.210   4537.8    594.0
     1     1     7     8    15    17     0     1   -37.0  -22.298  -39.936   4566.9    591.1
     1     1     7     8    15    16     0     2   -38.0  -22.331  -39.639   4589.1    589.9
     1     1     7     8    15    15     0     3   -39.0  -22.384  -39.321   4605.0    589.3
     1     1     7     8    15    14     0     2   -40.0  -22.452  -38.996   4623.2    588.5
     1     1     7     8    15    13     0     1   -41.0  -22.535  -38.680   4649.3    586.5
     1     1     7     8    15    12     0     0   -42.0  -22.631  -38.376   4686.4    584.2
     1     1     7     8    15    11     0     1   -43.0  -22.742  -38.090   4735.9    580.3
     1     1     7     8    15    10     0     2   -44.0  -22.870  -37.831   4791.3    575.6
     1     1     7     8    15     9     0     3   -45.0  -23.007  -37.595   4848.0    570.8
     1     1     7     8    15     8     0     2   -46.0  -23.146  -37.374   4905.9    566.4
     1     1     7     8    15     7     0     1   -47.0  -23.284  -37.161   4965.2    562.2
     1     1     7     8    15     6     0     0   -48.0  -23.423  -36.959   5028.3    557.7
     1     1     7     8    15     5     0     1   -49.0  -23.573  -36.769   5088.2    553.5
     1     1     7     8    15     4     0     2   -50.0  -23.743  -36.597   5135.0    550.6
     1     1     7     8    15     3     0     3   -51.0  -23.926  -36.439   5166.1    548.7
     1     1     7     8    15     2     0     2   -52.0  -24.118  -36.300   5192.8    547.7
     1     1     7     8    15     1     0     1   -53.0  -24.316  -36.183   5227.6    545.0
     1     1     7     8    15     0     0     0   -54.0  -24.516  -36.087   5269.0    541.7
     1     1     7     8    14    23     0     1   -55.0  -24.715  -36.008   5311.2    537.9
     1     1     7     8    14    22     0     2   -56.0  -24.908  -35.942   5353.2    534.6
     1     1     7     8    14    21     0     3   -57.0  -25.096  -35.885   5400.2    531.4
     1     1     7     8    14    20     0     2   -58.0  -25.283  -35.837   5463.2    528.0
     1     1     7     8    14    19     0     1   -59.0  -25.472  -35.797   5549.6    522.3
     1     1     7     8    14    18     0     0   -60.0  -25.664  -35.770   5655.9    515.3
     1     1     7     8    14    17     0     1   -61.0  -25.874  -35.761   5766.9    507.4
     1     1     7     8    14    16     0     2   -62.0  -26.118  -35.770   5867.8    500.8
     1     1     7     8    14    15     0     3   -63.0  -26.394  -35.801   5958.2    494.7
     1     1     7     8    14    14     0     2   -64.0  -26.691  -35.861   6044.7    489.1
     1     1     7     8    14    13     0     1   -65.0  -27.001  -35.952   6131.2    483.0
     1     1     7     8    14    12     0     0   -66.0  -27.325  -36.072   6223.5    477.7
     1     1     7     8    14    11     0     1   -67.0  -27.645  -36.209   6314.4    471.6
     1     1     7     8    14    10     0     2   -68.0  -27.954  -36.352   6400.5    466.2
     1     1     7     8    14     9     0     3   -69.0  -28.262  -36.494   6486.2    460.7
     1     1     7     8    14     8     0     2   -70.0  -28.576  -36.642   6580.9    455.3
     1     1     7     8    14     7     0     1   -71.0  -28.904  -36.815   6685.3    448.7
     1     1     7     8    14     6     0     0   -72.0  -29.256  -37.018   6785.7    442.3
     1     1     7     8    14     5     0     1   -73.0  -29.613  -37.262   6878.3    437.0
     1     1     7     8    14     4     0     2   -74.0  -29.963  -37.557   6978.8    431.9
     1     1     7     8    14     3     0     3   -75.0  -30.321  -37.913   7091.4    424.9
     1     1     7     8    14     2     0     2   -76.0  -30.679  -38.321   7179.3    417.8
     1     1     7     8    14     1     0     1   -77.0  -31.015  -38.776   7235.8    416.0
     1     1     7     8    14     0     0     0   -78.0  -31.337  -39.303   7284.9    413.5
     1     1     7     8    13    23     0     1   -79.0  -31.639  -39.914   7309.7    409.8
     1     1     7     8    13    22     0     2   -80.0  -31.895  -40.601   7304.2    410.5
     1     1     7     8    13    21     0     3   -81.0  -32.082  -41.370   7277.6    412.6
     1     1     7     8    13    20     0     2   -82.0  -32.191  -42.194   7242.9    414.0
     1     1     7     8    13    19     0     1   -83.0  -32.243  -43.004   7191.3    417.3
     1     1     7     8    13    18     0     0   -84.0  -32.231  -43.801   7099.7    422.0
     1     1     7     8    13    17     0     1   -85.0  -32.167  -44.579   7007.7    428.2
     1     1     7     8    13    16     0     2   -86.0  -32.059  -45.308   6961.1    431.4
     1     1     7     8    13    15     0     3   -87.0  -31.891  -45.984   6968.3    431.9
     1     1     7     8    13    14     0     2   -88.0  -31.702  -46.639   6996.0    428.3
     1     1     7     8    13    13     0     1   -89.0  -31.509  -47.280   6988.2    429.4
     1     1     7     8    13    12     0     0   -90.0  -31.302  -47.873   6956.9    430.7
     1     1     7     8    13    11     0     1   -91.0  -31.091  -48.440   6920.4    433.4
     1     1     7     8    13    10     0     2   -92.0  -30.893  -49.024   6869.8    436.5
     1     1     7     8    13     9     0     3   -93.0  -30.719  -49.634   6780.0    440.6
     1     1     7     8    13     8     0     2   -94.0  -30.549  -50.254   6653.8    447.8
     1     1     7     8    13     7     0     1   -95.0  -30.361  -50.865   6512.1    456.8
     1     1     7     8    13     6     0     0   -96.0  -30.159  -51.473   6375.2    464.3
     1     1     7     8    13     5     0     1   -97.0  -29.936  -52.079   6241.7    470.1
     1     1     7     8    13     4     0     2   -98.0  -29.693  -52.680   6055.8    471.6
     1     1     7     8    13     3     0     3   -99.0  -29.440  -53.265   5842.1    480.1
     1     1     7     8    13     2     0     2  -100.0  -29.181  -53.838   5649.2    495.2
     1     1     7     8    13     1     0     1  -101.0  -28.912  -54.408   5486.1    505.3
     1     1     7     8    13     0     0     0  -102.0  -28.630  -54.967   5368.4    515.5
     1     1     7     8    12    23     0     1  -103.0  -28.326  -55.502   5285.5    527.6
     1     1     7     8    12    22     0     2  -104.0  -28.004  -56.025   5208.8    535.9
     1     1     7     8    12    21     0     3  -105.0  -27.683  -56.534   5157.5    541.2
     1     1     7     8    12    20     0     2  -106.0  -27.353  -57.018   5102.9    545.3
     1     1     7     8    12    19     0     1  -107.0  -26.998  -57.489   5009.0    551.7
     1     1     7     8    12    18     0     0  -108.0  -26.624  -57.952   4879.7    559.7
     1     1     7     8    12    17     0     1  -109.0  -26.225  -58.386   4766.9    570.6
     1     1     7     8    12    16     0     2  -110.0  -25.794  -58.796   4700.4    577.4
     1     1     7     8    12    15     0     3  -111.0  -25.346  -59.185   4664.6    579.2
     1     1     7     8    12    14     0     2  -112.0  -24.900  -59.547   4645.6    576.3
     1     1     7     8    12    13     0     1  -113.0  -24.462  -59.880   4631.3    576.4
     1     1     7     8    12    12     0     0  -114.0  -24.028  -60.187   4617.9    578.8
     1     1     7     8    12    11     0     1  -115.0  -23.600  -60.473   4597.1    577.8
     1     1     7     8    12    10     0     2  -116.0  -23.181  -60.742   4565.5    575.6
     1     1     7     8    12     9     0     3  -117.0  -22.765  -60.988   4527.5    574.9
     1     1     7     8    12     8     0     2  -118.0  -22.344  -61.206   4486.4    579.7
     1     1     7     8    12     7     0     1  -119.0  -21.907  -61.391   4421.7    585.2
     1     1     7     8    12     6     0     0  -120.0  -21.464  -61.531   4350.6    589.5
