     7     1
    GDAS     7     7    22     0     0
    GDAS     7     8     8     0     0
    GDAS     7     8    15     0     0
    GDAS     7     8    22     0     0
    GDAS     7     8    29     0     0
    GDAS     7     8     1     0     0
    GDAS     7     7    29     0     0
     1 BACKWARD OMEGA   
     7     8     2    12  -23.561  -46.740  4000.0
     1 PRESSURE
     1     1     7     8     2    12     0     0     0.0  -23.561  -46.740   4000.0    587.8
     1     1     7     8     2    11     0     1    -1.0  -23.589  -47.044   4013.1    584.0
     1     1     7     8     2    10     0     2    -2.0  -23.616  -47.355   4022.0    584.1
     1     1     7     8     2     9     0     3    -3.0  -23.643  -47.671   4022.7    584.3
     1     1     7     8     2     8     0     2    -4.0  -23.666  -48.002   4025.2    584.7
     1     1     7     8     2     7     0     1    -5.0  -23.675  -48.359   4035.9    580.8
     1     1     7     8     2     6     0     0    -6.0  -23.666  -48.748   4071.2    574.7
     1     1     7     8     2     5     0     1    -7.0  -23.627  -49.162   4119.6    568.5
     1     1     7     8     2     4     0     2    -8.0  -23.554  -49.577   4158.9    568.4
     1     1     7     8     2     3     0     3    -9.0  -23.453  -49.975   4175.9    572.0
     1     1     7     8     2     2     0     2   -10.0  -23.331  -50.352   4176.4    576.2
     1     1     7     8     2     1     0     1   -11.0  -23.193  -50.714   4172.9    579.6
     1     1     7     8     2     0     0     0   -12.0  -23.044  -51.063   4163.0    583.7
     1     1     7     8     1    23     0     1   -13.0  -22.887  -51.393   4148.8    588.2
     1     1     7     8     1    22     0     2   -14.0  -22.725  -51.703   4136.9    592.1
     1     1     7     8     1    21     0     3   -15.0  -22.557  -51.996   4129.2    596.2
     1     1     7     8     1    20     0     2   -16.0  -22.387  -52.277   4115.8    597.9
     1     1     7     8     1    19     0     1   -17.0  -22.215  -52.546   4102.4    599.1
     1     1     7     8     1    18     0     0   -18.0  -22.038  -52.808   4092.1    599.5
     1     1     7     8     1    17     0     1   -19.0  -21.861  -53.059   4085.8    599.7
     1     1     7     8     1    16     0     2   -20.0  -21.692  -53.288   4078.3    601.1
     1     1     7     8     1    15     0     3   -21.0  -21.531  -53.496   4062.0    602.1
     1     1     7     8     1    14     0     2   -22.0  -21.374  -53.686   4036.1    602.2
     1     1     7     8     1    13     0     1   -23.0  -21.219  -53.860   3999.5    602.3
     1     1     7     8     1    12     0     0   -24.0  -21.066  -54.019   3951.6    602.6
     1     1     7     8     1    11     0     1   -25.0  -20.921  -54.166   3909.3    605.3
     1     1     7     8     1    10     0     2   -26.0  -20.787  -54.305   3881.0    607.1
     1     1     7     8     1     9     0     3   -27.0  -20.662  -54.438   3863.9    608.3
     1     1     7     8     1     8     0     2   -28.0  -20.543  -54.565   3854.3    609.7
     1     1     7     8     1     7     0     1   -29.0  -20.431  -54.683   3849.4    611.2
     1     1     7     8     1     6     0     0   -30.0  -20.325  -54.792   3849.1    612.5
     1     1     7     8     1     5     0     1   -31.0  -20.223  -54.889   3854.1    613.8
     1     1     7     8     1     4     0     2   -32.0  -20.129  -54.969   3865.3    614.6
     1     1     7     8     1     3     0     3   -33.0  -20.043  -55.029   3882.7    614.8
     1     1     7     8     1     2     0     2   -34.0  -19.966  -55.081   3910.2    613.9
     1     1     7     8     1     1     0     1   -35.0  -19.899  -55.138   3951.8    611.6
     1     1     7     8     1     0     0     0   -36.0  -19.845  -55.198   4007.3    608.3
     1     1     7     7    31    23     0     1   -37.0  -19.810  -55.266   4064.9    603.9
     1     1     7     7    31    22     0     2   -38.0  -19.792  -55.349   4113.5    601.3
     1     1     7     7    31    21     0     3   -39.0  -19.787  -55.446   4154.5    599.5
     1     1     7     7    31    20     0     2   -40.0  -19.788  -55.553   4192.8    598.7
     1     1     7     7    31    19     0     1   -41.0  -19.787  -55.662   4232.1    597.5
     1     1     7     7    31    18     0     0   -42.0  -19.784  -55.775   4271.4    596.3
     1     1     7     7    31    17     0     1   -43.0  -19.781  -55.888   4302.7    595.5
     1     1     7     7    31    16     0     2   -44.0  -19.782  -55.996   4318.4    596.2
     1     1     7     7    31    15     0     3   -45.0  -19.787  -56.099   4315.5    596.7
     1     1     7     7    31    14     0     2   -46.0  -19.799  -56.204   4308.2    597.8
     1     1     7     7    31    13     0     1   -47.0  -19.825  -56.320   4306.5    597.6
     1     1     7     7    31    12     0     0   -48.0  -19.866  -56.446   4309.3    597.1
     1     1     7     7    31    11     0     1   -49.0  -19.921  -56.588   4315.9    596.0
     1     1     7     7    31    10     0     2   -50.0  -19.988  -56.753   4326.7    594.7
     1     1     7     7    31     9     0     3   -51.0  -20.065  -56.943   4341.7    592.6
     1     1     7     7    31     8     0     2   -52.0  -20.138  -57.156   4358.6    591.1
     1     1     7     7    31     7     0     1   -53.0  -20.199  -57.382   4371.7    591.3
     1     1     7     7    31     6     0     0   -54.0  -20.250  -57.620   4383.3    592.1
     1     1     7     7    31     5     0     1   -55.0  -20.286  -57.862   4398.2    593.4
     1     1     7     7    31     4     0     2   -56.0  -20.302  -58.099   4415.0    593.3
     1     1     7     7    31     3     0     3   -57.0  -20.303  -58.330   4429.8    592.0
     1     1     7     7    31     2     0     2   -58.0  -20.296  -58.558   4443.6    590.5
     1     1     7     7    31     1     0     1   -59.0  -20.293  -58.787   4457.1    589.2
     1     1     7     7    31     0     0     0   -60.0  -20.296  -59.018   4473.3    587.6
     1     1     7     7    30    23     0     1   -61.0  -20.298  -59.245   4504.7    585.0
     1     1     7     7    30    22     0     2   -62.0  -20.298  -59.463   4567.5    579.4
     1     1     7     7    30    21     0     3   -63.0  -20.302  -59.675   4666.0    571.4
     1     1     7     7    30    20     0     2   -64.0  -20.321  -59.883   4769.0    560.8
     1     1     7     7    30    19     0     1   -65.0  -20.350  -60.086   4836.0    555.3
     1     1     7     7    30    18     0     0   -66.0  -20.383  -60.285   4856.6    553.5
     1     1     7     7    30    17     0     1   -67.0  -20.417  -60.498   4848.5    555.8
     1     1     7     7    30    16     0     2   -68.0  -20.458  -60.749   4833.1    557.0
     1     1     7     7    30    15     0     3   -69.0  -20.505  -61.036   4807.6    558.4
     1     1     7     7    30    14     0     2   -70.0  -20.559  -61.353   4772.8    557.2
     1     1     7     7    30    13     0     1   -71.0  -20.624  -61.702   4749.8    554.5
     1     1     7     7    30    12     0     0   -72.0  -20.710  -62.097   4742.1    550.6
     1     1     7     7    30    11     0     1   -73.0  -20.792  -62.534   4751.6    545.2
     1     1     7     7    30    10     0     2   -74.0  -20.843  -62.995   4775.8    538.3
     1     1     7     7    30     9     0     3   -75.0  -20.855  -63.496   4754.9    515.5
     1     1     7     7    30     8     0     2   -76.0  -20.820  -64.043   4721.7    488.4
     1     1     7     7    30     7     0     1   -77.0  -20.717  -64.661   4552.1    437.8
     1     1     7     7    30     6     0     0   -78.0  -20.516  -65.365   4342.1    394.8
     1     1     7     7    30     5     0     1   -79.0  -20.205  -66.118   4185.6    369.0
     1     1     7     7    30     4     0     2   -80.0  -19.825  -66.870   4238.1    371.9
     1     1     7     7    30     3     0     3   -81.0  -19.422  -67.603   4370.8    369.4
     1     1     7     7    30     2     0     2   -82.0  -19.000  -68.315   4480.6    363.1
     1     1     7     7    30     1     0     1   -83.0  -18.547  -69.013   4410.4    339.4
     1     1     7     7    30     0     0     0   -84.0  -18.119  -69.609   4673.7    388.2
     1     1     7     7    29    23     0     1   -85.0  -17.733  -70.093   4780.1    404.0
     1     1     7     7    29    22     0     2   -86.0  -17.351  -70.530   4788.6    409.7
     1     1     7     7    29    21     0     3   -87.0  -16.963  -70.972   4766.2    402.8
     1     1     7     7    29    20     0     2   -88.0  -16.564  -71.391   4780.3    405.9
     1     1     7     7    29    19     0     1   -89.0  -16.133  -71.789   4714.0    389.9
     1     1     7     7    29    18     0     0   -90.0  -15.678  -72.196   4623.7    375.5
     1     1     7     7    29    17     0     1   -91.0  -15.188  -72.609   4482.8    348.9
     1     1     7     7    29    16     0     2   -92.0  -14.670  -73.016   4498.1    344.0
     1     1     7     7    29    15     0     3   -93.0  -14.173  -73.394   4559.1    355.3
     1     1     7     7    29    14     0     2   -94.0  -13.719  -73.731   4577.6    368.8
     1     1     7     7    29    13     0     1   -95.0  -13.306  -74.033   4618.0    383.3
     1     1     7     7    29    12     0     0   -96.0  -12.906  -74.312   4612.0    380.6
     1     1     7     7    29    11     0     1   -97.0  -12.492  -74.563   4642.0    377.6
     1     1     7     7    29    10     0     2   -98.0  -12.072  -74.775   4651.1    372.4
     1     1     7     7    29     9     0     3   -99.0  -11.677  -74.949   4780.4    397.0
     1     1     7     7    29     8     0     2  -100.0  -11.328  -75.090   4960.8    430.0
     1     1     7     7    29     7     0     1  -101.0  -11.017  -75.202   5107.0    450.1
     1     1     7     7    29     6     0     0  -102.0  -10.717  -75.289   5119.3    446.6
     1     1     7     7    29     5     0     1  -103.0  -10.422  -75.352   5132.3    448.0
     1     1     7     7    29     4     0     2  -104.0  -10.143  -75.388   5164.9    451.8
     1     1     7     7    29     3     0     3  -105.0   -9.888  -75.399   5226.4    458.0
     1     1     7     7    29     2     0     2  -106.0   -9.660  -75.388   5313.2    464.0
     1     1     7     7    29     1     0     1  -107.0   -9.456  -75.363   5409.2    469.3
     1     1     7     7    29     0     0     0  -108.0   -9.273  -75.324   5510.2    473.5
     1     1     7     7    28    23     0     1  -109.0   -9.107  -75.276   5611.1    476.2
     1     1     7     7    28    22     0     2  -110.0   -8.956  -75.225   5701.7    476.8
     1     1     7     7    28    21     0     3  -111.0   -8.815  -75.174   5774.5    475.4
     1     1     7     7    28    20     0     2  -112.0   -8.678  -75.118   5831.6    474.9
     1     1     7     7    28    19     0     1  -113.0   -8.541  -75.050   5866.3    475.9
     1     1     7     7    28    18     0     0  -114.0   -8.406  -74.968   5875.6    477.9
     1     1     7     7    28    17     0     1  -115.0   -8.279  -74.860   5878.6    480.4
     1     1     7     7    28    16     0     2  -116.0   -8.155  -74.717   5896.5    480.9
     1     1     7     7    28    15     0     3  -117.0   -8.031  -74.537   5927.2    480.7
     1     1     7     7    28    14     0     2  -118.0   -7.910  -74.334   5960.7    479.6
     1     1     7     7    28    13     0     1  -119.0   -7.796  -74.124   5988.6    479.2
     1     1     7     7    28    12     0     0  -120.0   -7.689  -73.910   6009.9    478.1
