     7     1
    GDAS     7     7    22     0     0
    GDAS     7     8     8     0     0
    GDAS     7     8    15     0     0
    GDAS     7     8    22     0     0
    GDAS     7     8    29     0     0
    GDAS     7     8     1     0     0
    GDAS     7     7    29     0     0
     1 BACKWARD OMEGA   
     7     8    28     0  -23.561  -46.740  4000.0
     1 PRESSURE
     1     1     7     8    28     0     0     0     0.0  -23.561  -46.740   4000.0    585.5
     1     1     7     8    27    23     0     1    -1.0  -23.430  -47.324   4053.8    578.4
     1     1     7     8    27    22     0     2    -2.0  -23.303  -47.930   4094.6    580.3
     1     1     7     8    27    21     0     3    -3.0  -23.193  -48.557   4098.4    574.0
     1     1     7     8    27    20     0     2    -4.0  -23.086  -49.198   4114.6    568.6
     1     1     7     8    27    19     0     1    -5.0  -22.954  -49.840   4168.9    576.8
     1     1     7     8    27    18     0     0    -6.0  -22.789  -50.496   4213.4    578.5
     1     1     7     8    27    17     0     1    -7.0  -22.587  -51.164   4262.8    576.7
     1     1     7     8    27    16     0     2    -8.0  -22.346  -51.830   4317.3    580.6
     1     1     7     8    27    15     0     3    -9.0  -22.068  -52.505   4347.9    580.6
     1     1     7     8    27    14     0     2   -10.0  -21.759  -53.181   4369.4    578.0
     1     1     7     8    27    13     0     1   -11.0  -21.420  -53.838   4381.6    574.7
     1     1     7     8    27    12     0     0   -12.0  -21.041  -54.473   4369.0    570.3
     1     1     7     8    27    11     0     1   -13.0  -20.636  -55.085   4371.4    574.3
     1     1     7     8    27    10     0     2   -14.0  -20.223  -55.663   4399.3    581.6
     1     1     7     8    27     9     0     3   -15.0  -19.807  -56.200   4434.9    586.3
     1     1     7     8    27     8     0     2   -16.0  -19.396  -56.697   4446.2    585.3
     1     1     7     8    27     7     0     1   -17.0  -18.989  -57.159   4433.9    586.6
     1     1     7     8    27     6     0     0   -18.0  -18.588  -57.589   4396.1    586.1
     1     1     7     8    27     5     0     1   -19.0  -18.206  -57.978   4333.8    586.9
     1     1     7     8    27     4     0     2   -20.0  -17.846  -58.341   4267.2    589.9
     1     1     7     8    27     3     0     3   -21.0  -17.503  -58.691   4218.6    596.2
     1     1     7     8    27     2     0     2   -22.0  -17.158  -59.039   4200.6    604.4
     1     1     7     8    27     1     0     1   -23.0  -16.800  -59.389   4212.4    599.9
     1     1     7     8    27     0     0     0   -24.0  -16.435  -59.714   4266.3    589.1
     1     1     7     8    26    23     0     1   -25.0  -16.082  -59.982   4334.3    578.5
     1     1     7     8    26    22     0     2   -26.0  -15.753  -60.201   4383.1    575.8
     1     1     7     8    26    21     0     3   -27.0  -15.446  -60.391   4404.8    575.8
     1     1     7     8    26    20     0     2   -28.0  -15.159  -60.562   4414.3    577.5
     1     1     7     8    26    19     0     1   -29.0  -14.891  -60.720   4424.9    577.8
     1     1     7     8    26    18     0     0   -30.0  -14.645  -60.872   4438.1    578.0
     1     1     7     8    26    17     0     1   -31.0  -14.430  -61.015   4457.1    578.8
     1     1     7     8    26    16     0     2   -32.0  -14.253  -61.138   4479.6    577.6
     1     1     7     8    26    15     0     3   -33.0  -14.111  -61.234   4505.5    575.8
     1     1     7     8    26    14     0     2   -34.0  -13.993  -61.306   4521.3    573.4
     1     1     7     8    26    13     0     1   -35.0  -13.892  -61.365   4514.6    573.4
     1     1     7     8    26    12     0     0   -36.0  -13.805  -61.416   4491.1    574.9
     1     1     7     8    26    11     0     1   -37.0  -13.735  -61.460   4454.4    577.2
     1     1     7     8    26    10     0     2   -38.0  -13.682  -61.493   4405.4    580.2
     1     1     7     8    26     9     0     3   -39.0  -13.642  -61.517   4342.5    584.4
     1     1     7     8    26     8     0     2   -40.0  -13.618  -61.542   4274.7    590.2
     1     1     7     8    26     7     0     1   -41.0  -13.617  -61.573   4212.9    594.8
     1     1     7     8    26     6     0     0   -42.0  -13.635  -61.608   4158.4    598.9
     1     1     7     8    26     5     0     1   -43.0  -13.665  -61.652   4120.8    602.5
     1     1     7     8    26     4     0     2   -44.0  -13.709  -61.708   4109.1    603.3
     1     1     7     8    26     3     0     3   -45.0  -13.772  -61.774   4121.9    602.0
     1     1     7     8    26     2     0     2   -46.0  -13.847  -61.856   4146.9    598.2
     1     1     7     8    26     1     0     1   -47.0  -13.920  -61.959   4171.7    594.9
     1     1     7     8    26     0     0     0   -48.0  -13.990  -62.084   4197.7    592.3
     1     1     7     8    25    23     0     1   -49.0  -14.043  -62.225   4231.5    591.0
     1     1     7     8    25    22     0     2   -50.0  -14.071  -62.371   4276.0    588.5
     1     1     7     8    25    21     0     3   -51.0  -14.078  -62.518   4333.5    585.0
     1     1     7     8    25    20     0     2   -52.0  -14.076  -62.660   4395.8    581.0
     1     1     7     8    25    19     0     1   -53.0  -14.069  -62.795   4451.8    578.1
     1     1     7     8    25    18     0     0   -54.0  -14.057  -62.924   4499.8    575.8
     1     1     7     8    25    17     0     1   -55.0  -14.041  -63.046   4549.1    573.9
     1     1     7     8    25    16     0     2   -56.0  -14.024  -63.159   4609.9    570.0
     1     1     7     8    25    15     0     3   -57.0  -14.008  -63.266   4680.0    565.2
     1     1     7     8    25    14     0     2   -58.0  -14.002  -63.363   4741.5    559.6
     1     1     7     8    25    13     0     1   -59.0  -14.007  -63.445   4779.9    556.7
     1     1     7     8    25    12     0     0   -60.0  -14.013  -63.511   4794.9    555.4
     1     1     7     8    25    11     0     1   -61.0  -14.027  -63.564   4802.0    555.8
     1     1     7     8    25    10     0     2   -62.0  -14.056  -63.606   4816.4    554.6
     1     1     7     8    25     9     0     3   -63.0  -14.101  -63.638   4839.5    552.9
     1     1     7     8    25     8     0     2   -64.0  -14.161  -63.661   4861.5    550.8
     1     1     7     8    25     7     0     1   -65.0  -14.233  -63.679   4871.4    550.3
     1     1     7     8    25     6     0     0   -66.0  -14.315  -63.692   4869.6    550.7
     1     1     7     8    25     5     0     1   -67.0  -14.403  -63.707   4862.0    552.0
     1     1     7     8    25     4     0     2   -68.0  -14.493  -63.731   4855.6    552.9
     1     1     7     8    25     3     0     3   -69.0  -14.584  -63.763   4853.5    553.6
     1     1     7     8    25     2     0     2   -70.0  -14.669  -63.806   4859.0    553.5
     1     1     7     8    25     1     0     1   -71.0  -14.742  -63.863   4872.0    552.6
     1     1     7     8    25     0     0     0   -72.0  -14.802  -63.933   4889.5    551.6
     1     1     7     8    24    23     0     1   -73.0  -14.848  -64.008   4913.9    550.4
     1     1     7     8    24    22     0     2   -74.0  -14.876  -64.074   4946.7    547.8
     1     1     7     8    24    21     0     3   -75.0  -14.888  -64.130   4986.5    544.7
     1     1     7     8    24    20     0     2   -76.0  -14.886  -64.175   5025.5    541.8
     1     1     7     8    24    19     0     1   -77.0  -14.870  -64.205   5056.9    539.9
     1     1     7     8    24    18     0     0   -78.0  -14.838  -64.220   5081.0    538.4
     1     1     7     8    24    17     0     1   -79.0  -14.798  -64.223   5109.5    537.5
     1     1     7     8    24    16     0     2   -80.0  -14.758  -64.218   5154.0    534.6
     1     1     7     8    24    15     0     3   -81.0  -14.717  -64.206   5214.7    530.7
     1     1     7     8    24    14     0     2   -82.0  -14.678  -64.192   5274.8    525.4
     1     1     7     8    24    13     0     1   -83.0  -14.648  -64.182   5315.8    522.5
     1     1     7     8    24    12     0     0   -84.0  -14.626  -64.178   5337.2    520.9
     1     1     7     8    24    11     0     1   -85.0  -14.611  -64.192   5341.9    520.6
     1     1     7     8    24    10     0     2   -86.0  -14.600  -64.235   5333.5    521.0
     1     1     7     8    24     9     0     3   -87.0  -14.594  -64.307   5313.3    522.3
     1     1     7     8    24     8     0     2   -88.0  -14.583  -64.401   5287.2    524.6
     1     1     7     8    24     7     0     1   -89.0  -14.556  -64.501   5257.6    526.9
     1     1     7     8    24     6     0     0   -90.0  -14.514  -64.608   5222.6    529.6
     1     1     7     8    24     5     0     1   -91.0  -14.463  -64.721   5196.9    533.0
     1     1     7     8    24     4     0     2   -92.0  -14.402  -64.840   5198.1    533.9
     1     1     7     8    24     3     0     3   -93.0  -14.330  -64.963   5231.1    532.9
     1     1     7     8    24     2     0     2   -94.0  -14.252  -65.080   5288.0    528.6
     1     1     7     8    24     1     0     1   -95.0  -14.178  -65.185   5361.5    523.2
     1     1     7     8    24     0     0     0   -96.0  -14.109  -65.277   5451.9    516.7
     1     1     7     8    23    23     0     1   -97.0  -14.042  -65.351   5544.2    509.4
     1     1     7     8    23    22     0     2   -98.0  -13.976  -65.406   5621.1    503.8
     1     1     7     8    23    21     0     3   -99.0  -13.911  -65.448   5680.7    499.4
     1     1     7     8    23    20     0     2  -100.0  -13.839  -65.476   5726.9    496.6
     1     1     7     8    23    19     0     1  -101.0  -13.754  -65.489   5763.7    494.3
     1     1     7     8    23    18     0     0  -102.0  -13.658  -65.485   5793.1    492.7
     1     1     7     8    23    17     0     1  -103.0  -13.562  -65.476   5827.6    491.3
     1     1     7     8    23    16     0     2  -104.0  -13.475  -65.470   5877.0    488.3
     1     1     7     8    23    15     0     3  -105.0  -13.396  -65.467   5940.0    484.4
     1     1     7     8    23    14     0     2  -106.0  -13.326  -65.463   6006.3    479.4
     1     1     7     8    23    13     0     1  -107.0  -13.261  -65.456   6065.5    475.5
     1     1     7     8    23    12     0     0  -108.0  -13.203  -65.449   6117.3    472.1
     1     1     7     8    23    11     0     1  -109.0  -13.146  -65.440   6159.8    469.0
     1     1     7     8    23    10     0     2  -110.0  -13.087  -65.425   6190.1    466.8
     1     1     7     8    23     9     0     3  -111.0  -13.026  -65.403   6206.4    465.4
     1     1     7     8    23     8     0     2  -112.0  -12.956  -65.365   6205.3    465.4
     1     1     7     8    23     7     0     1  -113.0  -12.872  -65.303   6187.2    467.0
     1     1     7     8    23     6     0     0  -114.0  -12.775  -65.219   6158.0    469.3
     1     1     7     8    23     5     0     1  -115.0  -12.679  -65.115   6136.9    472.1
     1     1     7     8    23     4     0     2  -116.0  -12.596  -64.992   6135.7    472.5
     1     1     7     8    23     3     0     3  -117.0  -12.527  -64.851   6146.8    472.3
     1     1     7     8    23     2     0     2  -118.0  -12.468  -64.705   6169.2    471.5
     1     1     7     8    23     1     0     1  -119.0  -12.413  -64.560   6209.7    469.2
     1     1     7     8    23     0     0     0  -120.0  -12.360  -64.409   6270.4    465.6
