     7     1
    GDAS     7     7    22     0     0
    GDAS     7     8     8     0     0
    GDAS     7     8    15     0     0
    GDAS     7     8    22     0     0
    GDAS     7     8    29     0     0
    GDAS     7     8     1     0     0
    GDAS     7     7    29     0     0
     1 BACKWARD OMEGA   
     7     8     9    18  -23.561  -46.740  4000.0
     1 PRESSURE
     1     1     7     8     9    18     0     0     0.0  -23.561  -46.740   4000.0    588.8
     1     1     7     8     9    17     0     1    -1.0  -23.433  -46.835   4000.6    585.9
     1     1     7     8     9    16     0     2    -2.0  -23.304  -46.926   4015.0    582.9
     1     1     7     8     9    15     0     3    -3.0  -23.176  -47.012   4043.7    580.0
     1     1     7     8     9    14     0     2    -4.0  -23.051  -47.095   4086.4    576.9
     1     1     7     8     9    13     0     1    -5.0  -22.932  -47.176   4142.1    573.3
     1     1     7     8     9    12     0     0    -6.0  -22.821  -47.255   4209.7    568.8
     1     1     7     8     9    11     0     1    -7.0  -22.713  -47.334   4260.9    563.1
     1     1     7     8     9    10     0     2    -8.0  -22.601  -47.410   4268.8    562.5
     1     1     7     8     9     9     0     3    -9.0  -22.488  -47.476   4233.3    564.8
     1     1     7     8     9     8     0     2   -10.0  -22.376  -47.538   4180.8    570.5
     1     1     7     8     9     7     0     1   -11.0  -22.262  -47.610   4140.1    573.8
     1     1     7     8     9     6     0     0   -12.0  -22.146  -47.691   4114.3    576.3
     1     1     7     8     9     5     0     1   -13.0  -22.023  -47.780   4103.5    577.8
     1     1     7     8     9     4     0     2   -14.0  -21.890  -47.873   4107.8    578.8
     1     1     7     8     9     3     0     3   -15.0  -21.748  -47.968   4125.1    578.7
     1     1     7     8     9     2     0     2   -16.0  -21.603  -48.069   4155.6    577.0
     1     1     7     8     9     1     0     1   -17.0  -21.457  -48.175   4200.8    573.9
     1     1     7     8     9     0     0     0   -18.0  -21.311  -48.287   4258.6    570.2
     1     1     7     8     8    23     0     1   -19.0  -21.161  -48.402   4311.2    565.7
     1     1     7     8     8    22     0     2   -20.0  -21.003  -48.521   4342.5    564.3
     1     1     7     8     8    21     0     3   -21.0  -20.836  -48.641   4356.9    564.6
     1     1     7     8     8    20     0     2   -22.0  -20.662  -48.754   4363.6    566.2
     1     1     7     8     8    19     0     1   -23.0  -20.486  -48.853   4371.8    566.8
     1     1     7     8     8    18     0     0   -24.0  -20.313  -48.940   4382.8    567.1
     1     1     7     8     8    17     0     1   -25.0  -20.155  -49.016   4384.7    566.9
     1     1     7     8     8    16     0     2   -26.0  -20.019  -49.082   4362.0    569.0
     1     1     7     8     8    15     0     3   -27.0  -19.904  -49.140   4312.3    572.0
     1     1     7     8     8    14     0     2   -28.0  -19.807  -49.196   4263.1    576.5
     1     1     7     8     8    13     0     1   -29.0  -19.732  -49.262   4241.1    577.6
     1     1     7     8     8    12     0     0   -30.0  -19.679  -49.340   4246.1    577.1
     1     1     7     8     8    11     0     1   -31.0  -19.626  -49.441   4258.0    574.5
     1     1     7     8     8    10     0     2   -32.0  -19.552  -49.569   4255.5    574.5
     1     1     7     8     8     9     0     3   -33.0  -19.461  -49.723   4240.4    575.5
     1     1     7     8     8     8     0     2   -34.0  -19.359  -49.894   4233.6    577.8
     1     1     7     8     8     7     0     1   -35.0  -19.248  -50.073   4254.5    576.6
     1     1     7     8     8     6     0     0   -36.0  -19.130  -50.261   4301.8    573.2
     1     1     7     8     8     5     0     1   -37.0  -19.002  -50.455   4354.0    568.2
     1     1     7     8     8     4     0     2   -38.0  -18.855  -50.649   4388.2    565.4
     1     1     7     8     8     3     0     3   -39.0  -18.691  -50.842   4404.5    563.1
     1     1     7     8     8     2     0     2   -40.0  -18.509  -51.031   4414.9    560.7
     1     1     7     8     8     1     0     1   -41.0  -18.311  -51.215   4432.7    556.1
     1     1     7     8     8     0     0     0   -42.0  -18.096  -51.399   4463.7    550.8
     1     1     7     8     7    23     0     1   -43.0  -17.873  -51.580   4499.8    545.8
     1     1     7     8     7    22     0     2   -44.0  -17.657  -51.752   4526.3    543.0
     1     1     7     8     7    21     0     3   -45.0  -17.457  -51.917   4540.5    540.8
     1     1     7     8     7    20     0     2   -46.0  -17.274  -52.079   4545.9    540.5
     1     1     7     8     7    19     0     1   -47.0  -17.104  -52.241   4545.9    541.8
     1     1     7     8     7    18     0     0   -48.0  -16.950  -52.403   4541.5    544.6
     1     1     7     8     7    17     0     1   -49.0  -16.799  -52.555   4542.2    548.6
     1     1     7     8     7    16     0     2   -50.0  -16.638  -52.686   4553.3    550.7
     1     1     7     8     7    15     0     3   -51.0  -16.463  -52.801   4577.3    551.2
     1     1     7     8     7    14     0     2   -52.0  -16.276  -52.900   4606.1    550.0
     1     1     7     8     7    13     0     1   -53.0  -16.081  -52.986   4627.8    549.2
     1     1     7     8     7    12     0     0   -54.0  -15.883  -53.064   4638.4    548.4
     1     1     7     8     7    11     0     1   -55.0  -15.690  -53.136   4645.3    547.4
     1     1     7     8     7    10     0     2   -56.0  -15.501  -53.197   4656.1    545.3
     1     1     7     8     7     9     0     3   -57.0  -15.308  -53.249   4667.0    543.1
     1     1     7     8     7     8     0     2   -58.0  -15.101  -53.285   4676.0    541.4
     1     1     7     8     7     7     0     1   -59.0  -14.876  -53.303   4685.1    541.3
     1     1     7     8     7     6     0     0   -60.0  -14.633  -53.301   4690.8    543.3
     1     1     7     8     7     5     0     1   -61.0  -14.381  -53.276   4699.5    546.5
     1     1     7     8     7     4     0     2   -62.0  -14.126  -53.221   4723.4    548.0
     1     1     7     8     7     3     0     3   -63.0  -13.866  -53.135   4763.0    548.2
     1     1     7     8     7     2     0     2   -64.0  -13.597  -53.018   4806.7    546.6
     1     1     7     8     7     1     0     1   -65.0  -13.322  -52.867   4839.5    545.6
     1     1     7     8     7     0     0     0   -66.0  -13.043  -52.684   4861.9    545.5
     1     1     7     8     6    23     0     1   -67.0  -12.756  -52.460   4873.6    544.6
     1     1     7     8     6    22     0     2   -68.0  -12.461  -52.184   4878.0    543.4
     1     1     7     8     6    21     0     3   -69.0  -12.156  -51.857   4881.1    543.0
     1     1     7     8     6    20     0     2   -70.0  -11.846  -51.482   4888.0    544.5
     1     1     7     8     6    19     0     1   -71.0  -11.542  -51.069   4897.5    547.4
     1     1     7     8     6    18     0     0   -72.0  -11.249  -50.623   4903.1    548.8
     1     1     7     8     6    17     0     1   -73.0  -10.981  -50.154   4907.8    549.8
     1     1     7     8     6    16     0     2   -74.0  -10.746  -49.667   4911.6    548.5
     1     1     7     8     6    15     0     3   -75.0  -10.542  -49.165   4916.9    545.4
     1     1     7     8     6    14     0     2   -76.0  -10.370  -48.657   4930.4    542.8
     1     1     7     8     6    13     0     1   -77.0  -10.230  -48.150   4948.9    542.6
     1     1     7     8     6    12     0     0   -78.0  -10.125  -47.636   4953.9    539.3
     1     1     7     8     6    11     0     1   -79.0  -10.047  -47.114   4952.8    533.9
     1     1     7     8     6    10     0     2   -80.0   -9.989  -46.593   4943.3    528.7
     1     1     7     8     6     9     0     3   -81.0   -9.943  -46.081   4913.7    524.8
     1     1     7     8     6     8     0     2   -82.0   -9.904  -45.586   4876.4    528.4
     1     1     7     8     6     7     0     1   -83.0   -9.870  -45.110   4811.2    535.0
     1     1     7     8     6     6     0     0   -84.0   -9.841  -44.644   4722.7    543.3
     1     1     7     8     6     5     0     1   -85.0   -9.812  -44.171   4651.6    551.4
     1     1     7     8     6     4     0     2   -86.0   -9.777  -43.676   4619.7    553.6
     1     1     7     8     6     3     0     3   -87.0   -9.741  -43.149   4623.6    551.8
     1     1     7     8     6     2     0     2   -88.0   -9.704  -42.602   4645.7    549.2
     1     1     7     8     6     1     0     1   -89.0   -9.659  -42.058   4661.5    549.6
     1     1     7     8     6     0     0     0   -90.0   -9.615  -41.537   4647.8    545.3
     1     1     7     8     5    23     0     1   -91.0   -9.584  -41.047   4619.0    541.2
     1     1     7     8     5    22     0     2   -92.0   -9.563  -40.579   4599.4    546.6
     1     1     7     8     5    21     0     3   -93.0   -9.546  -40.124   4571.0    553.6
     1     1     7     8     5    20     0     2   -94.0   -9.545  -39.677   4538.4    558.8
     1     1     7     8     5    19     0     1   -95.0   -9.572  -39.235   4515.8    561.6
     1     1     7     8     5    18     0     0   -96.0   -9.627  -38.787   4517.3    564.7
     1     1     7     8     5    17     0     1   -97.0   -9.707  -38.318   4551.3    567.5
     1     1     7     8     5    16     0     2   -98.0   -9.807  -37.824   4599.8    567.8
     1     1     7     8     5    15     0     3   -99.0   -9.916  -37.313   4641.2    566.9
     1     1     7     8     5    14     0     2  -100.0  -10.042  -36.800   4681.6    570.0
     1     1     7     8     5    13     0     1  -101.0  -10.194  -36.299   4712.4    573.0
     1     1     7     8     5    12     0     0  -102.0  -10.369  -35.814   4727.7    575.8
     1     1     7     8     5    11     0     1  -103.0  -10.556  -35.354   4730.9    576.7
     1     1     7     8     5    10     0     2  -104.0  -10.748  -34.927   4732.9    577.3
     1     1     7     8     5     9     0     3  -105.0  -10.948  -34.524   4742.2    576.4
     1     1     7     8     5     8     0     2  -106.0  -11.151  -34.142   4755.7    575.1
     1     1     7     8     5     7     0     1  -107.0  -11.354  -33.776   4767.1    574.3
     1     1     7     8     5     6     0     0  -108.0  -11.557  -33.422   4777.7    573.7
     1     1     7     8     5     5     0     1  -109.0  -11.767  -33.083   4792.5    573.2
     1     1     7     8     5     4     0     2  -110.0  -11.991  -32.761   4816.8    571.9
     1     1     7     8     5     3     0     3  -111.0  -12.234  -32.457   4857.3    569.5
     1     1     7     8     5     2     0     2  -112.0  -12.486  -32.169   4913.7    565.2
     1     1     7     8     5     1     0     1  -113.0  -12.737  -31.897   4978.5    560.8
     1     1     7     8     5     0     0     0  -114.0  -12.994  -31.642   5053.1    555.4
     1     1     7     8     4    23     0     1  -115.0  -13.270  -31.392   5137.1    549.0
     1     1     7     8     4    22     0     2  -116.0  -13.575  -31.140   5225.0    542.9
     1     1     7     8     4    21     0     3  -117.0  -13.908  -30.889   5313.4    536.9
     1     1     7     8     4    20     0     2  -118.0  -14.254  -30.655   5391.8    531.5
     1     1     7     8     4    19     0     1  -119.0  -14.598  -30.448   5457.8    527.4
     1     1     7     8     4    18     0     0  -120.0  -14.942  -30.262   5519.1    523.8
