     7     1
    GDAS     7     7    22     0     0
    GDAS     7     8     8     0     0
    GDAS     7     8    15     0     0
    GDAS     7     8    22     0     0
    GDAS     7     8    29     0     0
    GDAS     7     8     1     0     0
    GDAS     7     7    29     0     0
     1 BACKWARD OMEGA   
     7     8     7    12  -23.561  -46.740  4000.0
     1 PRESSURE
     1     1     7     8     7    12     0     0     0.0  -23.561  -46.740   4000.0    587.0
     1     1     7     8     7    11     0     1    -1.0  -22.992  -46.978   3967.5    581.4
     1     1     7     8     7    10     0     2    -2.0  -22.428  -47.152   3960.1    577.6
     1     1     7     8     7     9     0     3    -3.0  -21.891  -47.256   3934.1    577.4
     1     1     7     8     7     8     0     2    -4.0  -21.385  -47.288   3909.9    581.2
     1     1     7     8     7     7     0     1    -5.0  -20.911  -47.257   3891.1    581.7
     1     1     7     8     7     6     0     0    -6.0  -20.475  -47.167   3872.2    579.0
     1     1     7     8     7     5     0     1    -7.0  -20.087  -47.033   3849.4    574.5
     1     1     7     8     7     4     0     2    -8.0  -19.752  -46.865   3825.3    575.7
     1     1     7     8     7     3     0     3    -9.0  -19.469  -46.669   3793.3    580.1
     1     1     7     8     7     2     0     2   -10.0  -19.227  -46.445   3767.7    585.6
     1     1     7     8     7     1     0     1   -11.0  -19.019  -46.199   3766.0    588.7
     1     1     7     8     7     0     0     0   -12.0  -18.845  -45.940   3787.5    590.4
     1     1     7     8     6    23     0     1   -13.0  -18.694  -45.678   3818.2    590.6
     1     1     7     8     6    22     0     2   -14.0  -18.558  -45.414   3842.9    591.3
     1     1     7     8     6    21     0     3   -15.0  -18.435  -45.151   3864.5    591.5
     1     1     7     8     6    20     0     2   -16.0  -18.329  -44.886   3876.3    589.6
     1     1     7     8     6    19     0     1   -17.0  -18.248  -44.628   3872.6    585.6
     1     1     7     8     6    18     0     0   -18.0  -18.193  -44.382   3859.1    582.7
     1     1     7     8     6    17     0     1   -19.0  -18.164  -44.148   3830.6    580.7
     1     1     7     8     6    16     0     2   -20.0  -18.164  -43.919   3782.4    582.1
     1     1     7     8     6    15     0     3   -21.0  -18.191  -43.694   3713.7    587.9
     1     1     7     8     6    14     0     2   -22.0  -18.235  -43.480   3637.5    595.9
     1     1     7     8     6    13     0     1   -23.0  -18.288  -43.287   3575.0    601.8
     1     1     7     8     6    12     0     0   -24.0  -18.343  -43.114   3530.0    606.7
     1     1     7     8     6    11     0     1   -25.0  -18.394  -42.955   3499.7    610.3
     1     1     7     8     6    10     0     2   -26.0  -18.432  -42.799   3482.0    616.1
     1     1     7     8     6     9     0     3   -27.0  -18.459  -42.640   3474.0    620.8
     1     1     7     8     6     8     0     2   -28.0  -18.476  -42.474   3475.2    625.1
     1     1     7     8     6     7     0     1   -29.0  -18.484  -42.298   3485.4    628.9
     1     1     7     8     6     6     0     0   -30.0  -18.486  -42.115   3503.4    632.2
     1     1     7     8     6     5     0     1   -31.0  -18.483  -41.927   3529.6    634.3
     1     1     7     8     6     4     0     2   -32.0  -18.477  -41.735   3563.6    633.3
     1     1     7     8     6     3     0     3   -33.0  -18.474  -41.543   3607.5    631.8
     1     1     7     8     6     2     0     2   -34.0  -18.480  -41.350   3658.3    629.2
     1     1     7     8     6     1     0     1   -35.0  -18.501  -41.157   3712.4    626.5
     1     1     7     8     6     0     0     0   -36.0  -18.534  -40.966   3770.4    623.9
     1     1     7     8     5    23     0     1   -37.0  -18.585  -40.779   3836.9    622.8
     1     1     7     8     5    22     0     2   -38.0  -18.658  -40.600   3910.1    621.0
     1     1     7     8     5    21     0     3   -39.0  -18.751  -40.429   3995.7    618.2
     1     1     7     8     5    20     0     2   -40.0  -18.852  -40.267   4081.4    614.3
     1     1     7     8     5    19     0     1   -41.0  -18.957  -40.110   4148.1    612.8
     1     1     7     8     5    18     0     0   -42.0  -19.067  -39.953   4189.2    612.4
     1     1     7     8     5    17     0     1   -43.0  -19.169  -39.799   4213.8    612.8
     1     1     7     8     5    16     0     2   -44.0  -19.253  -39.641   4241.7    612.1
     1     1     7     8     5    15     0     3   -45.0  -19.321  -39.475   4275.8    610.8
     1     1     7     8     5    14     0     2   -46.0  -19.387  -39.308   4322.8    608.8
     1     1     7     8     5    13     0     1   -47.0  -19.459  -39.151   4385.7    605.0
     1     1     7     8     5    12     0     0   -48.0  -19.536  -39.003   4462.0    600.2
     1     1     7     8     5    11     0     1   -49.0  -19.627  -38.865   4529.7    593.4
     1     1     7     8     5    10     0     2   -50.0  -19.743  -38.734   4573.4    589.6
     1     1     7     8     5     9     0     3   -51.0  -19.884  -38.612   4594.5    587.5
     1     1     7     8     5     8     0     2   -52.0  -20.040  -38.504   4603.6    587.3
     1     1     7     8     5     7     0     1   -53.0  -20.197  -38.415   4613.0    586.6
     1     1     7     8     5     6     0     0   -54.0  -20.356  -38.347   4625.3    585.7
     1     1     7     8     5     5     0     1   -55.0  -20.519  -38.297   4641.8    584.7
     1     1     7     8     5     4     0     2   -56.0  -20.688  -38.264   4663.1    583.4
     1     1     7     8     5     3     0     3   -57.0  -20.863  -38.248   4689.5    581.8
     1     1     7     8     5     2     0     2   -58.0  -21.054  -38.255   4710.1    579.4
     1     1     7     8     5     1     0     1   -59.0  -21.262  -38.288   4709.5    579.2
     1     1     7     8     5     0     0     0   -60.0  -21.480  -38.346   4682.1    581.1
     1     1     7     8     4    23     0     1   -61.0  -21.696  -38.440   4663.9    585.0
     1     1     7     8     4    22     0     2   -62.0  -21.906  -38.586   4695.1    582.9
     1     1     7     8     4    21     0     3   -63.0  -22.104  -38.790   4779.7    576.8
     1     1     7     8     4    20     0     2   -64.0  -22.287  -39.041   4882.5    566.9
     1     1     7     8     4    19     0     1   -65.0  -22.449  -39.318   4966.6    561.0
     1     1     7     8     4    18     0     0   -66.0  -22.594  -39.618   5045.2    556.2
     1     1     7     8     4    17     0     1   -67.0  -22.725  -39.936   5120.3    550.9
     1     1     7     8     4    16     0     2   -68.0  -22.848  -40.259   5173.0    546.9
     1     1     7     8     4    15     0     3   -69.0  -22.963  -40.584   5186.0    545.2
     1     1     7     8     4    14     0     2   -70.0  -23.064  -40.917   5172.6    547.0
     1     1     7     8     4    13     0     1   -71.0  -23.148  -41.269   5159.4    549.3
     1     1     7     8     4    12     0     0   -72.0  -23.216  -41.636   5149.3    551.5
     1     1     7     8     4    11     0     1   -73.0  -23.263  -42.011   5142.9    552.6
     1     1     7     8     4    10     0     2   -74.0  -23.286  -42.383   5133.4    551.8
     1     1     7     8     4     9     0     3   -75.0  -23.283  -42.752   5125.7    550.7
     1     1     7     8     4     8     0     2   -76.0  -23.254  -43.117   5112.5    549.2
     1     1     7     8     4     7     0     1   -77.0  -23.198  -43.482   5089.7    545.6
     1     1     7     8     4     6     0     0   -78.0  -23.117  -43.846   5063.3    540.9
     1     1     7     8     4     5     0     1   -79.0  -23.019  -44.200   5009.0    532.7
     1     1     7     8     4     4     0     2   -80.0  -22.918  -44.537   4921.2    523.6
     1     1     7     8     4     3     0     3   -81.0  -22.817  -44.859   4824.4    516.9
     1     1     7     8     4     2     0     2   -82.0  -22.712  -45.168   4760.5    515.1
     1     1     7     8     4     1     0     1   -83.0  -22.606  -45.469   4750.8    512.5
     1     1     7     8     4     0     0     0   -84.0  -22.501  -45.761   4778.8    508.6
     1     1     7     8     3    23     0     1   -85.0  -22.397  -46.057   4826.1    504.4
     1     1     7     8     3    22     0     2   -86.0  -22.287  -46.367   4880.5    504.4
     1     1     7     8     3    21     0     3   -87.0  -22.167  -46.689   4929.8    504.3
     1     1     7     8     3    20     0     2   -88.0  -22.030  -47.013   4971.1    504.4
     1     1     7     8     3    19     0     1   -89.0  -21.874  -47.318   5006.4    506.9
     1     1     7     8     3    18     0     0   -90.0  -21.701  -47.596   5025.3    510.2
     1     1     7     8     3    17     0     1   -91.0  -21.513  -47.841   5027.3    513.1
     1     1     7     8     3    16     0     2   -92.0  -21.312  -48.049   5015.0    516.3
     1     1     7     8     3    15     0     3   -93.0  -21.097  -48.220   4998.0    518.6
     1     1     7     8     3    14     0     2   -94.0  -20.879  -48.366   4986.4    521.1
     1     1     7     8     3    13     0     1   -95.0  -20.670  -48.499   4980.2    523.1
     1     1     7     8     3    12     0     0   -96.0  -20.465  -48.619   4975.6    524.8
     1     1     7     8     3    11     0     1   -97.0  -20.263  -48.726   4983.2    525.8
     1     1     7     8     3    10     0     2   -98.0  -20.066  -48.824   5014.6    524.4
     1     1     7     8     3     9     0     3   -99.0  -19.879  -48.919   5065.2    520.1
     1     1     7     8     3     8     0     2  -100.0  -19.693  -49.011   5118.3    514.2
     1     1     7     8     3     7     0     1  -101.0  -19.501  -49.094   5157.2    510.2
     1     1     7     8     3     6     0     0  -102.0  -19.302  -49.163   5183.9    507.0
     1     1     7     8     3     5     0     1  -103.0  -19.096  -49.210   5198.6    504.7
     1     1     7     8     3     4     0     2  -104.0  -18.883  -49.226   5207.8    503.9
     1     1     7     8     3     3     0     3  -105.0  -18.664  -49.208   5214.7    503.9
     1     1     7     8     3     2     0     2  -106.0  -18.446  -49.164   5215.7    503.6
     1     1     7     8     3     1     0     1  -107.0  -18.232  -49.100   5210.9    503.8
     1     1     7     8     3     0     0     0  -108.0  -18.025  -49.018   5201.6    504.2
     1     1     7     8     2    23     0     1  -109.0  -17.829  -48.909   5190.5    503.0
     1     1     7     8     2    22     0     2  -110.0  -17.646  -48.764   5191.9    499.5
     1     1     7     8     2    21     0     3  -111.0  -17.483  -48.582   5200.8    495.4
     1     1     7     8     2    20     0     2  -112.0  -17.341  -48.379   5201.2    491.6
     1     1     7     8     2    19     0     1  -113.0  -17.217  -48.171   5181.3    490.0
     1     1     7     8     2    18     0     0  -114.0  -17.108  -47.955   5146.8    490.3
     1     1     7     8     2    17     0     1  -115.0  -17.024  -47.740   5134.0    494.5
     1     1     7     8     2    16     0     2  -116.0  -16.968  -47.540   5152.0    495.5
     1     1     7     8     2    15     0     3  -117.0  -16.938  -47.361   5192.2    494.9
     1     1     7     8     2    14     0     2  -118.0  -16.925  -47.199   5238.2    493.0
     1     1     7     8     2    13     0     1  -119.0  -16.927  -47.051   5277.2    492.2
     1     1     7     8     2    12     0     0  -120.0  -16.942  -46.919   5307.3    491.6
