     7     1
    GDAS     7     7    22     0     0
    GDAS     7     8     8     0     0
    GDAS     7     8    15     0     0
    GDAS     7     8    22     0     0
    GDAS     7     8    29     0     0
    GDAS     7     8     1     0     0
    GDAS     7     7    29     0     0
     1 BACKWARD OMEGA   
     7     8    22     0  -23.561  -46.740  4000.0
     1 PRESSURE
     1     1     7     8    22     0     0     0     0.0  -23.561  -46.740   4000.0    586.8
     1     1     7     8    21    23     0     1    -1.0  -23.687  -46.858   4045.3    584.0
     1     1     7     8    21    22     0     2    -2.0  -23.822  -46.988   4067.4    581.7
     1     1     7     8    21    21     0     3    -3.0  -23.961  -47.126   4072.0    581.8
     1     1     7     8    21    20     0     2    -4.0  -24.106  -47.274   4081.2    585.9
     1     1     7     8    21    19     0     1    -5.0  -24.261  -47.437   4107.2    588.6
     1     1     7     8    21    18     0     0    -6.0  -24.424  -47.613   4145.6    590.3
     1     1     7     8    21    17     0     1    -7.0  -24.606  -47.803   4190.2    591.5
     1     1     7     8    21    16     0     2    -8.0  -24.816  -48.006   4241.0    593.3
     1     1     7     8    21    15     0     3    -9.0  -25.056  -48.221   4292.7    590.0
     1     1     7     8    21    14     0     2   -10.0  -25.317  -48.467   4333.9    581.1
     1     1     7     8    21    13     0     1   -11.0  -25.595  -48.754   4357.5    571.4
     1     1     7     8    21    12     0     0   -12.0  -25.898  -49.079   4363.1    560.9
     1     1     7     8    21    11     0     1   -13.0  -26.216  -49.435   4381.2    555.3
     1     1     7     8    21    10     0     2   -14.0  -26.538  -49.814   4427.6    545.8
     1     1     7     8    21     9     0     3   -15.0  -26.878  -50.211   4530.0    532.9
     1     1     7     8    21     8     0     2   -16.0  -27.234  -50.641   4647.2    513.9
     1     1     7     8    21     7     0     1   -17.0  -27.598  -51.107   4766.9    508.3
     1     1     7     8    21     6     0     0   -18.0  -27.979  -51.594   4861.0    510.5
     1     1     7     8    21     5     0     1   -19.0  -28.369  -52.099   4950.2    515.4
     1     1     7     8    21     4     0     2   -20.0  -28.762  -52.627   5067.5    514.1
     1     1     7     8    21     3     0     3   -21.0  -29.162  -53.185   5221.7    510.1
     1     1     7     8    21     2     0     2   -22.0  -29.576  -53.774   5379.8    512.0
     1     1     7     8    21     1     0     1   -23.0  -30.006  -54.382   5470.2    513.2
     1     1     7     8    21     0     0     0   -24.0  -30.451  -55.013   5535.5    508.9
     1     1     7     8    20    23     0     1   -25.0  -30.899  -55.686   5652.5    496.9
     1     1     7     8    20    22     0     2   -26.0  -31.331  -56.403   5847.4    484.1
     1     1     7     8    20    21     0     3   -27.0  -31.739  -57.147   6073.7    472.7
     1     1     7     8    20    20     0     2   -28.0  -32.129  -57.912   6271.7    462.9
     1     1     7     8    20    19     0     1   -29.0  -32.510  -58.684   6411.1    455.4
     1     1     7     8    20    18     0     0   -30.0  -32.872  -59.477   6517.8    449.4
     1     1     7     8    20    17     0     1   -31.0  -33.212  -60.305   6614.2    443.4
     1     1     7     8    20    16     0     2   -32.0  -33.551  -61.163   6671.5    436.4
     1     1     7     8    20    15     0     3   -33.0  -33.881  -62.047   6702.3    434.3
     1     1     7     8    20    14     0     2   -34.0  -34.193  -62.963   6719.5    430.6
     1     1     7     8    20    13     0     1   -35.0  -34.479  -63.910   6789.2    424.5
     1     1     7     8    20    12     0     0   -36.0  -34.737  -64.899   6868.8    414.2
     1     1     7     8    20    11     0     1   -37.0  -34.975  -65.959   6921.7    400.6
     1     1     7     8    20    10     0     2   -38.0  -35.183  -67.101   7006.2    399.9
     1     1     7     8    20     9     0     3   -39.0  -35.341  -68.328   6833.2    373.0
     1     1     7     8    20     8     0     2   -40.0  -35.442  -69.677   6578.5    328.9
     1     1     7     8    20     7     0     1   -41.0  -35.472  -71.093   6924.7    355.4
     1     1     7     8    20     6     0     0   -42.0  -35.405  -72.328   7324.4    399.0
     1     1     7     8    20     5     0     1   -43.0  -35.297  -73.477   7308.0    400.7
     1     1     7     8    20     4     0     2   -44.0  -35.172  -74.582   7271.6    405.0
     1     1     7     8    20     3     0     3   -45.0  -35.036  -75.703   7257.0    406.6
     1     1     7     8    20     2     0     2   -46.0  -34.879  -76.818   7232.9    405.1
     1     1     7     8    20     1     0     1   -47.0  -34.711  -77.907   7221.5    408.8
     1     1     7     8    20     0     0     0   -48.0  -34.537  -78.996   7179.7    409.5
     1     1     7     8    19    23     0     1   -49.0  -34.341  -80.105   7130.8    412.3
     1     1     7     8    19    22     0     2   -50.0  -34.114  -81.210   7080.1    416.1
     1     1     7     8    19    21     0     3   -51.0  -33.848  -82.314   7033.6    418.4
     1     1     7     8    19    20     0     2   -52.0  -33.569  -83.381   7001.2    421.1
     1     1     7     8    19    19     0     1   -53.0  -33.286  -84.405   6969.6    422.9
     1     1     7     8    19    18     0     0   -54.0  -32.979  -85.396   6915.3    426.5
     1     1     7     8    19    17     0     1   -55.0  -32.667  -86.336   6823.7    432.3
     1     1     7     8    19    16     0     2   -56.0  -32.372  -87.207   6724.2    438.6
     1     1     7     8    19    15     0     3   -57.0  -32.076  -88.020   6640.3    444.6
     1     1     7     8    19    14     0     2   -58.0  -31.778  -88.783   6573.2    447.9
     1     1     7     8    19    13     0     1   -59.0  -31.482  -89.490   6512.1    451.9
     1     1     7     8    19    12     0     0   -60.0  -31.177  -90.137   6420.7    457.2
     1     1     7     8    19    11     0     1   -61.0  -30.870  -90.712   6313.6    465.0
     1     1     7     8    19    10     0     2   -62.0  -30.569  -91.208   6231.8    471.2
     1     1     7     8    19     9     0     3   -63.0  -30.269  -91.627   6185.3    475.2
     1     1     7     8    19     8     0     2   -64.0  -29.975  -91.970   6158.8    476.5
     1     1     7     8    19     7     0     1   -65.0  -29.702  -92.231   6131.6    478.0
     1     1     7     8    19     6     0     0   -66.0  -29.447  -92.409   6103.8    480.3
     1     1     7     8    19     5     0     1   -67.0  -29.210  -92.505   6088.2    482.0
     1     1     7     8    19     4     0     2   -68.0  -28.997  -92.518   6092.2    481.5
     1     1     7     8    19     3     0     3   -69.0  -28.815  -92.457   6117.2    480.2
     1     1     7     8    19     2     0     2   -70.0  -28.670  -92.338   6156.3    477.2
     1     1     7     8    19     1     0     1   -71.0  -28.562  -92.177   6201.2    474.3
     1     1     7     8    19     0     0     0   -72.0  -28.489  -91.982   6253.0    471.0
     1     1     7     8    18    23     0     1   -73.0  -28.449  -91.765   6318.1    467.3
     1     1     7     8    18    22     0     2   -74.0  -28.441  -91.535   6398.7    462.2
     1     1     7     8    18    21     0     3   -75.0  -28.464  -91.293   6490.3    456.4
     1     1     7     8    18    20     0     2   -76.0  -28.503  -91.036   6589.5    450.6
     1     1     7     8    18    19     0     1   -77.0  -28.548  -90.763   6692.4    444.3
     1     1     7     8    18    18     0     0   -78.0  -28.597  -90.471   6797.3    437.8
     1     1     7     8    18    17     0     1   -79.0  -28.658  -90.161   6896.4    431.0
     1     1     7     8    18    16     0     2   -80.0  -28.742  -89.841   6985.5    425.5
     1     1     7     8    18    15     0     3   -81.0  -28.852  -89.517   7066.6    420.9
     1     1     7     8    18    14     0     2   -82.0  -28.983  -89.197   7147.2    416.9
     1     1     7     8    18    13     0     1   -83.0  -29.138  -88.896   7230.1    412.0
     1     1     7     8    18    12     0     0   -84.0  -29.315  -88.619   7306.8    407.1
     1     1     7     8    18    11     0     1   -85.0  -29.498  -88.362   7373.6    403.2
     1     1     7     8    18    10     0     2   -86.0  -29.675  -88.122   7430.3    400.3
     1     1     7     8    18     9     0     3   -87.0  -29.850  -87.892   7480.8    397.8
     1     1     7     8    18     8     0     2   -88.0  -30.036  -87.692   7533.1    395.6
     1     1     7     8    18     7     0     1   -89.0  -30.238  -87.548   7597.5    392.3
     1     1     7     8    18     6     0     0   -90.0  -30.456  -87.457   7685.7    387.7
     1     1     7     8    18     5     0     1   -91.0  -30.673  -87.417   7792.6    380.9
     1     1     7     8    18     4     0     2   -92.0  -30.863  -87.432   7903.7    374.6
     1     1     7     8    18     3     0     3   -93.0  -31.025  -87.494   8015.2    368.3
     1     1     7     8    18     2     0     2   -94.0  -31.173  -87.596   8123.2    362.5
     1     1     7     8    18     1     0     1   -95.0  -31.325  -87.727   8223.8    357.2
     1     1     7     8    18     0     0     0   -96.0  -31.478  -87.880   8310.2    352.5
     1     1     7     8    17    23     0     1   -97.0  -31.637  -88.062   8376.0    349.1
     1     1     7     8    17    22     0     2   -98.0  -31.805  -88.285   8418.8    346.7
     1     1     7     8    17    21     0     3   -99.0  -31.984  -88.542   8441.9    345.3
     1     1     7     8    17    20     0     2  -100.0  -32.173  -88.816   8464.0    345.0
     1     1     7     8    17    19     0     1  -101.0  -32.369  -89.090   8502.3    343.2
     1     1     7     8    17    18     0     0  -102.0  -32.574  -89.360   8555.2    340.8
     1     1     7     8    17    17     0     1  -103.0  -32.807  -89.622   8636.0    337.2
     1     1     7     8    17    16     0     2  -104.0  -33.086  -89.877   8754.7    330.7
     1     1     7     8    17    15     0     3  -105.0  -33.415  -90.142   8906.3    323.0
     1     1     7     8    17    14     0     2  -106.0  -33.808  -90.434   9079.4    314.3
     1     1     7     8    17    13     0     1  -107.0  -34.279  -90.749   9260.5    305.2
     1     1     7     8    17    12     0     0  -108.0  -34.848  -91.127   9424.1    296.2
     1     1     7     8    17    11     0     1  -109.0  -35.518  -91.606   9535.6    289.8
     1     1     7     8    17    10     0     2  -110.0  -36.255  -92.178   9554.5    288.5
     1     1     7     8    17     9     0     3  -111.0  -37.016  -92.827   9500.2    291.9
     1     1     7     8    17     8     0     2  -112.0  -37.799  -93.580   9412.8    294.8
     1     1     7     8    17     7     0     1  -113.0  -38.660  -94.449   9269.4    300.7
     1     1     7     8    17     6     0     0  -114.0  -39.573  -95.405   9139.1    306.6
     1     1     7     8    17     5     0     1  -115.0  -40.518  -96.457   9115.2    305.7
     1     1     7     8    17     4     0     2  -116.0  -41.504  -97.663   9167.5    301.6
     1     1     7     8    17     3     0     3  -117.0  -42.427  -99.029   9256.5    296.2
     1     1     7     8    17     2     0     2  -118.0  -43.266 -100.478   9357.2    290.8
     1     1     7     8    17     1     0     1  -119.0  -44.045 -102.034   9488.6    285.0
     1     1     7     8    17     0     0     0  -120.0  -44.650 -103.695   9681.3    276.9
