     7     1
    GDAS     7     7    22     0     0
    GDAS     7     8     8     0     0
    GDAS     7     8    15     0     0
    GDAS     7     8    22     0     0
    GDAS     7     8    29     0     0
    GDAS     7     8     1     0     0
    GDAS     7     7    29     0     0
     1 BACKWARD OMEGA   
     7     8    21     6  -23.561  -46.740  4000.0
     1 PRESSURE
     1     1     7     8    21     6     0     0     0.0  -23.561  -46.740   4000.0    584.9
     1     1     7     8    21     5     0     1    -1.0  -23.746  -47.128   4031.3    581.2
     1     1     7     8    21     4     0     2    -2.0  -23.944  -47.539   4032.6    581.0
     1     1     7     8    21     3     0     3    -3.0  -24.150  -47.973   4021.3    584.8
     1     1     7     8    21     2     0     2    -4.0  -24.361  -48.428   4030.2    587.4
     1     1     7     8    21     1     0     1    -5.0  -24.588  -48.906   4085.6    578.1
     1     1     7     8    21     0     0     0    -6.0  -24.847  -49.419   4166.6    562.2
     1     1     7     8    20    23     0     1    -7.0  -25.125  -49.967   4215.1    545.6
     1     1     7     8    20    22     0     2    -8.0  -25.400  -50.540   4255.5    544.3
     1     1     7     8    20    21     0     3    -9.0  -25.667  -51.139   4279.6    545.9
     1     1     7     8    20    20     0     2   -10.0  -25.931  -51.771   4313.3    543.8
     1     1     7     8    20    19     0     1   -11.0  -26.191  -52.427   4405.3    545.5
     1     1     7     8    20    18     0     0   -12.0  -26.446  -53.092   4521.6    553.8
     1     1     7     8    20    17     0     1   -13.0  -26.709  -53.759   4599.8    554.0
     1     1     7     8    20    16     0     2   -14.0  -26.987  -54.431   4662.7    554.7
     1     1     7     8    20    15     0     3   -15.0  -27.271  -55.108   4719.0    557.4
     1     1     7     8    20    14     0     2   -16.0  -27.565  -55.793   4764.8    560.7
     1     1     7     8    20    13     0     1   -17.0  -27.871  -56.488   4810.8    562.2
     1     1     7     8    20    12     0     0   -18.0  -28.179  -57.184   4888.3    558.5
     1     1     7     8    20    11     0     1   -19.0  -28.503  -57.871   5005.7    549.9
     1     1     7     8    20    10     0     2   -20.0  -28.862  -58.561   5144.0    538.6
     1     1     7     8    20     9     0     3   -21.0  -29.248  -59.263   5292.5    528.0
     1     1     7     8    20     8     0     2   -22.0  -29.645  -59.981   5436.7    519.2
     1     1     7     8    20     7     0     1   -23.0  -30.035  -60.715   5526.6    510.0
     1     1     7     8    20     6     0     0   -24.0  -30.417  -61.454   5603.9    504.6
     1     1     7     8    20     5     0     1   -25.0  -30.783  -62.186   5667.6    498.2
     1     1     7     8    20     4     0     2   -26.0  -31.124  -62.902   5767.8    496.6
     1     1     7     8    20     3     0     3   -27.0  -31.456  -63.611   5820.9    474.3
     1     1     7     8    20     2     0     2   -28.0  -31.786  -64.338   5930.5    449.3
     1     1     7     8    20     1     0     1   -29.0  -32.117  -65.094   6060.0    425.9
     1     1     7     8    20     0     0     0   -30.0  -32.463  -65.858   6286.1    423.4
     1     1     7     8    19    23     0     1   -31.0  -32.825  -66.629   6455.0    411.2
     1     1     7     8    19    22     0     2   -32.0  -33.182  -67.408   6683.5    408.5
     1     1     7     8    19    21     0     3   -33.0  -33.566  -68.209   6789.0    392.3
     1     1     7     8    19    20     0     2   -34.0  -34.034  -69.158   6529.7    339.1
     1     1     7     8    19    19     0     1   -35.0  -34.517  -70.295   6471.2    330.3
     1     1     7     8    19    18     0     0   -36.0  -34.913  -71.324   6913.8    384.5
     1     1     7     8    19    17     0     1   -37.0  -35.254  -72.223   7166.1    410.0
     1     1     7     8    19    16     0     2   -38.0  -35.559  -73.099   7184.4    403.1
     1     1     7     8    19    15     0     3   -39.0  -35.847  -73.988   7298.5    407.4
     1     1     7     8    19    14     0     2   -40.0  -36.104  -74.923   7357.9    397.1
     1     1     7     8    19    13     0     1   -41.0  -36.327  -75.935   7458.4    394.1
     1     1     7     8    19    12     0     0   -42.0  -36.528  -77.010   7505.7    388.9
     1     1     7     8    19    11     0     1   -43.0  -36.702  -78.132   7567.1    386.8
     1     1     7     8    19    10     0     2   -44.0  -36.844  -79.305   7643.8    382.7
     1     1     7     8    19     9     0     3   -45.0  -36.958  -80.559   7737.4    377.2
     1     1     7     8    19     8     0     2   -46.0  -37.032  -81.871   7795.5    373.8
     1     1     7     8    19     7     0     1   -47.0  -37.049  -83.195   7793.9    374.3
     1     1     7     8    19     6     0     0   -48.0  -37.011  -84.530   7773.0    376.1
     1     1     7     8    19     5     0     1   -49.0  -36.922  -85.875   7737.1    377.8
     1     1     7     8    19     4     0     2   -50.0  -36.797  -87.221   7683.7    381.2
     1     1     7     8    19     3     0     3   -51.0  -36.660  -88.586   7654.5    382.5
     1     1     7     8    19     2     0     2   -52.0  -36.522  -89.991   7599.7    385.5
     1     1     7     8    19     1     0     1   -53.0  -36.367  -91.401   7491.6    391.3
     1     1     7     8    19     0     0     0   -54.0  -36.196  -92.801   7371.5    398.3
     1     1     7     8    18    23     0     1   -55.0  -36.034  -94.179   7294.1    403.5
     1     1     7     8    18    22     0     2   -56.0  -35.893  -95.540   7249.7    405.6
     1     1     7     8    18    21     0     3   -57.0  -35.764  -96.908   7210.9    407.0
     1     1     7     8    18    20     0     2   -58.0  -35.624  -98.284   7143.9    411.9
     1     1     7     8    18    19     0     1   -59.0  -35.491  -99.657   7050.6    417.8
     1     1     7     8    18    18     0     0   -60.0  -35.380 -101.054   6953.6    422.9
     1     1     7     8    18    17     0     1   -61.0  -35.280 -102.461   6862.0    429.0
     1     1     7     8    18    16     0     2   -62.0  -35.224 -103.870   6797.1    433.4
     1     1     7     8    18    15     0     3   -63.0  -35.219 -105.327   6779.1    433.6
     1     1     7     8    18    14     0     2   -64.0  -35.229 -106.855   6811.5    430.8
     1     1     7     8    18    13     0     1   -65.0  -35.245 -108.450   6877.8    427.2
     1     1     7     8    18    12     0     0   -66.0  -35.249 -110.107   6970.8    422.1
     1     1     7     8    18    11     0     1   -67.0  -35.198 -111.803   7052.7    417.1
     1     1     7     8    18    10     0     2   -68.0  -35.117 -113.512   7108.0    413.8
     1     1     7     8    18     9     0     3   -69.0  -35.041 -115.233   7153.6    411.9
     1     1     7     8    18     8     0     2   -70.0  -34.927 -116.959   7176.0    410.9
     1     1     7     8    18     7     0     1   -71.0  -34.776 -118.652   7168.7    411.8
     1     1     7     8    18     6     0     0   -72.0  -34.620 -120.315   7169.9    412.0
     1     1     7     8    18     5     0     1   -73.0  -34.440 -121.931   7184.9    411.2
     1     1     7     8    18     4     0     2   -74.0  -34.234 -123.491   7185.9    411.1
     1     1     7     8    18     3     0     3   -75.0  -34.003 -124.989   7155.6    412.8
     1     1     7     8    18     2     0     2   -76.0  -33.729 -126.412   7142.0    414.3
     1     1     7     8    18     1     0     1   -77.0  -33.425 -127.789   7186.1    411.5
     1     1     7     8    18     0     0     0   -78.0  -33.102 -129.100   7200.0    410.0
     1     1     7     8    17    23     0     1   -79.0  -32.762 -130.323   7158.3    414.2
     1     1     7     8    17    22     0     2   -80.0  -32.406 -131.514   7152.6    414.2
     1     1     7     8    17    21     0     3   -81.0  -32.019 -132.656   7066.4    418.9
     1     1     7     8    17    20     0     2   -82.0  -31.641 -133.729   6936.3    428.2
     1     1     7     8    17    19     0     1   -83.0  -31.300 -134.759   6835.6    432.8
     1     1     7     8    17    18     0     0   -84.0  -30.950 -135.726   6629.3    445.0
     1     1     7     8    17    17     0     1   -85.0  -30.589 -136.640   6398.2    460.6
     1     1     7     8    17    16     0     2   -86.0  -30.228 -137.490   6194.4    472.5
     1     1     7     8    17    15     0     3   -87.0  -29.822 -138.247   5969.6    487.7
     1     1     7     8    17    14     0     2   -88.0  -29.418 -138.944   5820.1    497.5
     1     1     7     8    17    13     0     1   -89.0  -29.010 -139.562   5714.1    504.5
     1     1     7     8    17    12     0     0   -90.0  -28.571 -140.079   5593.6    511.2
     1     1     7     8    17    11     0     1   -91.0  -28.121 -140.487   5414.5    521.7
     1     1     7     8    17    10     0     2   -92.0  -27.703 -140.791   5138.7    539.6
     1     1     7     8    17     9     0     3   -93.0  -27.330 -140.988   4737.5    567.8
     1     1     7     8    17     8     0     2   -94.0  -27.066 -141.104   4286.9    607.9
     1     1     7     8    17     7     0     1   -95.0  -26.918 -141.209   3939.1    641.1
     1     1     7     8    17     6     0     0   -96.0  -26.829 -141.321   3710.0    658.6
     1     1     7     8    17     5     0     1   -97.0  -26.758 -141.450   3548.9    668.1
     1     1     7     8    17     4     0     2   -98.0  -26.674 -141.585   3414.3    679.5
     1     1     7     8    17     3     0     3   -99.0  -26.579 -141.723   3312.6    688.2
     1     1     7     8    17     2     0     2  -100.0  -26.475 -141.858   3231.4    693.6
     1     1     7     8    17     1     0     1  -101.0  -26.366 -141.979   3158.6    699.9
     1     1     7     8    17     0     0     0  -102.0  -26.257 -142.087   3096.4    705.0
     1     1     7     8    16    23     0     1  -103.0  -26.152 -142.200   3032.1    710.1
     1     1     7     8    16    22     0     2  -104.0  -26.055 -142.339   2954.6    717.7
     1     1     7     8    16    21     0     3  -105.0  -25.970 -142.517   2875.8    726.0
     1     1     7     8    16    20     0     2  -106.0  -25.894 -142.730   2798.0    732.3
     1     1     7     8    16    19     0     1  -107.0  -25.826 -142.961   2718.3    739.8
     1     1     7     8    16    18     0     0  -108.0  -25.767 -143.207   2646.5    746.6
     1     1     7     8    16    17     0     1  -109.0  -25.709 -143.458   2585.4    751.4
     1     1     7     8    16    16     0     2  -110.0  -25.647 -143.712   2534.5    755.9
     1     1     7     8    16    15     0     3  -111.0  -25.584 -143.979   2499.5    759.0
     1     1     7     8    16    14     0     2  -112.0  -25.523 -144.244   2479.2    760.5
     1     1     7     8    16    13     0     1  -113.0  -25.468 -144.491   2467.4    761.6
     1     1     7     8    16    12     0     0  -114.0  -25.414 -144.728   2462.8    762.0
     1     1     7     8    16    11     0     1  -115.0  -25.364 -144.961   2459.1    762.0
     1     1     7     8    16    10     0     2  -116.0  -25.322 -145.191   2448.5    762.9
     1     1     7     8    16     9     0     3  -117.0  -25.288 -145.420   2426.5    764.9
     1     1     7     8    16     8     0     2  -118.0  -25.263 -145.648   2397.3    768.0
     1     1     7     8    16     7     0     1  -119.0  -25.250 -145.878   2369.2    770.6
     1     1     7     8    16     6     0     0  -120.0  -25.245 -146.112   2346.0    772.7
