     7     1
    GDAS     7     7    22     0     0
    GDAS     7     8     8     0     0
    GDAS     7     8    15     0     0
    GDAS     7     8    22     0     0
    GDAS     7     8    29     0     0
    GDAS     7     8     1     0     0
    GDAS     7     7    29     0     0
     1 BACKWARD OMEGA   
     7     8    10     6  -23.561  -46.740  4000.0
     1 PRESSURE
     1     1     7     8    10     6     0     0     0.0  -23.561  -46.740   4000.0    588.6
     1     1     7     8    10     5     0     1    -1.0  -23.400  -46.769   3985.5    587.0
     1     1     7     8    10     4     0     2    -2.0  -23.261  -46.776   4002.5    582.7
     1     1     7     8    10     3     0     3    -3.0  -23.145  -46.765   4046.7    576.8
     1     1     7     8    10     2     0     2    -4.0  -23.045  -46.752   4100.6    569.1
     1     1     7     8    10     1     0     1    -5.0  -22.951  -46.753   4148.9    564.0
     1     1     7     8    10     0     0     0    -6.0  -22.857  -46.765   4189.0    560.6
     1     1     7     8     9    23     0     1    -7.0  -22.757  -46.797   4221.9    558.1
     1     1     7     8     9    22     0     2    -8.0  -22.647  -46.853   4251.9    556.0
     1     1     7     8     9    21     0     3    -9.0  -22.523  -46.928   4281.2    554.0
     1     1     7     8     9    20     0     2   -10.0  -22.388  -47.006   4301.5    552.2
     1     1     7     8     9    19     0     1   -11.0  -22.244  -47.075   4302.9    552.0
     1     1     7     8     9    18     0     0   -12.0  -22.093  -47.128   4283.0    553.1
     1     1     7     8     9    17     0     1   -13.0  -21.937  -47.159   4259.1    556.0
     1     1     7     8     9    16     0     2   -14.0  -21.781  -47.167   4251.3    557.3
     1     1     7     8     9    15     0     3   -15.0  -21.623  -47.150   4261.7    556.9
     1     1     7     8     9    14     0     2   -16.0  -21.471  -47.115   4285.1    554.6
     1     1     7     8     9    13     0     1   -17.0  -21.328  -47.068   4310.9    552.2
     1     1     7     8     9    12     0     0   -18.0  -21.195  -47.009   4332.8    550.0
     1     1     7     8     9    11     0     1   -19.0  -21.075  -46.945   4344.6    548.4
     1     1     7     8     9    10     0     2   -20.0  -20.973  -46.883   4344.1    548.0
     1     1     7     8     9     9     0     3   -21.0  -20.890  -46.829   4334.6    547.4
     1     1     7     8     9     8     0     2   -22.0  -20.820  -46.786   4324.4    547.7
     1     1     7     8     9     7     0     1   -23.0  -20.760  -46.757   4317.1    547.5
     1     1     7     8     9     6     0     0   -24.0  -20.709  -46.740   4310.3    547.5
     1     1     7     8     9     5     0     1   -25.0  -20.655  -46.736   4308.5    547.8
     1     1     7     8     9     4     0     2   -26.0  -20.590  -46.742   4317.8    546.8
     1     1     7     8     9     3     0     3   -27.0  -20.515  -46.759   4339.2    545.0
     1     1     7     8     9     2     0     2   -28.0  -20.433  -46.789   4373.7    542.0
     1     1     7     8     9     1     0     1   -29.0  -20.351  -46.831   4423.5    538.1
     1     1     7     8     9     0     0     0   -30.0  -20.271  -46.886   4492.8    532.9
     1     1     7     8     8    23     0     1   -31.0  -20.190  -46.952   4557.9    526.0
     1     1     7     8     8    22     0     2   -32.0  -20.100  -47.023   4590.6    523.1
     1     1     7     8     8    21     0     3   -33.0  -19.999  -47.094   4589.1    523.6
     1     1     7     8     8    20     0     2   -34.0  -19.892  -47.162   4579.3    527.5
     1     1     7     8     8    19     0     1   -35.0  -19.787  -47.236   4585.6    528.4
     1     1     7     8     8    18     0     0   -36.0  -19.685  -47.315   4608.1    528.1
     1     1     7     8     8    17     0     1   -37.0  -19.593  -47.401   4635.6    526.6
     1     1     7     8     8    16     0     2   -38.0  -19.514  -47.496   4655.8    526.3
     1     1     7     8     8    15     0     3   -39.0  -19.452  -47.600   4666.6    526.5
     1     1     7     8     8    14     0     2   -40.0  -19.402  -47.714   4678.4    527.3
     1     1     7     8     8    13     0     1   -41.0  -19.361  -47.840   4703.4    526.6
     1     1     7     8     8    12     0     0   -42.0  -19.331  -47.982   4743.0    525.0
     1     1     7     8     8    11     0     1   -43.0  -19.290  -48.146   4776.8    522.3
     1     1     7     8     8    10     0     2   -44.0  -19.221  -48.331   4782.8    522.7
     1     1     7     8     8     9     0     3   -45.0  -19.128  -48.534   4762.1    524.9
     1     1     7     8     8     8     0     2   -46.0  -19.015  -48.748   4741.1    529.2
     1     1     7     8     8     7     0     1   -47.0  -18.882  -48.967   4750.1    531.5
     1     1     7     8     8     6     0     0   -48.0  -18.725  -49.188   4785.1    531.3
     1     1     7     8     8     5     0     1   -49.0  -18.542  -49.407   4824.9    529.0
     1     1     7     8     8     4     0     2   -50.0  -18.331  -49.619   4848.8    528.9
     1     1     7     8     8     3     0     3   -51.0  -18.091  -49.823   4859.5    529.3
     1     1     7     8     8     2     0     2   -52.0  -17.823  -50.015   4871.9    528.9
     1     1     7     8     8     1     0     1   -53.0  -17.531  -50.193   4897.8    524.8
     1     1     7     8     8     0     0     0   -54.0  -17.221  -50.354   4946.1    520.4
     1     1     7     8     7    23     0     1   -55.0  -16.901  -50.490   5005.8    515.3
     1     1     7     8     7    22     0     2   -56.0  -16.586  -50.592   5061.6    513.5
     1     1     7     8     7    21     0     3   -57.0  -16.285  -50.657   5101.2    513.4
     1     1     7     8     7    20     0     2   -58.0  -15.983  -50.680   5115.5    514.8
     1     1     7     8     7    19     0     1   -59.0  -15.667  -50.650   5106.7    518.0
     1     1     7     8     7    18     0     0   -60.0  -15.337  -50.559   5088.1    520.5
     1     1     7     8     7    17     0     1   -61.0  -15.006  -50.408   5083.5    521.8
     1     1     7     8     7    16     0     2   -62.0  -14.687  -50.213   5103.2    519.2
     1     1     7     8     7    15     0     3   -63.0  -14.381  -49.982   5134.6    516.3
     1     1     7     8     7    14     0     2   -64.0  -14.086  -49.711   5155.2    514.9
     1     1     7     8     7    13     0     1   -65.0  -13.807  -49.402   5136.7    515.9
     1     1     7     8     7    12     0     0   -66.0  -13.549  -49.061   5090.6    517.5
     1     1     7     8     7    11     0     1   -67.0  -13.323  -48.700   5047.8    522.3
     1     1     7     8     7    10     0     2   -68.0  -13.137  -48.330   5017.2    528.3
     1     1     7     8     7     9     0     3   -69.0  -12.984  -47.954   4989.8    534.7
     1     1     7     8     7     8     0     2   -70.0  -12.846  -47.571   4939.5    534.0
     1     1     7     8     7     7     0     1   -71.0  -12.709  -47.178   4897.2    532.3
     1     1     7     8     7     6     0     0   -72.0  -12.583  -46.776   4861.8    528.9
     1     1     7     8     7     5     0     1   -73.0  -12.474  -46.366   4839.4    524.1
     1     1     7     8     7     4     0     2   -74.0  -12.389  -45.945   4836.8    518.9
     1     1     7     8     7     3     0     3   -75.0  -12.325  -45.517   4869.2    519.5
     1     1     7     8     7     2     0     2   -76.0  -12.272  -45.092   4908.2    519.9
     1     1     7     8     7     1     0     1   -77.0  -12.222  -44.675   4955.9    520.2
     1     1     7     8     7     0     0     0   -78.0  -12.171  -44.262   5015.0    519.6
     1     1     7     8     6    23     0     1   -79.0  -12.121  -43.845   5068.9    516.0
     1     1     7     8     6    22     0     2   -80.0  -12.075  -43.422   5101.9    510.5
     1     1     7     8     6    21     0     3   -81.0  -12.035  -42.994   5129.0    505.1
     1     1     7     8     6    20     0     2   -82.0  -12.008  -42.572   5127.3    496.5
     1     1     7     8     6    19     0     1   -83.0  -11.999  -42.163   5098.3    490.9
     1     1     7     8     6    18     0     0   -84.0  -11.999  -41.762   5062.2    494.0
     1     1     7     8     6    17     0     1   -85.0  -11.999  -41.355   5026.3    504.4
     1     1     7     8     6    16     0     2   -86.0  -12.001  -40.936   4997.5    513.7
     1     1     7     8     6    15     0     3   -87.0  -12.006  -40.501   4990.0    523.1
     1     1     7     8     6    14     0     2   -88.0  -12.009  -40.055   4997.7    530.3
     1     1     7     8     6    13     0     1   -89.0  -12.018  -39.606   4999.2    535.1
     1     1     7     8     6    12     0     0   -90.0  -12.040  -39.162   5007.0    538.6
     1     1     7     8     6    11     0     1   -91.0  -12.079  -38.718   5028.5    542.0
     1     1     7     8     6    10     0     2   -92.0  -12.140  -38.271   5067.7    544.4
     1     1     7     8     6     9     0     3   -93.0  -12.223  -37.820   5113.9    545.3
     1     1     7     8     6     8     0     2   -94.0  -12.327  -37.369   5140.4    545.0
     1     1     7     8     6     7     0     1   -95.0  -12.451  -36.922   5138.4    546.8
     1     1     7     8     6     6     0     0   -96.0  -12.588  -36.486   5115.7    548.5
     1     1     7     8     6     5     0     1   -97.0  -12.733  -36.062   5097.2    551.6
     1     1     7     8     6     4     0     2   -98.0  -12.882  -35.641   5096.3    551.6
     1     1     7     8     6     3     0     3   -99.0  -13.032  -35.219   5108.6    550.3
     1     1     7     8     6     2     0     2  -100.0  -13.189  -34.802   5139.0    548.6
     1     1     7     8     6     1     0     1  -101.0  -13.365  -34.398   5192.2    545.8
     1     1     7     8     6     0     0     0  -102.0  -13.563  -34.009   5268.5    541.0
     1     1     7     8     5    23     0     1  -103.0  -13.787  -33.640   5342.3    534.0
     1     1     7     8     5    22     0     2  -104.0  -14.038  -33.296   5390.1    530.7
     1     1     7     8     5    21     0     3  -105.0  -14.313  -32.976   5417.4    529.2
     1     1     7     8     5    20     0     2  -106.0  -14.596  -32.677   5454.4    528.2
     1     1     7     8     5    19     0     1  -107.0  -14.883  -32.392   5524.0    523.0
     1     1     7     8     5    18     0     0  -108.0  -15.177  -32.121   5619.8    516.2
     1     1     7     8     5    17     0     1  -109.0  -15.466  -31.865   5718.9    509.1
     1     1     7     8     5    16     0     2  -110.0  -15.748  -31.613   5799.2    504.4
     1     1     7     8     5    15     0     3  -111.0  -16.032  -31.359   5860.3    500.9
     1     1     7     8     5    14     0     2  -112.0  -16.318  -31.110   5914.3    498.2
     1     1     7     8     5    13     0     1  -113.0  -16.608  -30.875   5971.8    494.7
     1     1     7     8     5    12     0     0  -114.0  -16.902  -30.649   6028.7    490.9
     1     1     7     8     5    11     0     1  -115.0  -17.204  -30.435   6087.1    487.3
     1     1     7     8     5    10     0     2  -116.0  -17.515  -30.243   6158.9    482.7
     1     1     7     8     5     9     0     3  -117.0  -17.837  -30.079   6252.7    477.0
     1     1     7     8     5     8     0     2  -118.0  -18.163  -29.947   6361.3    469.6
     1     1     7     8     5     7     0     1  -119.0  -18.487  -29.849   6470.4    462.7
     1     1     7     8     5     6     0     0  -120.0  -18.809  -29.777   6575.6    456.2
