     7     1
    GDAS     7     7    22     0     0
    GDAS     7     8     8     0     0
    GDAS     7     8    15     0     0
    GDAS     7     8    22     0     0
    GDAS     7     8    29     0     0
    GDAS     7     8     1     0     0
    GDAS     7     7    29     0     0
     1 BACKWARD OMEGA   
     7     8    30    12  -23.561  -46.740  4000.0
     1 PRESSURE
     1     1     7     8    30    12     0     0     0.0  -23.561  -46.740   4000.0    588.8
     1     1     7     8    30    11     0     1    -1.0  -23.568  -47.227   3934.3    590.4
     1     1     7     8    30    10     0     2    -2.0  -23.546  -47.703   3840.3    598.2
     1     1     7     8    30     9     0     3    -3.0  -23.479  -48.171   3705.8    608.0
     1     1     7     8    30     8     0     2    -4.0  -23.372  -48.620   3555.6    616.2
     1     1     7     8    30     7     0     1    -5.0  -23.231  -49.035   3423.4    621.0
     1     1     7     8    30     6     0     0    -6.0  -23.054  -49.401   3328.7    635.1
     1     1     7     8    30     5     0     1    -7.0  -22.856  -49.714   3250.6    649.6
     1     1     7     8    30     4     0     2    -8.0  -22.648  -49.978   3183.1    661.1
     1     1     7     8    30     3     0     3    -9.0  -22.434  -50.205   3126.2    667.2
     1     1     7     8    30     2     0     2   -10.0  -22.224  -50.407   3098.0    670.9
     1     1     7     8    30     1     0     1   -11.0  -22.022  -50.593   3112.4    669.9
     1     1     7     8    30     0     0     0   -12.0  -21.824  -50.763   3169.3    666.3
     1     1     7     8    29    23     0     1   -13.0  -21.632  -50.939   3242.1    660.0
     1     1     7     8    29    22     0     2   -14.0  -21.447  -51.139   3303.6    657.4
     1     1     7     8    29    21     0     3   -15.0  -21.272  -51.355   3347.0    655.7
     1     1     7     8    29    20     0     2   -16.0  -21.103  -51.573   3363.1    655.1
     1     1     7     8    29    19     0     1   -17.0  -20.934  -51.785   3350.2    656.5
     1     1     7     8    29    18     0     0   -18.0  -20.760  -51.992   3320.6    658.6
     1     1     7     8    29    17     0     1   -19.0  -20.579  -52.189   3297.2    661.6
     1     1     7     8    29    16     0     2   -20.0  -20.394  -52.371   3290.9    661.9
     1     1     7     8    29    15     0     3   -21.0  -20.208  -52.537   3296.4    661.5
     1     1     7     8    29    14     0     2   -22.0  -20.029  -52.693   3307.9    660.4
     1     1     7     8    29    13     0     1   -23.0  -19.863  -52.849   3315.7    657.6
     1     1     7     8    29    12     0     0   -24.0  -19.710  -53.013   3319.1    654.6
     1     1     7     8    29    11     0     1   -25.0  -19.566  -53.177   3316.1    650.6
     1     1     7     8    29    10     0     2   -26.0  -19.427  -53.329   3314.5    648.0
     1     1     7     8    29     9     0     3   -27.0  -19.292  -53.468   3319.9    645.7
     1     1     7     8    29     8     0     2   -28.0  -19.160  -53.604   3330.7    643.8
     1     1     7     8    29     7     0     1   -29.0  -19.030  -53.751   3343.5    643.1
     1     1     7     8    29     6     0     0   -30.0  -18.902  -53.913   3357.7    643.1
     1     1     7     8    29     5     0     1   -31.0  -18.764  -54.093   3371.6    644.9
     1     1     7     8    29     4     0     2   -32.0  -18.605  -54.286   3382.1    647.8
     1     1     7     8    29     3     0     3   -33.0  -18.428  -54.486   3381.8    651.8
     1     1     7     8    29     2     0     2   -34.0  -18.235  -54.682   3360.1    657.0
     1     1     7     8    29     1     0     1   -35.0  -18.027  -54.860   3311.9    664.9
     1     1     7     8    29     0     0     0   -36.0  -17.809  -55.020   3245.8    673.4
     1     1     7     8    28    23     0     1   -37.0  -17.590  -55.161   3190.3    679.7
     1     1     7     8    28    22     0     2   -38.0  -17.381  -55.291   3163.0    681.6
     1     1     7     8    28    21     0     3   -39.0  -17.190  -55.419   3157.7    681.6
     1     1     7     8    28    20     0     2   -40.0  -17.004  -55.550   3158.9    681.0
     1     1     7     8    28    19     0     1   -41.0  -16.810  -55.685   3155.7    681.7
     1     1     7     8    28    18     0     0   -42.0  -16.607  -55.821   3154.4    682.7
     1     1     7     8    28    17     0     1   -43.0  -16.398  -55.949   3154.6    683.5
     1     1     7     8    28    16     0     2   -44.0  -16.182  -56.054   3152.8    684.3
     1     1     7     8    28    15     0     3   -45.0  -15.957  -56.139   3150.7    684.1
     1     1     7     8    28    14     0     2   -46.0  -15.732  -56.205   3156.2    682.6
     1     1     7     8    28    13     0     1   -47.0  -15.518  -56.257   3172.2    679.5
     1     1     7     8    28    12     0     0   -48.0  -15.314  -56.297   3190.0    676.5
     1     1     7     8    28    11     0     1   -49.0  -15.110  -56.327   3207.0    673.9
     1     1     7     8    28    10     0     2   -50.0  -14.896  -56.348   3222.0    670.2
     1     1     7     8    28     9     0     3   -51.0  -14.673  -56.364   3234.1    665.6
     1     1     7     8    28     8     0     2   -52.0  -14.456  -56.376   3239.5    661.5
     1     1     7     8    28     7     0     1   -53.0  -14.252  -56.380   3232.5    659.1
     1     1     7     8    28     6     0     0   -54.0  -14.055  -56.374   3213.7    657.8
     1     1     7     8    28     5     0     1   -55.0  -13.862  -56.351   3198.3    660.3
     1     1     7     8    28     4     0     2   -56.0  -13.672  -56.310   3198.3    662.3
     1     1     7     8    28     3     0     3   -57.0  -13.489  -56.250   3220.4    662.3
     1     1     7     8    28     2     0     2   -58.0  -13.317  -56.191   3263.0    659.5
     1     1     7     8    28     1     0     1   -59.0  -13.151  -56.147   3316.5    655.9
     1     1     7     8    28     0     0     0   -60.0  -12.985  -56.120   3373.1    651.9
     1     1     7     8    27    23     0     1   -61.0  -12.812  -56.097   3428.0    647.2
     1     1     7     8    27    22     0     2   -62.0  -12.628  -56.062   3482.5    642.3
     1     1     7     8    27    21     0     3   -63.0  -12.431  -56.010   3529.2    637.9
     1     1     7     8    27    20     0     2   -64.0  -12.233  -55.945   3553.5    635.5
     1     1     7     8    27    19     0     1   -65.0  -12.043  -55.877   3545.2    636.3
     1     1     7     8    27    18     0     0   -66.0  -11.868  -55.811   3510.5    640.3
     1     1     7     8    27    17     0     1   -67.0  -11.714  -55.735   3474.5    645.7
     1     1     7     8    27    16     0     2   -68.0  -11.581  -55.646   3462.8    647.8
     1     1     7     8    27    15     0     3   -69.0  -11.463  -55.551   3483.2    647.1
     1     1     7     8    27    14     0     2   -70.0  -11.359  -55.453   3520.8    642.8
     1     1     7     8    27    13     0     1   -71.0  -11.265  -55.350   3555.5    640.2
     1     1     7     8    27    12     0     0   -72.0  -11.182  -55.241   3586.6    637.7
     1     1     7     8    27    11     0     1   -73.0  -11.108  -55.129   3609.0    635.2
     1     1     7     8    27    10     0     2   -74.0  -11.043  -55.019   3615.1    634.0
     1     1     7     8    27     9     0     3   -75.0  -10.985  -54.911   3601.9    635.1
     1     1     7     8    27     8     0     2   -76.0  -10.931  -54.796   3575.6    638.5
     1     1     7     8    27     7     0     1   -77.0  -10.880  -54.669   3545.2    641.3
     1     1     7     8    27     6     0     0   -78.0  -10.832  -54.532   3511.1    644.3
     1     1     7     8    27     5     0     1   -79.0  -10.787  -54.394   3475.2    647.8
     1     1     7     8    27     4     0     2   -80.0  -10.746  -54.255   3436.9    650.9
     1     1     7     8    27     3     0     3   -81.0  -10.708  -54.115   3390.7    654.6
     1     1     7     8    27     2     0     2   -82.0  -10.676  -53.981   3339.0    658.9
     1     1     7     8    27     1     0     1   -83.0  -10.654  -53.858   3293.0    663.2
     1     1     7     8    27     0     0     0   -84.0  -10.640  -53.743   3258.2    666.3
     1     1     7     8    26    23     0     1   -85.0  -10.628  -53.634   3222.2    668.2
     1     1     7     8    26    22     0     2   -86.0  -10.616  -53.530   3171.0    672.4
     1     1     7     8    26    21     0     3   -87.0  -10.607  -53.430   3104.7    677.9
     1     1     7     8    26    20     0     2   -88.0  -10.600  -53.334   3036.4    685.1
     1     1     7     8    26    19     0     1   -89.0  -10.590  -53.239   2979.4    690.5
     1     1     7     8    26    18     0     0   -90.0  -10.579  -53.144   2934.9    694.9
     1     1     7     8    26    17     0     1   -91.0  -10.562  -53.050   2900.1    698.3
     1     1     7     8    26    16     0     2   -92.0  -10.538  -52.959   2869.9    701.2
     1     1     7     8    26    15     0     3   -93.0  -10.503  -52.870   2843.3    703.5
     1     1     7     8    26    14     0     2   -94.0  -10.461  -52.792   2821.5    705.2
     1     1     7     8    26    13     0     1   -95.0  -10.415  -52.731   2806.0    706.3
     1     1     7     8    26    12     0     0   -96.0  -10.365  -52.688   2797.4    706.9
     1     1     7     8    26    11     0     1   -97.0  -10.302  -52.655   2798.4    706.3
     1     1     7     8    26    10     0     2   -98.0  -10.220  -52.623   2810.7    704.5
     1     1     7     8    26     9     0     3   -99.0  -10.119  -52.592   2833.3    701.8
     1     1     7     8    26     8     0     2  -100.0  -10.007  -52.559   2861.9    699.0
     1     1     7     8    26     7     0     1  -101.0   -9.896  -52.523   2890.3    695.9
     1     1     7     8    26     6     0     0  -102.0   -9.784  -52.485   2916.1    693.1
     1     1     7     8    26     5     0     1  -103.0   -9.674  -52.443   2940.3    691.2
     1     1     7     8    26     4     0     2  -104.0   -9.571  -52.397   2966.8    689.1
     1     1     7     8    26     3     0     3  -105.0   -9.473  -52.348   2998.5    686.5
     1     1     7     8    26     2     0     2  -106.0   -9.381  -52.298   3031.3    682.9
     1     1     7     8    26     1     0     1  -107.0   -9.292  -52.245   3060.5    680.1
     1     1     7     8    26     0     0     0  -108.0   -9.208  -52.191   3087.1    677.5
     1     1     7     8    25    23     0     1  -109.0   -9.133  -52.135   3112.9    674.9
     1     1     7     8    25    22     0     2  -110.0   -9.071  -52.072   3139.1    672.3
     1     1     7     8    25    21     0     3  -111.0   -9.021  -52.003   3165.0    669.6
     1     1     7     8    25    20     0     2  -112.0   -8.979  -51.930   3190.1    667.4
     1     1     7     8    25    19     0     1  -113.0   -8.940  -51.853   3213.8    665.1
     1     1     7     8    25    18     0     0  -114.0   -8.905  -51.771   3233.1    663.3
     1     1     7     8    25    17     0     1  -115.0   -8.871  -51.689   3250.5    662.1
     1     1     7     8    25    16     0     2  -116.0   -8.838  -51.610   3270.9    660.4
     1     1     7     8    25    15     0     3  -117.0   -8.803  -51.533   3295.0    658.5
     1     1     7     8    25    14     0     2  -118.0   -8.767  -51.462   3321.5    655.8
     1     1     7     8    25    13     0     1  -119.0   -8.730  -51.405   3349.1    653.3
     1     1     7     8    25    12     0     0  -120.0   -8.692  -51.362   3378.2    650.8
