     7     1
    GDAS     7     7    22     0     0
    GDAS     7     8     8     0     0
    GDAS     7     8    15     0     0
    GDAS     7     8    22     0     0
    GDAS     7     8    29     0     0
    GDAS     7     8     1     0     0
    GDAS     7     7    29     0     0
     1 BACKWARD OMEGA   
     7     8    26    12  -23.561  -46.740  4000.0
     1 PRESSURE
     1     1     7     8    26    12     0     0     0.0  -23.561  -46.740   4000.0    584.7
     1     1     7     8    26    11     0     1    -1.0  -23.380  -47.036   3949.7    583.8
     1     1     7     8    26    10     0     2    -2.0  -23.185  -47.367   3920.0    588.1
     1     1     7     8    26     9     0     3    -3.0  -22.985  -47.731   3914.8    593.6
     1     1     7     8    26     8     0     2    -4.0  -22.790  -48.109   3912.3    594.7
     1     1     7     8    26     7     0     1    -5.0  -22.593  -48.482   3897.0    591.7
     1     1     7     8    26     6     0     0    -6.0  -22.389  -48.848   3890.7    592.5
     1     1     7     8    26     5     0     1    -7.0  -22.190  -49.198   3895.5    596.8
     1     1     7     8    26     4     0     2    -8.0  -22.000  -49.520   3899.3    600.9
     1     1     7     8    26     3     0     3    -9.0  -21.817  -49.811   3900.4    602.0
     1     1     7     8    26     2     0     2   -10.0  -21.634  -50.080   3909.8    602.2
     1     1     7     8    26     1     0     1   -11.0  -21.448  -50.334   3934.9    601.9
     1     1     7     8    26     0     0     0   -12.0  -21.263  -50.573   3979.0    601.0
     1     1     7     8    25    23     0     1   -13.0  -21.073  -50.797   4033.0    598.8
     1     1     7     8    25    22     0     2   -14.0  -20.871  -51.003   4082.8    596.8
     1     1     7     8    25    21     0     3   -15.0  -20.659  -51.193   4121.6    592.7
     1     1     7     8    25    20     0     2   -16.0  -20.445  -51.364   4153.8    589.8
     1     1     7     8    25    19     0     1   -17.0  -20.236  -51.518   4178.4    587.2
     1     1     7     8    25    18     0     0   -18.0  -20.036  -51.659   4192.9    585.2
     1     1     7     8    25    17     0     1   -19.0  -19.849  -51.785   4197.7    583.2
     1     1     7     8    25    16     0     2   -20.0  -19.677  -51.898   4201.4    580.7
     1     1     7     8    25    15     0     3   -21.0  -19.518  -52.000   4206.2    578.1
     1     1     7     8    25    14     0     2   -22.0  -19.368  -52.101   4220.3    575.6
     1     1     7     8    25    13     0     1   -23.0  -19.219  -52.205   4246.3    571.7
     1     1     7     8    25    12     0     0   -24.0  -19.070  -52.311   4281.7    567.0
     1     1     7     8    25    11     0     1   -25.0  -18.915  -52.408   4320.9    561.9
     1     1     7     8    25    10     0     2   -26.0  -18.754  -52.485   4357.4    557.9
     1     1     7     8    25     9     0     3   -27.0  -18.584  -52.540   4388.6    554.2
     1     1     7     8    25     8     0     2   -28.0  -18.405  -52.572   4414.2    551.2
     1     1     7     8    25     7     0     1   -29.0  -18.218  -52.578   4433.4    548.6
     1     1     7     8    25     6     0     0   -30.0  -18.024  -52.558   4444.4    546.5
     1     1     7     8    25     5     0     1   -31.0  -17.833  -52.512   4455.5    546.7
     1     1     7     8    25     4     0     2   -32.0  -17.651  -52.439   4470.4    546.4
     1     1     7     8    25     3     0     3   -33.0  -17.476  -52.339   4493.0    545.2
     1     1     7     8    25     2     0     2   -34.0  -17.311  -52.217   4526.5    542.3
     1     1     7     8    25     1     0     1   -35.0  -17.157  -52.078   4570.4    538.0
     1     1     7     8    25     0     0     0   -36.0  -17.014  -51.926   4623.5    533.8
     1     1     7     8    24    23     0     1   -37.0  -16.885  -51.773   4685.3    532.3
     1     1     7     8    24    22     0     2   -38.0  -16.774  -51.626   4736.3    531.6
     1     1     7     8    24    21     0     3   -39.0  -16.680  -51.486   4777.4    530.9
     1     1     7     8    24    20     0     2   -40.0  -16.602  -51.353   4811.0    530.7
     1     1     7     8    24    19     0     1   -41.0  -16.537  -51.224   4838.3    530.4
     1     1     7     8    24    18     0     0   -42.0  -16.482  -51.099   4858.6    530.1
     1     1     7     8    24    17     0     1   -43.0  -16.429  -50.973   4871.9    530.0
     1     1     7     8    24    16     0     2   -44.0  -16.378  -50.838   4878.5    529.0
     1     1     7     8    24    15     0     3   -45.0  -16.331  -50.691   4883.9    527.6
     1     1     7     8    24    14     0     2   -46.0  -16.285  -50.534   4888.9    525.6
     1     1     7     8    24    13     0     1   -47.0  -16.240  -50.372   4893.2    523.3
     1     1     7     8    24    12     0     0   -48.0  -16.198  -50.209   4896.3    520.9
     1     1     7     8    24    11     0     1   -49.0  -16.157  -50.038   4895.9    518.0
     1     1     7     8    24    10     0     2   -50.0  -16.116  -49.856   4891.2    515.4
     1     1     7     8    24     9     0     3   -51.0  -16.080  -49.665   4883.0    512.7
     1     1     7     8    24     8     0     2   -52.0  -16.058  -49.465   4875.6    510.5
     1     1     7     8    24     7     0     1   -53.0  -16.060  -49.249   4874.4    507.6
     1     1     7     8    24     6     0     0   -54.0  -16.087  -49.022   4880.1    504.2
     1     1     7     8    24     5     0     1   -55.0  -16.133  -48.787   4907.6    502.3
     1     1     7     8    24     4     0     2   -56.0  -16.194  -48.550   4958.3    498.5
     1     1     7     8    24     3     0     3   -57.0  -16.274  -48.312   5028.8    493.4
     1     1     7     8    24     2     0     2   -58.0  -16.378  -48.080   5111.7    487.1
     1     1     7     8    24     1     0     1   -59.0  -16.505  -47.858   5206.6    482.5
     1     1     7     8    24     0     0     0   -60.0  -16.646  -47.643   5308.7    479.0
     1     1     7     8    23    23     0     1   -61.0  -16.808  -47.438   5414.9    475.4
     1     1     7     8    23    22     0     2   -62.0  -17.001  -47.241   5527.9    471.8
     1     1     7     8    23    21     0     3   -63.0  -17.224  -47.050   5645.3    466.8
     1     1     7     8    23    20     0     2   -64.0  -17.471  -46.872   5759.0    460.6
     1     1     7     8    23    19     0     1   -65.0  -17.732  -46.712   5859.6    454.7
     1     1     7     8    23    18     0     0   -66.0  -18.008  -46.565   5945.0    449.1
     1     1     7     8    23    17     0     1   -67.0  -18.297  -46.434   6017.9    443.1
     1     1     7     8    23    16     0     2   -68.0  -18.601  -46.317   6095.8    436.7
     1     1     7     8    23    15     0     3   -69.0  -18.927  -46.208   6181.1    430.2
     1     1     7     8    23    14     0     2   -70.0  -19.274  -46.109   6276.4    423.2
     1     1     7     8    23    13     0     1   -71.0  -19.640  -46.035   6378.7    415.1
     1     1     7     8    23    12     0     0   -72.0  -20.034  -45.991   6484.2    406.8
     1     1     7     8    23    11     0     1   -73.0  -20.449  -45.987   6604.2    401.0
     1     1     7     8    23    10     0     2   -74.0  -20.875  -46.024   6718.0    396.0
     1     1     7     8    23     9     0     3   -75.0  -21.324  -46.097   6815.6    389.3
     1     1     7     8    23     8     0     2   -76.0  -21.800  -46.206   6914.8    381.9
     1     1     7     8    23     7     0     1   -77.0  -22.293  -46.341   7037.2    376.1
     1     1     7     8    23     6     0     0   -78.0  -22.790  -46.489   7186.4    371.7
     1     1     7     8    23     5     0     1   -79.0  -23.285  -46.656   7396.3    370.4
     1     1     7     8    23     4     0     2   -80.0  -23.793  -46.859   7619.1    366.1
     1     1     7     8    23     3     0     3   -81.0  -24.329  -47.104   7836.8    362.5
     1     1     7     8    23     2     0     2   -82.0  -24.870  -47.396   8034.5    364.3
     1     1     7     8    23     1     0     1   -83.0  -25.392  -47.736   8137.2    364.0
     1     1     7     8    23     0     0     0   -84.0  -25.904  -48.118   8216.5    362.3
     1     1     7     8    22    23     0     1   -85.0  -26.411  -48.556   8216.2    353.2
     1     1     7     8    22    22     0     2   -86.0  -26.910  -49.068   8253.6    347.3
     1     1     7     8    22    21     0     3   -87.0  -27.393  -49.683   8154.0    329.0
     1     1     7     8    22    20     0     2   -88.0  -27.877  -50.426   8097.5    317.4
     1     1     7     8    22    19     0     1   -89.0  -28.349  -51.223   8195.5    324.9
     1     1     7     8    22    18     0     0   -90.0  -28.773  -52.022   8250.7    333.0
     1     1     7     8    22    17     0     1   -91.0  -29.121  -52.834   8236.2    337.6
     1     1     7     8    22    16     0     2   -92.0  -29.405  -53.658   8289.2    345.0
     1     1     7     8    22    15     0     3   -93.0  -29.643  -54.462   8331.7    347.1
     1     1     7     8    22    14     0     2   -94.0  -29.837  -55.267   8368.5    347.2
     1     1     7     8    22    13     0     1   -95.0  -30.004  -56.097   8423.4    345.4
     1     1     7     8    22    12     0     0   -96.0  -30.163  -56.950   8524.3    341.5
     1     1     7     8    22    11     0     1   -97.0  -30.266  -57.811   8628.2    337.1
     1     1     7     8    22    10     0     2   -98.0  -30.296  -58.667   8688.5    334.6
     1     1     7     8    22     9     0     3   -99.0  -30.313  -59.513   8758.4    331.7
     1     1     7     8    22     8     0     2  -100.0  -30.349  -60.354   8844.0    327.7
     1     1     7     8    22     7     0     1  -101.0  -30.396  -61.201   8950.7    321.7
     1     1     7     8    22     6     0     0  -102.0  -30.458  -62.060   9098.0    313.5
     1     1     7     8    22     5     0     1  -103.0  -30.530  -62.986   9284.1    305.4
     1     1     7     8    22     4     0     2  -104.0  -30.598  -64.105   9282.7    285.9
     1     1     7     8    22     3     0     3  -105.0  -30.659  -65.457   9482.6    279.5
     1     1     7     8    22     2     0     2  -106.0  -30.672  -66.948   9454.0    262.9
     1     1     7     8    22     1     0     1  -107.0  -30.608  -68.696   9238.0    240.8
     1     1     7     8    22     0     0     0  -108.0  -30.417  -70.889   9392.7    242.0
     1     1     7     8    21    23     0     1  -109.0  -30.192  -72.651   9999.4    276.2
     1     1     7     8    21    22     0     2  -110.0  -29.875  -74.316  10049.5    274.1
     1     1     7     8    21    21     0     3  -111.0  -29.498  -76.023  10120.6    269.9
     1     1     7     8    21    20     0     2  -112.0  -29.053  -77.744  10171.4    267.7
     1     1     7     8    21    19     0     1  -113.0  -28.537  -79.462  10166.4    268.3
     1     1     7     8    21    18     0     0  -114.0  -27.975  -81.211  10128.4    270.1
     1     1     7     8    21    17     0     1  -115.0  -27.408  -82.930  10081.2    271.9
     1     1     7     8    21    16     0     2  -116.0  -26.840  -84.583  10074.4    272.2
     1     1     7     8    21    15     0     3  -117.0  -26.258  -86.218  10070.1    272.8
     1     1     7     8    21    14     0     2  -118.0  -25.702  -87.829  10044.1    274.2
     1     1     7     8    21    13     0     1  -119.0  -25.221  -89.409  10043.4    273.9
     1     1     7     8    21    12     0     0  -120.0  -24.812  -90.968  10095.3    271.8
