     7     1
    GDAS     7     7    22     0     0
    GDAS     7     8     8     0     0
    GDAS     7     8    15     0     0
    GDAS     7     8    22     0     0
    GDAS     7     8    29     0     0
    GDAS     7     8     1     0     0
    GDAS     7     7    29     0     0
     1 BACKWARD OMEGA   
     7     8    31     6  -23.561  -46.740  4000.0
     1 PRESSURE
     1     1     7     8    31     6     0     0     0.0  -23.561  -46.740   4000.0    587.7
     1     1     7     8    31     5     0     1    -1.0  -23.573  -47.071   3911.7    592.7
     1     1     7     8    31     4     0     2    -2.0  -23.568  -47.394   3842.2    599.5
     1     1     7     8    31     3     0     3    -3.0  -23.551  -47.704   3785.1    605.1
     1     1     7     8    31     2     0     2    -4.0  -23.531  -47.999   3731.4    610.1
     1     1     7     8    31     1     0     1    -5.0  -23.517  -48.279   3670.8    612.0
     1     1     7     8    31     0     0     0    -6.0  -23.507  -48.544   3614.6    612.9
     1     1     7     8    30    23     0     1    -7.0  -23.492  -48.795   3567.2    613.7
     1     1     7     8    30    22     0     2    -8.0  -23.455  -49.027   3538.7    613.5
     1     1     7     8    30    21     0     3    -9.0  -23.396  -49.241   3544.2    615.2
     1     1     7     8    30    20     0     2   -10.0  -23.322  -49.448   3569.0    615.4
     1     1     7     8    30    19     0     1   -11.0  -23.245  -49.663   3604.7    616.5
     1     1     7     8    30    18     0     0   -12.0  -23.167  -49.885   3650.3    617.5
     1     1     7     8    30    17     0     1   -13.0  -23.088  -50.113   3702.6    617.3
     1     1     7     8    30    16     0     2   -14.0  -23.006  -50.344   3766.8    615.1
     1     1     7     8    30    15     0     3   -15.0  -22.918  -50.572   3850.7    609.7
     1     1     7     8    30    14     0     2   -16.0  -22.831  -50.801   3934.6    602.0
     1     1     7     8    30    13     0     1   -17.0  -22.751  -51.038   3995.3    598.3
     1     1     7     8    30    12     0     0   -18.0  -22.679  -51.289   4035.7    597.5
     1     1     7     8    30    11     0     1   -19.0  -22.606  -51.565   4058.5    599.0
     1     1     7     8    30    10     0     2   -20.0  -22.523  -51.871   4076.4    601.2
     1     1     7     8    30     9     0     3   -21.0  -22.427  -52.206   4090.1    601.7
     1     1     7     8    30     8     0     2   -22.0  -22.312  -52.563   4087.8    600.7
     1     1     7     8    30     7     0     1   -23.0  -22.174  -52.935   4066.5    602.0
     1     1     7     8    30     6     0     0   -24.0  -22.017  -53.320   4043.7    606.0
     1     1     7     8    30     5     0     1   -25.0  -21.837  -53.712   4020.7    609.8
     1     1     7     8    30     4     0     2   -26.0  -21.641  -54.110   3999.9    609.3
     1     1     7     8    30     3     0     3   -27.0  -21.446  -54.510   3990.5    605.9
     1     1     7     8    30     2     0     2   -28.0  -21.249  -54.910   3993.9    602.7
     1     1     7     8    30     1     0     1   -29.0  -21.030  -55.313   4010.6    604.4
     1     1     7     8    30     0     0     0   -30.0  -20.782  -55.727   4052.0    606.8
     1     1     7     8    29    23     0     1   -31.0  -20.517  -56.130   4105.8    606.9
     1     1     7     8    29    22     0     2   -32.0  -20.245  -56.497   4142.7    606.2
     1     1     7     8    29    21     0     3   -33.0  -19.966  -56.824   4158.7    607.8
     1     1     7     8    29    20     0     2   -34.0  -19.689  -57.126   4151.4    609.3
     1     1     7     8    29    19     0     1   -35.0  -19.416  -57.419   4123.4    611.7
     1     1     7     8    29    18     0     0   -36.0  -19.146  -57.705   4076.5    614.1
     1     1     7     8    29    17     0     1   -37.0  -18.881  -57.982   4027.3    616.4
     1     1     7     8    29    16     0     2   -38.0  -18.626  -58.247   3990.2    616.1
     1     1     7     8    29    15     0     3   -39.0  -18.386  -58.503   3963.0    614.3
     1     1     7     8    29    14     0     2   -40.0  -18.158  -58.752   3946.1    611.0
     1     1     7     8    29    13     0     1   -41.0  -17.935  -58.995   3946.2    607.8
     1     1     7     8    29    12     0     0   -42.0  -17.708  -59.229   3974.8    609.7
     1     1     7     8    29    11     0     1   -43.0  -17.478  -59.446   4001.4    609.4
     1     1     7     8    29    10     0     2   -44.0  -17.255  -59.645   4013.1    608.9
     1     1     7     8    29     9     0     3   -45.0  -17.041  -59.822   4001.8    609.0
     1     1     7     8    29     8     0     2   -46.0  -16.843  -59.995   3972.7    609.7
     1     1     7     8    29     7     0     1   -47.0  -16.662  -60.182   3946.9    611.2
     1     1     7     8    29     6     0     0   -48.0  -16.492  -60.383   3924.5    613.1
     1     1     7     8    29     5     0     1   -49.0  -16.325  -60.601   3912.6    614.5
     1     1     7     8    29     4     0     2   -50.0  -16.153  -60.840   3914.9    614.9
     1     1     7     8    29     3     0     3   -51.0  -15.977  -61.094   3922.5    613.9
     1     1     7     8    29     2     0     2   -52.0  -15.794  -61.363   3915.6    612.7
     1     1     7     8    29     1     0     1   -53.0  -15.601  -61.640   3887.3    615.3
     1     1     7     8    29     0     0     0   -54.0  -15.404  -61.919   3837.7    620.8
     1     1     7     8    28    23     0     1   -55.0  -15.199  -62.186   3775.1    628.8
     1     1     7     8    28    22     0     2   -56.0  -14.983  -62.437   3710.9    634.8
     1     1     7     8    28    21     0     3   -57.0  -14.759  -62.680   3657.9    638.1
     1     1     7     8    28    20     0     2   -58.0  -14.527  -62.913   3630.8    641.0
     1     1     7     8    28    19     0     1   -59.0  -14.284  -63.129   3630.8    642.9
     1     1     7     8    28    18     0     0   -60.0  -14.034  -63.329   3657.7    642.3
     1     1     7     8    28    17     0     1   -61.0  -13.780  -63.513   3710.9    638.9
     1     1     7     8    28    16     0     2   -62.0  -13.523  -63.683   3788.5    634.2
     1     1     7     8    28    15     0     3   -63.0  -13.259  -63.839   3893.1    628.0
     1     1     7     8    28    14     0     2   -64.0  -12.999  -63.993   4010.6    619.3
     1     1     7     8    28    13     0     1   -65.0  -12.751  -64.164   4098.4    609.8
     1     1     7     8    28    12     0     0   -66.0  -12.511  -64.357   4141.9    605.7
     1     1     7     8    28    11     0     1   -67.0  -12.280  -64.554   4162.1    605.6
     1     1     7     8    28    10     0     2   -68.0  -12.057  -64.739   4187.1    604.6
     1     1     7     8    28     9     0     3   -69.0  -11.845  -64.913   4218.5    602.3
     1     1     7     8    28     8     0     2   -70.0  -11.642  -65.073   4237.0    600.0
     1     1     7     8    28     7     0     1   -71.0  -11.447  -65.212   4224.1    600.9
     1     1     7     8    28     6     0     0   -72.0  -11.262  -65.331   4182.4    604.0
     1     1     7     8    28     5     0     1   -73.0  -11.084  -65.433   4136.7    609.1
     1     1     7     8    28     4     0     2   -74.0  -10.909  -65.518   4124.0    611.1
     1     1     7     8    28     3     0     3   -75.0  -10.739  -65.593   4159.6    608.9
     1     1     7     8    28     2     0     2   -76.0  -10.582  -65.662   4209.7    602.3
     1     1     7     8    28     1     0     1   -77.0  -10.439  -65.724   4234.0    600.3
     1     1     7     8    28     0     0     0   -78.0  -10.308  -65.779   4227.9    600.5
     1     1     7     8    27    23     0     1   -79.0  -10.190  -65.825   4205.2    603.2
     1     1     7     8    27    22     0     2   -80.0  -10.087  -65.863   4180.1    604.8
     1     1     7     8    27    21     0     3   -81.0   -9.994  -65.892   4149.3    606.8
     1     1     7     8    27    20     0     2   -82.0   -9.900  -65.918   4119.8    610.4
     1     1     7     8    27    19     0     1   -83.0   -9.797  -65.950   4100.9    612.8
     1     1     7     8    27    18     0     0   -84.0   -9.687  -65.987   4096.7    614.2
     1     1     7     8    27    17     0     1   -85.0   -9.575  -66.025   4094.4    614.1
     1     1     7     8    27    16     0     2   -86.0   -9.464  -66.060   4077.1    616.2
     1     1     7     8    27    15     0     3   -87.0   -9.357  -66.088   4042.5    619.5
     1     1     7     8    27    14     0     2   -88.0   -9.253  -66.103   3994.1    623.9
     1     1     7     8    27    13     0     1   -89.0   -9.152  -66.099   3938.3    628.6
     1     1     7     8    27    12     0     0   -90.0   -9.055  -66.077   3876.0    633.9
     1     1     7     8    27    11     0     1   -91.0   -8.961  -66.034   3803.4    639.5
     1     1     7     8    27    10     0     2   -92.0   -8.871  -65.968   3714.4    646.1
     1     1     7     8    27     9     0     3   -93.0   -8.793  -65.887   3610.7    653.9
     1     1     7     8    27     8     0     2   -94.0   -8.732  -65.799   3503.7    662.7
     1     1     7     8    27     7     0     1   -95.0   -8.681  -65.709   3400.4    670.8
     1     1     7     8    27     6     0     0   -96.0   -8.635  -65.614   3301.2    678.7
     1     1     7     8    27     5     0     1   -97.0   -8.592  -65.508   3213.6    686.4
     1     1     7     8    27     4     0     2   -98.0   -8.549  -65.389   3146.0    691.9
     1     1     7     8    27     3     0     3   -99.0   -8.501  -65.258   3100.7    695.4
     1     1     7     8    27     2     0     2  -100.0   -8.445  -65.119   3075.4    696.4
     1     1     7     8    27     1     0     1  -101.0   -8.380  -64.979   3061.6    696.4
     1     1     7     8    27     0     0     0  -102.0   -8.306  -64.837   3046.9    697.3
     1     1     7     8    26    23     0     1  -103.0   -8.222  -64.705   3022.7    699.9
     1     1     7     8    26    22     0     2  -104.0   -8.124  -64.589   2991.7    703.0
     1     1     7     8    26    21     0     3  -105.0   -8.012  -64.488   2955.5    706.5
     1     1     7     8    26    20     0     2  -106.0   -7.893  -64.390   2912.8    710.7
     1     1     7     8    26    19     0     1  -107.0   -7.770  -64.288   2864.2    715.9
     1     1     7     8    26    18     0     0  -108.0   -7.641  -64.181   2815.9    720.9
     1     1     7     8    26    17     0     1  -109.0   -7.508  -64.055   2774.5    725.4
     1     1     7     8    26    16     0     2  -110.0   -7.374  -63.897   2747.1    728.4
     1     1     7     8    26    15     0     3  -111.0   -7.235  -63.705   2739.1    729.4
     1     1     7     8    26    14     0     2  -112.0   -7.091  -63.491   2754.9    728.1
     1     1     7     8    26    13     0     1  -113.0   -6.941  -63.272   2793.0    724.3
     1     1     7     8    26    12     0     0  -114.0   -6.785  -63.053   2847.3    719.2
     1     1     7     8    26    11     0     1  -115.0   -6.623  -62.833   2901.7    712.8
     1     1     7     8    26    10     0     2  -116.0   -6.463  -62.611   2948.0    709.2
     1     1     7     8    26     9     0     3  -117.0   -6.311  -62.395   2995.8    705.5
     1     1     7     8    26     8     0     2  -118.0   -6.171  -62.182   3038.7    701.8
     1     1     7     8    26     7     0     1  -119.0   -6.047  -61.968   3068.6    700.4
     1     1     7     8    26     6     0     0  -120.0   -5.937  -61.752   3089.7    698.4
