     7     1
    GDAS     7     7    22     0     0
    GDAS     7     8     8     0     0
    GDAS     7     8    15     0     0
    GDAS     7     8    22     0     0
    GDAS     7     8    29     0     0
    GDAS     7     8     1     0     0
    GDAS     7     7    29     0     0
     1 BACKWARD OMEGA   
     7     8    12     6  -23.561  -46.740  4000.0
     1 PRESSURE
     1     1     7     8    12     6     0     0     0.0  -23.561  -46.740   4000.0    588.1
     1     1     7     8    12     5     0     1    -1.0  -23.648  -46.869   4114.0    580.4
     1     1     7     8    12     4     0     2    -2.0  -23.734  -47.010   4221.5    572.2
     1     1     7     8    12     3     0     3    -3.0  -23.820  -47.158   4333.7    565.1
     1     1     7     8    12     2     0     2    -4.0  -23.904  -47.309   4439.1    556.9
     1     1     7     8    12     1     0     1    -5.0  -23.990  -47.461   4524.3    550.1
     1     1     7     8    12     0     0     0    -6.0  -24.080  -47.614   4586.9    547.1
     1     1     7     8    11    23     0     1    -7.0  -24.176  -47.779   4620.5    547.2
     1     1     7     8    11    22     0     2    -8.0  -24.283  -47.966   4630.4    548.6
     1     1     7     8    11    21     0     3    -9.0  -24.405  -48.177   4614.2    550.6
     1     1     7     8    11    20     0     2   -10.0  -24.538  -48.416   4578.1    552.9
     1     1     7     8    11    19     0     1   -11.0  -24.684  -48.692   4527.5    553.3
     1     1     7     8    11    18     0     0   -12.0  -24.852  -49.012   4458.8    551.7
     1     1     7     8    11    17     0     1   -13.0  -25.040  -49.369   4400.3    551.1
     1     1     7     8    11    16     0     2   -14.0  -25.230  -49.762   4368.9    545.7
     1     1     7     8    11    15     0     3   -15.0  -25.418  -50.190   4375.8    540.4
     1     1     7     8    11    14     0     2   -16.0  -25.606  -50.646   4418.4    539.1
     1     1     7     8    11    13     0     1   -17.0  -25.808  -51.123   4469.3    537.3
     1     1     7     8    11    12     0     0   -18.0  -26.034  -51.617   4520.3    532.2
     1     1     7     8    11    11     0     1   -19.0  -26.258  -52.177   4582.6    530.1
     1     1     7     8    11    10     0     2   -20.0  -26.449  -52.806   4670.1    540.6
     1     1     7     8    11     9     0     3   -21.0  -26.616  -53.482   4723.2    544.7
     1     1     7     8    11     8     0     2   -22.0  -26.760  -54.194   4745.1    548.1
     1     1     7     8    11     7     0     1   -23.0  -26.877  -54.931   4764.3    552.8
     1     1     7     8    11     6     0     0   -24.0  -26.969  -55.678   4779.3    558.8
     1     1     7     8    11     5     0     1   -25.0  -27.038  -56.415   4786.8    564.6
     1     1     7     8    11     4     0     2   -26.0  -27.083  -57.134   4786.9    567.0
     1     1     7     8    11     3     0     3   -27.0  -27.100  -57.832   4770.1    567.7
     1     1     7     8    11     2     0     2   -28.0  -27.080  -58.512   4758.4    569.9
     1     1     7     8    11     1     0     1   -29.0  -27.024  -59.183   4770.0    568.6
     1     1     7     8    11     0     0     0   -30.0  -26.936  -59.841   4797.2    564.4
     1     1     7     8    10    23     0     1   -31.0  -26.829  -60.464   4846.6    560.5
     1     1     7     8    10    22     0     2   -32.0  -26.722  -61.041   4922.8    555.1
     1     1     7     8    10    21     0     3   -33.0  -26.623  -61.584   4992.1    544.3
     1     1     7     8    10    20     0     2   -34.0  -26.544  -62.115   5041.0    536.7
     1     1     7     8    10    19     0     1   -35.0  -26.500  -62.642   5070.4    537.1
     1     1     7     8    10    18     0     0   -36.0  -26.492  -63.171   5074.5    537.7
     1     1     7     8    10    17     0     1   -37.0  -26.521  -63.722   5057.7    533.4
     1     1     7     8    10    16     0     2   -38.0  -26.587  -64.309   5045.9    526.6
     1     1     7     8    10    15     0     3   -39.0  -26.672  -64.939   5086.7    513.4
     1     1     7     8    10    14     0     2   -40.0  -26.780  -65.758   4989.2    430.8
     1     1     7     8    10    13     0     1   -41.0  -26.903  -66.994   5039.1    353.1
     1     1     7     8    10    12     0     0   -42.0  -26.992  -68.453   4919.8    309.9
     1     1     7     8    10    11     0     1   -43.0  -27.077  -69.824   5457.4    384.7
     1     1     7     8    10    10     0     2   -44.0  -27.321  -70.753   5985.5    449.7
     1     1     7     8    10     9     0     3   -45.0  -27.635  -71.452   6241.2    463.5
     1     1     7     8    10     8     0     2   -46.0  -27.991  -72.128   6393.0    458.0
     1     1     7     8    10     7     0     1   -47.0  -28.393  -72.815   6552.1    450.4
     1     1     7     8    10     6     0     0   -48.0  -28.824  -73.526   6720.8    439.4
     1     1     7     8    10     5     0     1   -49.0  -29.288  -74.267   6928.8    427.6
     1     1     7     8    10     4     0     2   -50.0  -29.800  -75.049   7183.0    410.7
     1     1     7     8    10     3     0     3   -51.0  -30.328  -75.885   7387.7    397.6
     1     1     7     8    10     2     0     2   -52.0  -30.851  -76.748   7561.5    388.4
     1     1     7     8    10     1     0     1   -53.0  -31.386  -77.614   7769.9    376.0
     1     1     7     8    10     0     0     0   -54.0  -31.896  -78.497   7934.4    366.4
     1     1     7     8     9    23     0     1   -55.0  -32.372  -79.395   8032.4    361.6
     1     1     7     8     9    22     0     2   -56.0  -32.852  -80.291   8122.3    356.3
     1     1     7     8     9    21     0     3   -57.0  -33.336  -81.174   8181.1    353.4
     1     1     7     8     9    20     0     2   -58.0  -33.817  -82.025   8195.3    352.2
     1     1     7     8     9    19     0     1   -59.0  -34.287  -82.861   8203.0    352.5
     1     1     7     8     9    18     0     0   -60.0  -34.728  -83.693   8177.9    353.8
     1     1     7     8     9    17     0     1   -61.0  -35.159  -84.508   8162.6    355.2
     1     1     7     8     9    16     0     2   -62.0  -35.601  -85.333   8212.3    351.9
     1     1     7     8     9    15     0     3   -63.0  -36.022  -86.219   8261.9    349.2
     1     1     7     8     9    14     0     2   -64.0  -36.423  -87.157   8271.6    348.6
     1     1     7     8     9    13     0     1   -65.0  -36.803  -88.105   8264.0    349.4
     1     1     7     8     9    12     0     0   -66.0  -37.132  -89.072   8216.0    351.9
     1     1     7     8     9    11     0     1   -67.0  -37.443  -90.065   8125.5    356.5
     1     1     7     8     9    10     0     2   -68.0  -37.773  -91.065   8033.7    362.1
     1     1     7     8     9     9     0     3   -69.0  -38.081  -92.099   7931.3    366.8
     1     1     7     8     9     8     0     2   -70.0  -38.349  -93.178   7824.4    373.9
     1     1     7     8     9     7     0     1   -71.0  -38.589  -94.277   7703.2    380.6
     1     1     7     8     9     6     0     0   -72.0  -38.771  -95.390   7559.1    389.0
     1     1     7     8     9     5     0     1   -73.0  -38.903  -96.498   7409.9    397.9
     1     1     7     8     9     4     0     2   -74.0  -39.013  -97.598   7268.3    406.1
     1     1     7     8     9     3     0     3   -75.0  -39.072  -98.674   7125.1    414.5
     1     1     7     8     9     2     0     2   -76.0  -39.095  -99.723   6992.7    422.9
     1     1     7     8     9     1     0     1   -77.0  -39.107 -100.767   6883.8    429.6
     1     1     7     8     9     0     0     0   -78.0  -39.086 -101.789   6783.6    436.3
     1     1     7     8     8    23     0     1   -79.0  -39.040 -102.769   6709.1    441.3
     1     1     7     8     8    22     0     2   -80.0  -38.991 -103.725   6662.6    444.5
     1     1     7     8     8    21     0     3   -81.0  -38.940 -104.674   6621.5    447.2
     1     1     7     8     8    20     0     2   -82.0  -38.877 -105.599   6553.9    451.7
     1     1     7     8     8    19     0     1   -83.0  -38.793 -106.492   6468.7    458.1
     1     1     7     8     8    18     0     0   -84.0  -38.700 -107.369   6415.5    462.1
     1     1     7     8     8    17     0     1   -85.0  -38.594 -108.252   6370.3    464.6
     1     1     7     8     8    16     0     2   -86.0  -38.458 -109.138   6302.8    469.2
     1     1     7     8     8    15     0     3   -87.0  -38.297 -110.018   6241.0    473.7
     1     1     7     8     8    14     0     2   -88.0  -38.119 -110.887   6203.5    476.2
     1     1     7     8     8    13     0     1   -89.0  -37.909 -111.734   6168.7    478.6
     1     1     7     8     8    12     0     0   -90.0  -37.658 -112.552   6117.9    482.2
     1     1     7     8     8    11     0     1   -91.0  -37.381 -113.309   6054.5    486.5
     1     1     7     8     8    10     0     2   -92.0  -37.090 -113.972   5974.8    492.1
     1     1     7     8     8     9     0     3   -93.0  -36.793 -114.552   5889.2    498.0
     1     1     7     8     8     8     0     2   -94.0  -36.510 -115.080   5820.6    503.6
     1     1     7     8     8     7     0     1   -95.0  -36.244 -115.574   5780.7    506.4
     1     1     7     8     8     6     0     0   -96.0  -35.985 -116.019   5762.7    508.5
     1     1     7     8     8     5     0     1   -97.0  -35.735 -116.440   5748.8    507.9
     1     1     7     8     8     4     0     2   -98.0  -35.497 -116.859   5728.5    509.3
     1     1     7     8     8     3     0     3   -99.0  -35.269 -117.258   5704.6    511.0
     1     1     7     8     8     2     0     2  -100.0  -35.043 -117.634   5677.3    513.4
     1     1     7     8     8     1     0     1  -101.0  -34.812 -117.999   5649.1    515.4
     1     1     7     8     8     0     0     0  -102.0  -34.573 -118.362   5627.7    517.4
     1     1     7     8     7    23     0     1  -103.0  -34.316 -118.718   5615.0    517.9
     1     1     7     8     7    22     0     2  -104.0  -34.045 -119.054   5602.0    518.5
     1     1     7     8     7    21     0     3  -105.0  -33.762 -119.365   5589.2    519.8
     1     1     7     8     7    20     0     2  -106.0  -33.466 -119.649   5567.1    520.5
     1     1     7     8     7    19     0     1  -107.0  -33.170 -119.904   5522.0    523.7
     1     1     7     8     7    18     0     0  -108.0  -32.876 -120.129   5455.7    528.6
     1     1     7     8     7    17     0     1  -109.0  -32.574 -120.325   5385.9    534.2
     1     1     7     8     7    16     0     2  -110.0  -32.257 -120.493   5329.7    538.0
     1     1     7     8     7    15     0     3  -111.0  -31.930 -120.628   5290.3    540.5
     1     1     7     8     7    14     0     2  -112.0  -31.598 -120.742   5256.6    542.0
     1     1     7     8     7    13     0     1  -113.0  -31.271 -120.847   5216.3    544.8
     1     1     7     8     7    12     0     0  -114.0  -30.950 -120.943   5167.9    548.2
     1     1     7     8     7    11     0     1  -115.0  -30.641 -121.026   5124.2    552.2
     1     1     7     8     7    10     0     2  -116.0  -30.341 -121.090   5096.1    554.2
     1     1     7     8     7     9     0     3  -117.0  -30.047 -121.140   5080.2    555.3
     1     1     7     8     7     8     0     2  -118.0  -29.756 -121.173   5070.8    555.8
     1     1     7     8     7     7     0     1  -119.0  -29.470 -121.187   5064.2    556.3
     1     1     7     8     7     6     0     0  -120.0  -29.193 -121.182   5059.7    556.7
