     7     1
    GDAS     7     7    22     0     0
    GDAS     7     8     8     0     0
    GDAS     7     8    15     0     0
    GDAS     7     8    22     0     0
    GDAS     7     8    29     0     0
    GDAS     7     8     1     0     0
    GDAS     7     7    29     0     0
     1 BACKWARD OMEGA   
     7     8    16    12  -23.561  -46.740  4000.0
     1 PRESSURE
     1     1     7     8    16    12     0     0     0.0  -23.561  -46.740   4000.0    590.5
     1     1     7     8    16    11     0     1    -1.0  -23.447  -46.689   3990.0    587.8
     1     1     7     8    16    10     0     2    -2.0  -23.340  -46.616   3965.3    585.9
     1     1     7     8    16     9     0     3    -3.0  -23.236  -46.520   3923.0    584.5
     1     1     7     8    16     8     0     2    -4.0  -23.136  -46.404   3878.2    583.6
     1     1     7     8    16     7     0     1    -5.0  -23.045  -46.271   3848.6    579.3
     1     1     7     8    16     6     0     0    -6.0  -22.961  -46.122   3841.2    574.5
     1     1     7     8    16     5     0     1    -7.0  -22.881  -45.953   3852.3    571.5
     1     1     7     8    16     4     0     2    -8.0  -22.801  -45.763   3874.3    572.1
     1     1     7     8    16     3     0     3    -9.0  -22.722  -45.553   3902.7    571.8
     1     1     7     8    16     2     0     2   -10.0  -22.646  -45.328   3942.9    569.5
     1     1     7     8    16     1     0     1   -11.0  -22.576  -45.093   3993.3    565.4
     1     1     7     8    16     0     0     0   -12.0  -22.517  -44.844   4049.5    564.0
     1     1     7     8    15    23     0     1   -13.0  -22.472  -44.582   4091.4    565.6
     1     1     7     8    15    22     0     2   -14.0  -22.445  -44.320   4111.6    569.9
     1     1     7     8    15    21     0     3   -15.0  -22.435  -44.070   4121.7    575.1
     1     1     7     8    15    20     0     2   -16.0  -22.436  -43.839   4123.0    579.8
     1     1     7     8    15    19     0     1   -17.0  -22.442  -43.627   4115.8    584.5
     1     1     7     8    15    18     0     0   -18.0  -22.448  -43.433   4100.3    589.7
     1     1     7     8    15    17     0     1   -19.0  -22.450  -43.250   4084.6    595.2
     1     1     7     8    15    16     0     2   -20.0  -22.442  -43.070   4076.5    599.0
     1     1     7     8    15    15     0     3   -21.0  -22.429  -42.889   4073.8    601.7
     1     1     7     8    15    14     0     2   -22.0  -22.402  -42.702   4069.6    603.0
     1     1     7     8    15    13     0     1   -23.0  -22.359  -42.507   4057.6    604.9
     1     1     7     8    15    12     0     0   -24.0  -22.302  -42.305   4038.2    607.2
     1     1     7     8    15    11     0     1   -25.0  -22.246  -42.100   4028.5    610.1
     1     1     7     8    15    10     0     2   -26.0  -22.208  -41.894   4047.9    611.4
     1     1     7     8    15     9     0     3   -27.0  -22.189  -41.686   4097.1    612.3
     1     1     7     8    15     8     0     2   -28.0  -22.175  -41.475   4165.1    611.8
     1     1     7     8    15     7     0     1   -29.0  -22.153  -41.258   4242.9    611.5
     1     1     7     8    15     6     0     0   -30.0  -22.121  -41.036   4330.6    610.9
     1     1     7     8    15     5     0     1   -31.0  -22.088  -40.808   4401.9    605.4
     1     1     7     8    15     4     0     2   -32.0  -22.057  -40.574   4456.1    600.6
     1     1     7     8    15     3     0     3   -33.0  -22.026  -40.338   4497.0    596.8
     1     1     7     8    15     2     0     2   -34.0  -22.000  -40.105   4531.4    593.7
     1     1     7     8    15     1     0     1   -35.0  -21.983  -39.879   4569.7    590.7
     1     1     7     8    15     0     0     0   -36.0  -21.971  -39.658   4615.1    587.9
     1     1     7     8    14    23     0     1   -37.0  -21.955  -39.441   4663.3    584.0
     1     1     7     8    14    22     0     2   -38.0  -21.922  -39.225   4707.0    580.5
     1     1     7     8    14    21     0     3   -39.0  -21.865  -39.005   4740.4    577.7
     1     1     7     8    14    20     0     2   -40.0  -21.799  -38.773   4758.1    576.1
     1     1     7     8    14    19     0     1   -41.0  -21.741  -38.528   4762.7    575.5
     1     1     7     8    14    18     0     0   -42.0  -21.689  -38.272   4756.6    575.7
     1     1     7     8    14    17     0     1   -43.0  -21.661  -38.011   4753.2    576.5
     1     1     7     8    14    16     0     2   -44.0  -21.683  -37.750   4765.8    576.0
     1     1     7     8    14    15     0     3   -45.0  -21.759  -37.495   4791.2    574.6
     1     1     7     8    14    14     0     2   -46.0  -21.873  -37.254   4826.6    572.3
     1     1     7     8    14    13     0     1   -47.0  -22.007  -37.035   4871.5    569.6
     1     1     7     8    14    12     0     0   -48.0  -22.157  -36.831   4924.4    565.5
     1     1     7     8    14    11     0     1   -49.0  -22.315  -36.631   4990.1    560.2
     1     1     7     8    14    10     0     2   -50.0  -22.469  -36.423   5069.7    553.9
     1     1     7     8    14     9     0     3   -51.0  -22.622  -36.205   5159.7    547.0
     1     1     7     8    14     8     0     2   -52.0  -22.781  -35.981   5254.2    540.3
     1     1     7     8    14     7     0     1   -53.0  -22.962  -35.760   5352.4    533.6
     1     1     7     8    14     6     0     0   -54.0  -23.170  -35.543   5457.1    525.9
     1     1     7     8    14     5     0     1   -55.0  -23.409  -35.340   5561.3    518.7
     1     1     7     8    14     4     0     2   -56.0  -23.681  -35.157   5663.6    512.6
     1     1     7     8    14     3     0     3   -57.0  -23.986  -35.002   5772.3    506.3
     1     1     7     8    14     2     0     2   -58.0  -24.325  -34.874   5892.9    498.4
     1     1     7     8    14     1     0     1   -59.0  -24.696  -34.768   6024.8    489.3
     1     1     7     8    14     0     0     0   -60.0  -25.095  -34.680   6157.0    480.0
     1     1     7     8    13    23     0     1   -61.0  -25.516  -34.621   6271.6    471.9
     1     1     7     8    13    22     0     2   -62.0  -25.953  -34.600   6363.1    466.5
     1     1     7     8    13    21     0     3   -63.0  -26.398  -34.614   6452.7    461.6
     1     1     7     8    13    20     0     2   -64.0  -26.840  -34.663   6575.7    454.7
     1     1     7     8    13    19     0     1   -65.0  -27.277  -34.747   6749.1    444.1
     1     1     7     8    13    18     0     0   -66.0  -27.715  -34.858   6968.5    430.2
     1     1     7     8    13    17     0     1   -67.0  -28.187  -34.980   7203.9    415.0
     1     1     7     8    13    16     0     2   -68.0  -28.710  -35.093   7432.0    402.6
     1     1     7     8    13    15     0     3   -69.0  -29.282  -35.188   7652.0    390.6
     1     1     7     8    13    14     0     2   -70.0  -29.904  -35.283   7851.4    378.7
     1     1     7     8    13    13     0     1   -71.0  -30.567  -35.401   8023.3    369.6
     1     1     7     8    13    12     0     0   -72.0  -31.271  -35.545   8188.6    360.8
     1     1     7     8    13    11     0     1   -73.0  -32.023  -35.732   8368.7    351.2
     1     1     7     8    13    10     0     2   -74.0  -32.841  -35.991   8557.8    340.9
     1     1     7     8    13     9     0     3   -75.0  -33.751  -36.340   8717.4    332.4
     1     1     7     8    13     8     0     2   -76.0  -34.698  -36.795   8869.6    324.6
     1     1     7     8    13     7     0     1   -77.0  -35.639  -37.374   9016.7    316.8
     1     1     7     8    13     6     0     0   -78.0  -36.589  -38.098   9134.2    310.6
     1     1     7     8    13     5     0     1   -79.0  -37.530  -38.942   9230.2    306.0
     1     1     7     8    13     4     0     2   -80.0  -38.403  -39.879   9313.0    301.8
     1     1     7     8    13     3     0     3   -81.0  -39.212  -40.900   9409.4    297.2
     1     1     7     8    13     2     0     2   -82.0  -40.005  -42.033   9512.4    292.1
     1     1     7     8    13     1     0     1   -83.0  -40.748  -43.277   9616.2    287.3
     1     1     7     8    13     0     0     0   -84.0  -41.410  -44.597   9749.4    281.1
     1     1     7     8    12    23     0     1   -85.0  -41.973  -46.008   9900.8    274.2
     1     1     7     8    12    22     0     2   -86.0  -42.422  -47.537  10048.4    267.6
     1     1     7     8    12    21     0     3   -87.0  -42.773  -49.147  10186.6    261.4
