     7     1
    GDAS     7     7    22     0     0
    GDAS     7     8     8     0     0
    GDAS     7     8    15     0     0
    GDAS     7     8    22     0     0
    GDAS     7     8    29     0     0
    GDAS     7     8     1     0     0
    GDAS     7     7    29     0     0
     1 BACKWARD OMEGA   
     7     8    17    12  -23.561  -46.740  4000.0
     1 PRESSURE
     1     1     7     8    17    12     0     0     0.0  -23.561  -46.740   4000.0    589.0
     1     1     7     8    17    11     0     1    -1.0  -23.417  -46.770   3942.2    590.1
     1     1     7     8    17    10     0     2    -2.0  -23.273  -46.765   3907.3    588.6
     1     1     7     8    17     9     0     3    -3.0  -23.128  -46.717   3885.8    585.3
     1     1     7     8    17     8     0     2    -4.0  -22.986  -46.637   3871.0    581.1
     1     1     7     8    17     7     0     1    -5.0  -22.849  -46.538   3874.4    578.6
     1     1     7     8    17     6     0     0    -6.0  -22.720  -46.425   3899.0    574.5
     1     1     7     8    17     5     0     1    -7.0  -22.601  -46.296   3928.4    568.7
     1     1     7     8    17     4     0     2    -8.0  -22.496  -46.152   3941.3    565.5
     1     1     7     8    17     3     0     3    -9.0  -22.407  -45.992   3935.1    563.8
     1     1     7     8    17     2     0     2   -10.0  -22.328  -45.823   3936.0    565.1
     1     1     7     8    17     1     0     1   -11.0  -22.252  -45.647   3961.7    562.4
     1     1     7     8    17     0     0     0   -12.0  -22.181  -45.463   4013.6    557.3
     1     1     7     8    16    23     0     1   -13.0  -22.124  -45.276   4064.3    549.9
     1     1     7     8    16    22     0     2   -14.0  -22.090  -45.090   4083.9    546.4
     1     1     7     8    16    21     0     3   -15.0  -22.080  -44.906   4074.3    547.3
     1     1     7     8    16    20     0     2   -16.0  -22.087  -44.726   4048.8    553.4
     1     1     7     8    16    19     0     1   -17.0  -22.109  -44.555   4020.5    559.1
     1     1     7     8    16    18     0     0   -18.0  -22.142  -44.394   3992.2    565.3
     1     1     7     8    16    17     0     1   -19.0  -22.179  -44.236   3976.8    571.8
     1     1     7     8    16    16     0     2   -20.0  -22.208  -44.076   3987.3    575.7
     1     1     7     8    16    15     0     3   -21.0  -22.230  -43.910   4021.8    577.6
     1     1     7     8    16    14     0     2   -22.0  -22.247  -43.740   4056.7    577.5
     1     1     7     8    16    13     0     1   -23.0  -22.258  -43.568   4070.9    580.3
     1     1     7     8    16    12     0     0   -24.0  -22.263  -43.392   4068.4    584.1
     1     1     7     8    16    11     0     1   -25.0  -22.259  -43.215   4057.4    588.2
     1     1     7     8    16    10     0     2   -26.0  -22.245  -43.041   4045.7    591.3
     1     1     7     8    16     9     0     3   -27.0  -22.224  -42.869   4037.6    593.8
     1     1     7     8    16     8     0     2   -28.0  -22.198  -42.690   4049.6    595.8
     1     1     7     8    16     7     0     1   -29.0  -22.173  -42.498   4095.9    594.8
     1     1     7     8    16     6     0     0   -30.0  -22.152  -42.296   4177.4    591.7
     1     1     7     8    16     5     0     1   -31.0  -22.137  -42.068   4273.9    587.1
     1     1     7     8    16     4     0     2   -32.0  -22.123  -41.793   4365.9    587.1
     1     1     7     8    16     3     0     3   -33.0  -22.109  -41.469   4448.7    590.4
     1     1     7     8    16     2     0     2   -34.0  -22.102  -41.112   4523.6    595.3
     1     1     7     8    16     1     0     1   -35.0  -22.113  -40.747   4572.5    594.0
     1     1     7     8    16     0     0     0   -36.0  -22.151  -40.386   4610.6    589.9
     1     1     7     8    15    23     0     1   -37.0  -22.206  -40.043   4649.4    585.6
     1     1     7     8    15    22     0     2   -38.0  -22.263  -39.728   4689.6    582.5
     1     1     7     8    15    21     0     3   -39.0  -22.322  -39.436   4725.7    579.8
     1     1     7     8    15    20     0     2   -40.0  -22.387  -39.154   4759.0    577.6
     1     1     7     8    15    19     0     1   -41.0  -22.463  -38.871   4791.7    575.1
     1     1     7     8    15    18     0     0   -42.0  -22.551  -38.585   4824.4    572.7
     1     1     7     8    15    17     0     1   -43.0  -22.660  -38.295   4856.1    570.7
     1     1     7     8    15    16     0     2   -44.0  -22.792  -38.002   4883.9    569.2
     1     1     7     8    15    15     0     3   -45.0  -22.950  -37.711   4901.7    567.9
     1     1     7     8    15    14     0     2   -46.0  -23.126  -37.435   4919.0    567.3
     1     1     7     8    15    13     0     1   -47.0  -23.313  -37.179   4950.8    565.2
     1     1     7     8    15    12     0     0   -48.0  -23.511  -36.941   5001.9    562.0
     1     1     7     8    15    11     0     1   -49.0  -23.722  -36.726   5069.3    556.8
     1     1     7     8    15    10     0     2   -50.0  -23.946  -36.536   5148.6    551.3
     1     1     7     8    15     9     0     3   -51.0  -24.183  -36.373   5237.3    544.3
     1     1     7     8    15     8     0     2   -52.0  -24.435  -36.242   5321.5    537.4
     1     1     7     8    15     7     0     1   -53.0  -24.699  -36.141   5393.8    532.1
     1     1     7     8    15     6     0     0   -54.0  -24.968  -36.070   5460.0    527.3
     1     1     7     8    15     5     0     1   -55.0  -25.242  -36.033   5527.0    523.3
     1     1     7     8    15     4     0     2   -56.0  -25.517  -36.031   5595.1    519.4
     1     1     7     8    15     3     0     3   -57.0  -25.790  -36.061   5665.3    515.4
     1     1     7     8    15     2     0     2   -58.0  -26.057  -36.123   5732.3    510.8
     1     1     7     8    15     1     0     1   -59.0  -26.316  -36.217   5786.8    506.7
     1     1     7     8    15     0     0     0   -60.0  -26.567  -36.344   5825.5    503.9
     1     1     7     8    14    23     0     1   -61.0  -26.809  -36.500   5863.8    502.1
     1     1     7     8    14    22     0     2   -62.0  -27.042  -36.686   5921.5    498.4
     1     1     7     8    14    21     0     3   -63.0  -27.259  -36.908   6001.5    492.9
     1     1     7     8    14    20     0     2   -64.0  -27.459  -37.165   6085.8    486.1
     1     1     7     8    14    19     0     1   -65.0  -27.639  -37.442   6159.3    481.5
     1     1     7     8    14    18     0     0   -66.0  -27.798  -37.731   6226.4    477.7
     1     1     7     8    14    17     0     1   -67.0  -27.943  -38.023   6303.3    474.3
     1     1     7     8    14    16     0     2   -68.0  -28.083  -38.313   6395.0    468.1
     1     1     7     8    14    15     0     3   -69.0  -28.224  -38.603   6490.4    461.7
     1     1     7     8    14    14     0     2   -70.0  -28.367  -38.894   6572.1    455.9
     1     1     7     8    14    13     0     1   -71.0  -28.510  -39.192   6633.9    452.5
     1     1     7     8    14    12     0     0   -72.0  -28.654  -39.498   6683.7    450.0
     1     1     7     8    14    11     0     1   -73.0  -28.804  -39.806   6726.4    447.4
     1     1     7     8    14    10     0     2   -74.0  -28.959  -40.107   6764.3    445.1
     1     1     7     8    14     9     0     3   -75.0  -29.112  -40.403   6800.0    442.7
     1     1     7     8    14     8     0     2   -76.0  -29.263  -40.710   6838.9    440.6
     1     1     7     8    14     7     0     1   -77.0  -29.417  -41.044   6883.1    437.7
     1     1     7     8    14     6     0     0   -78.0  -29.569  -41.412   6919.9    434.9
     1     1     7     8    14     5     0     1   -79.0  -29.713  -41.820   6940.2    433.8
     1     1     7     8    14     4     0     2   -80.0  -29.845  -42.275   6952.8    433.7
     1     1     7     8    14     3     0     3   -81.0  -29.959  -42.773   6980.1    433.0
     1     1     7     8    14     2     0     2   -82.0  -30.048  -43.305   7003.8    429.8
     1     1     7     8    14     1     0     1   -83.0  -30.111  -43.845   6992.8    430.4
     1     1     7     8    14     0     0     0   -84.0  -30.150  -44.387   6951.3    432.8
     1     1     7     8    13    23     0     1   -85.0  -30.155  -44.945   6902.1    436.7
     1     1     7     8    13    22     0     2   -86.0  -30.112  -45.523   6859.3    438.6
     1     1     7     8    13    21     0     3   -87.0  -30.012  -46.102   6809.7    440.7
     1     1     7     8    13    20     0     2   -88.0  -29.876  -46.678   6745.3    444.7
     1     1     7     8    13    19     0     1   -89.0  -29.727  -47.259   6671.7    449.2
     1     1     7     8    13    18     0     0   -90.0  -29.560  -47.834   6596.5    453.1
     1     1     7     8    13    17     0     1   -91.0  -29.361  -48.401   6551.3    458.0
     1     1     7     8    13    16     0     2   -92.0  -29.121  -48.956   6548.1    462.0
     1     1     7     8    13    15     0     3   -93.0  -28.871  -49.504   6439.5    444.3
     1     1     7     8    13    14     0     2   -94.0  -28.644  -50.063   6336.7    423.6
     1     1     7     8    13    13     0     1   -95.0  -28.435  -50.630   6369.0    417.7
     1     1     7     8    13    12     0     0   -96.0  -28.226  -51.199   6418.4    418.4
     1     1     7     8    13    11     0     1   -97.0  -28.030  -51.777   6394.9    420.8
     1     1     7     8    13    10     0     2   -98.0  -27.836  -52.368   6311.0    431.8
     1     1     7     8    13     9     0     3   -99.0  -27.613  -52.976   6223.9    447.2
     1     1     7     8    13     8     0     2  -100.0  -27.359  -53.584   6123.5    459.7
     1     1     7     8    13     7     0     1  -101.0  -27.084  -54.175   6029.5    468.5
     1     1     7     8    13     6     0     0  -102.0  -26.786  -54.754   5969.8    476.9
     1     1     7     8    13     5     0     1  -103.0  -26.473  -55.316   5932.2    482.2
     1     1     7     8    13     4     0     2  -104.0  -26.149  -55.844   5863.8    485.8
     1     1     7     8    13     3     0     3  -105.0  -25.805  -56.333   5766.3    494.0
     1     1     7     8    13     2     0     2  -106.0  -25.442  -56.775   5630.5    508.1
     1     1     7     8    13     1     0     1  -107.0  -25.059  -57.166   5450.4    523.1
     1     1     7     8    13     0     0     0  -108.0  -24.655  -57.500   5255.6    535.7
     1     1     7     8    12    23     0     1  -109.0  -24.245  -57.791   5092.5    547.9
     1     1     7     8    12    22     0     2  -110.0  -23.841  -58.047   4967.9    558.0
     1     1     7     8    12    21     0     3  -111.0  -23.449  -58.267   4880.8    563.9
     1     1     7     8    12    20     0     2  -112.0  -23.080  -58.468   4834.6    565.4
     1     1     7     8    12    19     0     1  -113.0  -22.733  -58.660   4812.3    565.2
     1     1     7     8    12    18     0     0  -114.0  -22.401  -58.835   4808.1    565.4
     1     1     7     8    12    17     0     1  -115.0  -22.084  -59.002   4814.6    566.0
     1     1     7     8    12    16     0     2  -116.0  -21.782  -59.166   4821.2    565.9
     1     1     7     8    12    15     0     3  -117.0  -21.495  -59.322   4832.5    564.9
     1     1     7     8    12    14     0     2  -118.0  -21.218  -59.466   4848.8    562.8
     1     1     7     8    12    13     0     1  -119.0  -20.948  -59.597   4863.8    560.4
     1     1     7     8    12    12     0     0  -120.0  -20.683  -59.710   4870.2    558.5
