     7     1
    GDAS     7     7    22     0     0
    GDAS     7     8     8     0     0
    GDAS     7     8    15     0     0
    GDAS     7     8    22     0     0
    GDAS     7     8    29     0     0
    GDAS     7     8     1     0     0
    GDAS     7     7    29     0     0
     1 BACKWARD OMEGA   
     7     8    17     0  -23.561  -46.740  4000.0
     1 PRESSURE
     1     1     7     8    17     0     0     0     0.0  -23.561  -46.740   4000.0    589.4
     1     1     7     8    16    23     0     1    -1.0  -23.392  -46.711   4042.4    581.8
     1     1     7     8    16    22     0     2    -2.0  -23.245  -46.679   4078.4    574.7
     1     1     7     8    16    21     0     3    -3.0  -23.120  -46.643   4104.4    568.5
     1     1     7     8    16    20     0     2    -4.0  -23.012  -46.597   4106.6    563.5
     1     1     7     8    16    19     0     1    -5.0  -22.914  -46.532   4080.1    563.5
     1     1     7     8    16    18     0     0    -6.0  -22.827  -46.452   4023.3    565.9
     1     1     7     8    16    17     0     1    -7.0  -22.747  -46.354   3960.1    570.2
     1     1     7     8    16    16     0     2    -8.0  -22.674  -46.240   3915.3    571.6
     1     1     7     8    16    15     0     3    -9.0  -22.610  -46.111   3893.9    571.3
     1     1     7     8    16    14     0     2   -10.0  -22.554  -45.974   3894.8    569.1
     1     1     7     8    16    13     0     1   -11.0  -22.506  -45.831   3913.3    567.8
     1     1     7     8    16    12     0     0   -12.0  -22.464  -45.684   3937.2    566.0
     1     1     7     8    16    11     0     1   -13.0  -22.424  -45.529   3947.9    563.6
     1     1     7     8    16    10     0     2   -14.0  -22.375  -45.362   3931.5    563.9
     1     1     7     8    16     9     0     3   -15.0  -22.316  -45.182   3891.4    565.4
     1     1     7     8    16     8     0     2   -16.0  -22.254  -44.989   3857.6    568.1
     1     1     7     8    16     7     0     1   -17.0  -22.199  -44.781   3865.9    570.2
     1     1     7     8    16     6     0     0   -18.0  -22.154  -44.561   3905.1    570.0
     1     1     7     8    16     5     0     1   -19.0  -22.113  -44.328   3964.3    567.9
     1     1     7     8    16     4     0     2   -20.0  -22.073  -44.074   4030.7    565.7
     1     1     7     8    16     3     0     3   -21.0  -22.030  -43.792   4099.8    563.8
     1     1     7     8    16     2     0     2   -22.0  -21.998  -43.488   4151.3    562.8
     1     1     7     8    16     1     0     1   -23.0  -21.985  -43.170   4168.0    567.2
     1     1     7     8    16     0     0     0   -24.0  -21.992  -42.840   4150.5    575.1
     1     1     7     8    15    23     0     1   -25.0  -22.010  -42.516   4131.3    585.3
     1     1     7     8    15    22     0     2   -26.0  -22.030  -42.224   4133.0    591.5
     1     1     7     8    15    21     0     3   -27.0  -22.050  -41.969   4150.8    596.0
     1     1     7     8    15    20     0     2   -28.0  -22.064  -41.738   4180.3    601.1
     1     1     7     8    15    19     0     1   -29.0  -22.068  -41.515   4211.8    605.9
     1     1     7     8    15    18     0     0   -30.0  -22.062  -41.301   4247.0    609.9
     1     1     7     8    15    17     0     1   -31.0  -22.050  -41.086   4283.7    613.8
     1     1     7     8    15    16     0     2   -32.0  -22.036  -40.852   4305.2    614.4
     1     1     7     8    15    15     0     3   -33.0  -22.029  -40.596   4311.6    612.9
     1     1     7     8    15    14     0     2   -34.0  -22.032  -40.326   4311.8    611.8
     1     1     7     8    15    13     0     1   -35.0  -22.048  -40.056   4310.4    610.8
     1     1     7     8    15    12     0     0   -36.0  -22.077  -39.791   4313.5    610.8
     1     1     7     8    15    11     0     1   -37.0  -22.122  -39.537   4329.9    610.2
     1     1     7     8    15    10     0     2   -38.0  -22.191  -39.301   4366.3    607.1
     1     1     7     8    15     9     0     3   -39.0  -22.284  -39.089   4420.5    602.7
     1     1     7     8    15     8     0     2   -40.0  -22.382  -38.889   4480.1    597.2
     1     1     7     8    15     7     0     1   -41.0  -22.470  -38.691   4531.6    593.1
     1     1     7     8    15     6     0     0   -42.0  -22.549  -38.497   4574.2    589.9
     1     1     7     8    15     5     0     1   -43.0  -22.624  -38.310   4610.9    587.7
     1     1     7     8    15     4     0     2   -44.0  -22.699  -38.135   4645.4    585.7
     1     1     7     8    15     3     0     3   -45.0  -22.778  -37.974   4678.6    583.7
     1     1     7     8    15     2     0     2   -46.0  -22.863  -37.823   4714.7    581.3
     1     1     7     8    15     1     0     1   -47.0  -22.955  -37.674   4758.1    578.0
     1     1     7     8    15     0     0     0   -48.0  -23.058  -37.528   4808.5    574.2
     1     1     7     8    14    23     0     1   -49.0  -23.161  -37.383   4858.6    569.6
     1     1     7     8    14    22     0     2   -50.0  -23.251  -37.237   4902.4    566.1
     1     1     7     8    14    21     0     3   -51.0  -23.330  -37.095   4939.6    563.0
     1     1     7     8    14    20     0     2   -52.0  -23.409  -36.956   4967.1    560.9
     1     1     7     8    14    19     0     1   -53.0  -23.496  -36.818   4985.6    560.1
     1     1     7     8    14    18     0     0   -54.0  -23.590  -36.684   5001.7    559.4
     1     1     7     8    14    17     0     1   -55.0  -23.699  -36.558   5023.8    558.4
     1     1     7     8    14    16     0     2   -56.0  -23.829  -36.448   5055.2    556.3
     1     1     7     8    14    15     0     3   -57.0  -23.976  -36.354   5092.1    553.8
     1     1     7     8    14    14     0     2   -58.0  -24.133  -36.270   5138.4    550.9
     1     1     7     8    14    13     0     1   -59.0  -24.297  -36.189   5200.6    546.4
     1     1     7     8    14    12     0     0   -60.0  -24.470  -36.114   5276.4    540.8
     1     1     7     8    14    11     0     1   -61.0  -24.651  -36.033   5367.5    534.0
     1     1     7     8    14    10     0     2   -62.0  -24.845  -35.933   5475.6    525.8
     1     1     7     8    14     9     0     3   -63.0  -25.056  -35.813   5594.9    517.0
     1     1     7     8    14     8     0     2   -64.0  -25.284  -35.687   5699.6    508.8
     1     1     7     8    14     7     0     1   -65.0  -25.525  -35.568   5775.5    504.4
     1     1     7     8    14     6     0     0   -66.0  -25.773  -35.456   5833.8    500.9
     1     1     7     8    14     5     0     1   -67.0  -26.037  -35.367   5899.2    498.3
     1     1     7     8    14     4     0     2   -68.0  -26.336  -35.319   5990.8    492.3
     1     1     7     8    14     3     0     3   -69.0  -26.671  -35.309   6101.7    484.7
     1     1     7     8    14     2     0     2   -70.0  -27.024  -35.329   6204.7    476.6
     1     1     7     8    14     1     0     1   -71.0  -27.380  -35.372   6289.2    471.6
     1     1     7     8    14     0     0     0   -72.0  -27.735  -35.438   6373.6    466.8
     1     1     7     8    13    23     0     1   -73.0  -28.093  -35.528   6472.4    460.9
     1     1     7     8    13    22     0     2   -74.0  -28.463  -35.635   6579.1    453.7
     1     1     7     8    13    21     0     3   -75.0  -28.844  -35.747   6671.3    447.3
     1     1     7     8    13    20     0     2   -76.0  -29.229  -35.867   6752.9    443.1
     1     1     7     8    13    19     0     1   -77.0  -29.610  -36.007   6842.8    437.7
     1     1     7     8    13    18     0     0   -78.0  -29.997  -36.167   6952.1    431.4
     1     1     7     8    13    17     0     1   -79.0  -30.410  -36.335   7083.1    423.3
     1     1     7     8    13    16     0     2   -80.0  -30.860  -36.508   7228.1    414.4
     1     1     7     8    13    15     0     3   -81.0  -31.337  -36.705   7382.1    405.7
     1     1     7     8    13    14     0     2   -82.0  -31.831  -36.929   7541.9    396.7
     1     1     7     8    13    13     0     1   -83.0  -32.342  -37.178   7709.3    387.2
     1     1     7     8    13    12     0     0   -84.0  -32.886  -37.459   7898.2    376.8
     1     1     7     8    13    11     0     1   -85.0  -33.476  -37.798   8088.7    365.4
     1     1     7     8    13    10     0     2   -86.0  -34.104  -38.216   8238.0    356.6
     1     1     7     8    13     9     0     3   -87.0  -34.771  -38.719   8342.5    350.9
     1     1     7     8    13     8     0     2   -88.0  -35.447  -39.294   8437.3    347.0
     1     1     7     8    13     7     0     1   -89.0  -36.117  -39.934   8549.6    340.6
     1     1     7     8    13     6     0     0   -90.0  -36.801  -40.658   8698.0    333.7
     1     1     7     8    13     5     0     1   -91.0  -37.480  -41.467   8837.5    325.9
     1     1     7     8    13     4     0     2   -92.0  -38.140  -42.328   8949.4    320.3
     1     1     7     8    13     3     0     3   -93.0  -38.791  -43.242   9037.4    316.0
     1     1     7     8    13     2     0     2   -94.0  -39.424  -44.246   9124.4    311.4
     1     1     7     8    13     1     0     1   -95.0  -40.021  -45.356   9210.4    307.0
     1     1     7     8    13     0     0     0   -96.0  -40.558  -46.572   9303.2    302.1
     1     1     7     8    12    23     0     1   -97.0  -40.981  -47.912   9394.3    297.4
     1     1     7     8    12    22     0     2   -98.0  -41.285  -49.364   9460.0    294.3
     1     1     7     8    12    21     0     3   -99.0  -41.453  -50.856   9488.7    292.8
     1     1     7     8    12    20     0     2  -100.0  -41.465  -52.322   9486.7    292.8
     1     1     7     8    12    19     0     1  -101.0  -41.353  -53.792   9480.3    292.8
     1     1     7     8    12    18     0     0  -102.0  -41.126  -55.269   9453.1    293.8
     1     1     7     8    12    17     0     1  -103.0  -40.802  -56.716   9364.0    296.9
     1     1     7     8    12    16     0     2  -104.0  -40.414  -58.111   9220.8    304.4
     1     1     7     8    12    15     0     3  -105.0  -39.977  -59.470   9082.3    311.5
     1     1     7     8    12    14     0     2  -106.0  -39.486  -60.828   9022.1    313.6
     1     1     7     8    12    13     0     1  -107.0  -38.920  -62.234   9000.1    312.3
     1     1     7     8    12    12     0     0  -108.0  -38.260  -63.670   8919.2    311.7
     1     1     7     8    12    11     0     1  -109.0  -37.551  -65.081   8770.2    312.1
     1     1     7     8    12    10     0     2  -110.0  -36.805  -66.531   8702.0    314.5
     1     1     7     8    12     9     0     3  -111.0  -35.945  -68.102   8379.6    292.6
     1     1     7     8    12     8     0     2  -112.0  -34.860  -69.869   7793.3    255.9
     1     1     7     8    12     7     0     1  -113.0  -33.612  -71.610   8459.0    324.3
     1     1     7     8    12     6     0     0  -114.0  -32.355  -73.006   8214.9    349.2
     1     1     7     8    12     5     0     1  -115.0  -31.094  -74.236   7919.8    368.6
     1     1     7     8    12     4     0     2  -116.0  -29.910  -75.405   7666.6    381.0
     1     1     7     8    12     3     0     3  -117.0  -28.821  -76.581   7480.5    391.7
     1     1     7     8    12     2     0     2  -118.0  -27.818  -77.779   7336.9    399.7
     1     1     7     8    12     1     0     1  -119.0  -26.910  -78.982   7217.0    407.0
     1     1     7     8    12     0     0     0  -120.0  -26.113  -80.159   7159.6    412.0
