     7     1
    GDAS     7     7    22     0     0
    GDAS     7     8     8     0     0
    GDAS     7     8    15     0     0
    GDAS     7     8    22     0     0
    GDAS     7     8    29     0     0
    GDAS     7     8     1     0     0
    GDAS     7     7    29     0     0
     1 BACKWARD OMEGA   
     7     8    19    12  -23.561  -46.740  4000.0
     1 PRESSURE
     1     1     7     8    19    12     0     0     0.0  -23.561  -46.740   4000.0    585.8
     1     1     7     8    19    11     0     1    -1.0  -23.440  -46.925   4013.3    580.8
     1     1     7     8    19    10     0     2    -2.0  -23.310  -47.113   4027.9    578.6
     1     1     7     8    19     9     0     3    -3.0  -23.167  -47.300   4041.2    578.4
     1     1     7     8    19     8     0     2    -4.0  -23.015  -47.484   4054.9    580.0
     1     1     7     8    19     7     0     1    -5.0  -22.853  -47.662   4069.2    580.9
     1     1     7     8    19     6     0     0    -6.0  -22.678  -47.836   4088.8    581.4
     1     1     7     8    19     5     0     1    -7.0  -22.484  -48.008   4108.5    581.0
     1     1     7     8    19     4     0     2    -8.0  -22.266  -48.178   4111.1    579.3
     1     1     7     8    19     3     0     3    -9.0  -22.023  -48.340   4099.5    580.5
     1     1     7     8    19     2     0     2   -10.0  -21.767  -48.482   4078.9    583.5
     1     1     7     8    19     1     0     1   -11.0  -21.507  -48.594   4067.0    585.2
     1     1     7     8    19     0     0     0   -12.0  -21.242  -48.679   4071.4    585.6
     1     1     7     8    18    23     0     1   -13.0  -20.984  -48.744   4086.6    584.0
     1     1     7     8    18    22     0     2   -14.0  -20.748  -48.795   4097.0    583.4
     1     1     7     8    18    21     0     3   -15.0  -20.532  -48.832   4095.0    583.8
     1     1     7     8    18    20     0     2   -16.0  -20.332  -48.849   4084.1    585.2
     1     1     7     8    18    19     0     1   -17.0  -20.141  -48.845   4067.5    586.4
     1     1     7     8    18    18     0     0   -18.0  -19.960  -48.821   4043.9    587.6
     1     1     7     8    18    17     0     1   -19.0  -19.786  -48.776   4016.6    587.8
     1     1     7     8    18    16     0     2   -20.0  -19.620  -48.710   3995.9    586.9
     1     1     7     8    18    15     0     3   -21.0  -19.464  -48.623   3982.1    585.2
     1     1     7     8    18    14     0     2   -22.0  -19.319  -48.519   3982.4    582.4
     1     1     7     8    18    13     0     1   -23.0  -19.189  -48.404   4003.2    577.4
     1     1     7     8    18    12     0     0   -24.0  -19.073  -48.285   4042.7    571.2
     1     1     7     8    18    11     0     1   -25.0  -18.965  -48.181   4090.8    564.5
     1     1     7     8    18    10     0     2   -26.0  -18.861  -48.105   4137.7    560.9
     1     1     7     8    18     9     0     3   -27.0  -18.757  -48.056   4179.4    558.0
     1     1     7     8    18     8     0     2   -28.0  -18.647  -48.010   4218.0    555.9
     1     1     7     8    18     7     0     1   -29.0  -18.521  -47.940   4255.5    554.1
     1     1     7     8    18     6     0     0   -30.0  -18.377  -47.846   4288.6    552.8
     1     1     7     8    18     5     0     1   -31.0  -18.220  -47.739   4316.5    552.6
     1     1     7     8    18     4     0     2   -32.0  -18.052  -47.628   4341.9    552.8
     1     1     7     8    18     3     0     3   -33.0  -17.873  -47.512   4363.3    551.5
     1     1     7     8    18     2     0     2   -34.0  -17.683  -47.381   4388.6    549.0
     1     1     7     8    18     1     0     1   -35.0  -17.488  -47.226   4420.8    546.7
     1     1     7     8    18     0     0     0   -36.0  -17.292  -47.050   4458.9    545.1
     1     1     7     8    17    23     0     1   -37.0  -17.101  -46.859   4491.9    543.7
     1     1     7     8    17    22     0     2   -38.0  -16.924  -46.656   4506.4    543.8
     1     1     7     8    17    21     0     3   -39.0  -16.765  -46.442   4498.3    545.6
     1     1     7     8    17    20     0     2   -40.0  -16.616  -46.219   4485.5    549.9
     1     1     7     8    17    19     0     1   -41.0  -16.465  -45.987   4485.2    552.9
     1     1     7     8    17    18     0     0   -42.0  -16.315  -45.739   4490.9    553.0
     1     1     7     8    17    17     0     1   -43.0  -16.170  -45.462   4499.8    552.6
     1     1     7     8    17    16     0     2   -44.0  -16.040  -45.151   4505.2    553.4
     1     1     7     8    17    15     0     3   -45.0  -15.927  -44.806   4502.9    552.4
     1     1     7     8    17    14     0     2   -46.0  -15.836  -44.432   4501.4    550.7
     1     1     7     8    17    13     0     1   -47.0  -15.766  -44.036   4507.5    549.6
     1     1     7     8    17    12     0     0   -48.0  -15.717  -43.628   4511.3    546.7
     1     1     7     8    17    11     0     1   -49.0  -15.695  -43.215   4511.4    542.9
     1     1     7     8    17    10     0     2   -50.0  -15.701  -42.794   4507.5    539.9
     1     1     7     8    17     9     0     3   -51.0  -15.736  -42.360   4505.0    537.3
     1     1     7     8    17     8     0     2   -52.0  -15.795  -41.911   4518.2    536.1
     1     1     7     8    17     7     0     1   -53.0  -15.876  -41.454   4568.3    538.3
     1     1     7     8    17     6     0     0   -54.0  -15.981  -40.991   4631.2    539.9
     1     1     7     8    17     5     0     1   -55.0  -16.110  -40.519   4691.6    545.0
     1     1     7     8    17     4     0     2   -56.0  -16.265  -40.036   4729.6    552.9
     1     1     7     8    17     3     0     3   -57.0  -16.445  -39.543   4762.2    562.5
     1     1     7     8    17     2     0     2   -58.0  -16.645  -39.052   4808.8    570.8
     1     1     7     8    17     1     0     1   -59.0  -16.872  -38.577   4852.8    569.0
     1     1     7     8    17     0     0     0   -60.0  -17.136  -38.124   4912.1    565.7
     1     1     7     8    16    23     0     1   -61.0  -17.425  -37.694   4978.9    560.1
     1     1     7     8    16    22     0     2   -62.0  -17.728  -37.291   5045.7    555.0
     1     1     7     8    16    21     0     3   -63.0  -18.050  -36.914   5121.7    549.3
     1     1     7     8    16    20     0     2   -64.0  -18.387  -36.564   5199.5    543.9
     1     1     7     8    16    19     0     1   -65.0  -18.731  -36.240   5260.8    540.3
     1     1     7     8    16    18     0     0   -66.0  -19.086  -35.938   5307.6    537.3
     1     1     7     8    16    17     0     1   -67.0  -19.453  -35.652   5355.2    535.2
     1     1     7     8    16    16     0     2   -68.0  -19.834  -35.377   5418.9    531.1
     1     1     7     8    16    15     0     3   -69.0  -20.226  -35.116   5500.0    525.8
     1     1     7     8    16    14     0     2   -70.0  -20.633  -34.870   5598.7    519.2
     1     1     7     8    16    13     0     1   -71.0  -21.054  -34.641   5710.9    511.4
     1     1     7     8    16    12     0     0   -72.0  -21.486  -34.434   5825.3    503.0
     1     1     7     8    16    11     0     1   -73.0  -21.946  -34.247   5922.6    495.5
     1     1     7     8    16    10     0     2   -74.0  -22.443  -34.076   6005.9    490.8
     1     1     7     8    16     9     0     3   -75.0  -22.965  -33.918   6096.1    485.9
     1     1     7     8    16     8     0     2   -76.0  -23.506  -33.779   6209.9    479.3
     1     1     7     8    16     7     0     1   -77.0  -24.069  -33.675   6354.3    470.0
     1     1     7     8    16     6     0     0   -78.0  -24.648  -33.605   6507.6    459.4
     1     1     7     8    16     5     0     1   -79.0  -25.241  -33.580   6650.6    450.3
     1     1     7     8    16     4     0     2   -80.0  -25.846  -33.612   6768.7    443.9
     1     1     7     8    16     3     0     3   -81.0  -26.443  -33.691   6861.7    439.0
     1     1     7     8    16     2     0     2   -82.0  -27.022  -33.816   6966.9    433.9
     1     1     7     8    16     1     0     1   -83.0  -27.585  -33.986   7120.5    425.5
     1     1     7     8    16     0     0     0   -84.0  -28.127  -34.185   7305.2    414.8
     1     1     7     8    15    23     0     1   -85.0  -28.650  -34.426   7480.8    403.3
     1     1     7     8    15    22     0     2   -86.0  -29.153  -34.710   7627.1    395.8
     1     1     7     8    15    21     0     3   -87.0  -29.646  -35.005   7759.7    389.0
     1     1     7     8    15    20     0     2   -88.0  -30.136  -35.328   7885.2    382.2
     1     1     7     8    15    19     0     1   -89.0  -30.613  -35.703   8002.1    375.8
     1     1     7     8    15    18     0     0   -90.0  -31.069  -36.122   8117.7    369.3
     1     1     7     8    15    17     0     1   -91.0  -31.498  -36.593   8227.1    363.7
     1     1     7     8    15    16     0     2   -92.0  -31.876  -37.123   8310.6    359.9
     1     1     7     8    15    15     0     3   -93.0  -32.187  -37.715   8367.2    356.5
     1     1     7     8    15    14     0     2   -94.0  -32.452  -38.367   8402.1    354.5
     1     1     7     8    15    13     0     1   -95.0  -32.686  -39.064   8404.1    354.1
     1     1     7     8    15    12     0     0   -96.0  -32.862  -39.790   8368.0    355.7
     1     1     7     8    15    11     0     1   -97.0  -33.002  -40.554   8306.1    359.8
     1     1     7     8    15    10     0     2   -98.0  -33.111  -41.346   8268.1    361.5
     1     1     7     8    15     9     0     3   -99.0  -33.150  -42.158   8276.1    361.4
     1     1     7     8    15     8     0     2  -100.0  -33.141  -43.004   8294.2    359.1
     1     1     7     8    15     7     0     1  -101.0  -33.114  -43.869   8288.3    359.7
     1     1     7     8    15     6     0     0  -102.0  -33.031  -44.729   8199.6    363.7
     1     1     7     8    15     5     0     1  -103.0  -32.895  -45.605   8116.6    369.3
     1     1     7     8    15     4     0     2  -104.0  -32.734  -46.498   8112.9    369.2
     1     1     7     8    15     3     0     3  -105.0  -32.549  -47.353   8180.1    365.2
     1     1     7     8    15     2     0     2  -106.0  -32.327  -48.200   8228.2    361.8
     1     1     7     8    15     1     0     1  -107.0  -32.073  -49.087   8173.4    365.0
     1     1     7     8    15     0     0     0  -108.0  -31.802  -49.955   8062.8    370.5
     1     1     7     8    14    23     0     1  -109.0  -31.508  -50.777   7970.1    375.8
     1     1     7     8    14    22     0     2  -110.0  -31.216  -51.558   7905.3    376.8
     1     1     7     8    14    21     0     3  -111.0  -30.982  -52.321   7933.4    369.1
     1     1     7     8    14    20     0     2  -112.0  -30.755  -53.157   7956.9    363.9
     1     1     7     8    14    19     0     1  -113.0  -30.490  -54.074   7950.5    366.5
     1     1     7     8    14    18     0     0  -114.0  -30.230  -55.055   7941.3    369.2
     1     1     7     8    14    17     0     1  -115.0  -29.951  -56.123   7848.3    373.8
     1     1     7     8    14    16     0     2  -116.0  -29.636  -57.219   7658.7    385.3
     1     1     7     8    14    15     0     3  -117.0  -29.300  -58.307   7467.8    398.7
     1     1     7     8    14    14     0     2  -118.0  -28.930  -59.378   7368.9    403.7
     1     1     7     8    14    13     0     1  -119.0  -28.513  -60.413   7332.6    404.6
     1     1     7     8    14    12     0     0  -120.0  -28.075  -61.476   7251.1    408.2
