     7     1
    GDAS     7     7    22     0     0
    GDAS     7     8     8     0     0
    GDAS     7     8    15     0     0
    GDAS     7     8    22     0     0
    GDAS     7     8    29     0     0
    GDAS     7     8     1     0     0
    GDAS     7     7    29     0     0
     1 BACKWARD OMEGA   
     7     8    12    12  -23.561  -46.740  4000.0
     1 PRESSURE
     1     1     7     8    12    12     0     0     0.0  -23.561  -46.740   4000.0    589.6
     1     1     7     8    12    11     0     1    -1.0  -23.678  -46.754   4136.8    581.8
     1     1     7     8    12    10     0     2    -2.0  -23.801  -46.803   4261.9    573.9
     1     1     7     8    12     9     0     3    -3.0  -23.940  -46.881   4367.0    566.3
     1     1     7     8    12     8     0     2    -4.0  -24.092  -46.982   4470.6    561.6
     1     1     7     8    12     7     0     1    -5.0  -24.250  -47.101   4594.6    557.7
     1     1     7     8    12     6     0     0    -6.0  -24.412  -47.237   4726.2    553.5
     1     1     7     8    12     5     0     1    -7.0  -24.578  -47.390   4859.1    548.9
     1     1     7     8    12     4     0     2    -8.0  -24.750  -47.559   4988.6    544.5
     1     1     7     8    12     3     0     3    -9.0  -24.933  -47.746   5113.6    540.1
     1     1     7     8    12     2     0     2   -10.0  -25.136  -47.953   5211.0    534.3
     1     1     7     8    12     1     0     1   -11.0  -25.361  -48.191   5260.2    528.1
     1     1     7     8    12     0     0     0   -12.0  -25.604  -48.473   5282.5    520.8
     1     1     7     8    11    23     0     1   -13.0  -25.868  -48.816   5289.8    509.6
     1     1     7     8    11    22     0     2   -14.0  -26.142  -49.235   5299.8    499.3
     1     1     7     8    11    21     0     3   -15.0  -26.417  -49.725   5310.9    488.7
     1     1     7     8    11    20     0     2   -16.0  -26.703  -50.298   5339.2    479.4
     1     1     7     8    11    19     0     1   -17.0  -27.016  -50.973   5380.9    465.2
     1     1     7     8    11    18     0     0   -18.0  -27.346  -51.716   5508.4    468.9
     1     1     7     8    11    17     0     1   -19.0  -27.684  -52.460   5613.5    474.2
     1     1     7     8    11    16     0     2   -20.0  -28.042  -53.205   5703.5    476.4
     1     1     7     8    11    15     0     3   -21.0  -28.433  -53.980   5821.0    478.9
     1     1     7     8    11    14     0     2   -22.0  -28.827  -54.812   5909.0    476.2
     1     1     7     8    11    13     0     1   -23.0  -29.214  -55.700   6045.5    479.1
     1     1     7     8    11    12     0     0   -24.0  -29.595  -56.633   6207.6    469.4
     1     1     7     8    11    11     0     1   -25.0  -29.953  -57.620   6404.8    457.3
     1     1     7     8    11    10     0     2   -26.0  -30.268  -58.647   6584.6    446.6
     1     1     7     8    11     9     0     3   -27.0  -30.555  -59.736   6774.0    435.2
     1     1     7     8    11     8     0     2   -28.0  -30.836  -60.873   6945.8    424.8
     1     1     7     8    11     7     0     1   -29.0  -31.120  -62.021   7026.0    414.0
     1     1     7     8    11     6     0     0   -30.0  -31.351  -63.185   7138.7    407.7
     1     1     7     8    11     5     0     1   -31.0  -31.521  -64.435   7131.5    378.6
     1     1     7     8    11     4     0     2   -32.0  -31.659  -65.746   7267.0    380.1
     1     1     7     8    11     3     0     3   -33.0  -31.734  -67.023   7302.0    374.4
     1     1     7     8    11     2     0     2   -34.0  -31.736  -68.350   7407.0    347.0
     1     1     7     8    11     1     0     1   -35.0  -31.665  -69.869   6932.3    263.4
     1     1     7     8    11     0     0     0   -36.0  -31.479  -71.357   7736.3    337.7
     1     1     7     8    10    23     0     1   -37.0  -31.235  -72.507   7948.7    371.3
     1     1     7     8    10    22     0     2   -38.0  -31.000  -73.544   7921.0    371.6
     1     1     7     8    10    21     0     3   -39.0  -30.775  -74.507   7905.1    372.5
     1     1     7     8    10    20     0     2   -40.0  -30.547  -75.443   7864.5    375.0
     1     1     7     8    10    19     0     1   -41.0  -30.308  -76.363   7845.4    376.5
     1     1     7     8    10    18     0     0   -42.0  -30.054  -77.255   7824.4    377.5
     1     1     7     8    10    17     0     1   -43.0  -29.794  -78.140   7789.7    378.9
     1     1     7     8    10    16     0     2   -44.0  -29.537  -79.037   7763.0    381.2
     1     1     7     8    10    15     0     3   -45.0  -29.280  -79.924   7721.1    382.5
     1     1     7     8    10    14     0     2   -46.0  -29.024  -80.782   7692.5    385.0
     1     1     7     8    10    13     0     1   -47.0  -28.770  -81.609   7662.1    386.6
     1     1     7     8    10    12     0     0   -48.0  -28.505  -82.405   7643.7    387.9
     1     1     7     8    10    11     0     1   -49.0  -28.255  -83.160   7633.9    388.8
     1     1     7     8    10    10     0     2   -50.0  -28.048  -83.877   7620.6    389.8
     1     1     7     8    10     9     0     3   -51.0  -27.875  -84.559   7601.1    390.8
     1     1     7     8    10     8     0     2   -52.0  -27.726  -85.203   7565.3    392.8
     1     1     7     8    10     7     0     1   -53.0  -27.598  -85.800   7510.7    396.5
     1     1     7     8    10     6     0     0   -54.0  -27.488  -86.357   7443.2    401.2
     1     1     7     8    10     5     0     1   -55.0  -27.398  -86.872   7388.0    404.9
     1     1     7     8    10     4     0     2   -56.0  -27.329  -87.341   7361.3    406.3
     1     1     7     8    10     3     0     3   -57.0  -27.280  -87.767   7353.9    406.9
     1     1     7     8    10     2     0     2   -58.0  -27.259  -88.164   7361.5    406.8
     1     1     7     8    10     1     0     1   -59.0  -27.272  -88.544   7383.5    405.5
     1     1     7     8    10     0     0     0   -60.0  -27.313  -88.907   7417.6    403.4
     1     1     7     8     9    23     0     1   -61.0  -27.394  -89.262   7447.7    401.1
     1     1     7     8     9    22     0     2   -62.0  -27.523  -89.618   7459.9    400.5
     1     1     7     8     9    21     0     3   -63.0  -27.695  -89.975   7454.4    400.8
     1     1     7     8     9    20     0     2   -64.0  -27.895  -90.335   7445.0    402.4
     1     1     7     8     9    19     0     1   -65.0  -28.117  -90.703   7451.6    402.5
     1     1     7     8     9    18     0     0   -66.0  -28.366  -91.083   7477.7    401.2
     1     1     7     8     9    17     0     1   -67.0  -28.630  -91.480   7510.9    398.3
     1     1     7     8     9    16     0     2   -68.0  -28.897  -91.897   7548.4    395.7
     1     1     7     8     9    15     0     3   -69.0  -29.171  -92.324   7595.9    392.9
     1     1     7     8     9    14     0     2   -70.0  -29.446  -92.756   7633.8    390.6
     1     1     7     8     9    13     0     1   -71.0  -29.722  -93.193   7648.9    389.9
     1     1     7     8     9    12     0     0   -72.0  -30.002  -93.638   7652.6    390.1
     1     1     7     8     9    11     0     1   -73.0  -30.287  -94.079   7653.4    390.3
     1     1     7     8     9    10     0     2   -74.0  -30.573  -94.508   7641.3    390.3
     1     1     7     8     9     9     0     3   -75.0  -30.857  -94.931   7595.6    391.9
     1     1     7     8     9     8     0     2   -76.0  -31.146  -95.350   7557.1    396.9
     1     1     7     8     9     7     0     1   -77.0  -31.448  -95.770   7570.1    397.0
     1     1     7     8     9     6     0     0   -78.0  -31.759  -96.185   7624.2    394.0
     1     1     7     8     9     5     0     1   -79.0  -32.088  -96.600   7701.0    389.2
     1     1     7     8     9     4     0     2   -80.0  -32.448  -97.029   7786.7    384.5
     1     1     7     8     9     3     0     3   -81.0  -32.848  -97.468   7873.1    379.5
     1     1     7     8     9     2     0     2   -82.0  -33.271  -97.926   7932.5    374.4
     1     1     7     8     9     1     0     1   -83.0  -33.688  -98.415   7954.9    374.3
     1     1     7     8     9     0     0     0   -84.0  -34.107  -98.942   7968.0    375.3
     1     1     7     8     8    23     0     1   -85.0  -34.523  -99.510   7978.6    374.0
     1     1     7     8     8    22     0     2   -86.0  -34.915 -100.127   7985.8    373.8
     1     1     7     8     8    21     0     3   -87.0  -35.282 -100.790   7988.5    373.7
     1     1     7     8     8    20     0     2   -88.0  -35.631 -101.488   8015.4    373.1
     1     1     7     8     8    19     0     1   -89.0  -35.958 -102.220   8060.5    371.0
     1     1     7     8     8    18     0     0   -90.0  -36.259 -102.985   8104.8    368.0
     1     1     7     8     8    17     0     1   -91.0  -36.545 -103.791   8147.1    366.5
     1     1     7     8     8    16     0     2   -92.0  -36.820 -104.651   8161.8    365.7
     1     1     7     8     8    15     0     3   -93.0  -37.057 -105.576   8135.4    367.1
     1     1     7     8     8    14     0     2   -94.0  -37.228 -106.532   8080.6    370.6
     1     1     7     8     8    13     0     1   -95.0  -37.347 -107.507   8034.4    373.0
     1     1     7     8     8    12     0     0   -96.0  -37.402 -108.509   7985.7    375.6
     1     1     7     8     8    11     0     1   -97.0  -37.387 -109.508   7929.5    378.8
     1     1     7     8     8    10     0     2   -98.0  -37.307 -110.480   7881.9    381.5
     1     1     7     8     8     9     0     3   -99.0  -37.137 -111.415   7847.2    383.4
     1     1     7     8     8     8     0     2  -100.0  -36.892 -112.296   7814.6    385.6
     1     1     7     8     8     7     0     1  -101.0  -36.617 -113.120   7784.0    387.4
     1     1     7     8     8     6     0     0  -102.0  -36.297 -113.884   7759.2    389.4
     1     1     7     8     8     5     0     1  -103.0  -35.931 -114.570   7716.4    391.3
     1     1     7     8     8     4     0     2  -104.0  -35.540 -115.178   7673.5    393.9
     1     1     7     8     8     3     0     3  -105.0  -35.118 -115.703   7637.9    396.5
     1     1     7     8     8     2     0     2  -106.0  -34.676 -116.140   7602.0    398.4
     1     1     7     8     8     1     0     1  -107.0  -34.231 -116.492   7555.4    400.9
     1     1     7     8     8     0     0     0  -108.0  -33.788 -116.763   7491.6    404.6
     1     1     7     8     7    23     0     1  -109.0  -33.360 -116.951   7419.7    409.3
     1     1     7     8     7    22     0     2  -110.0  -32.957 -117.052   7356.9    413.2
     1     1     7     8     7    21     0     3  -111.0  -32.582 -117.067   7311.4    416.1
     1     1     7     8     7    20     0     2  -112.0  -32.247 -117.020   7282.0    417.7
     1     1     7     8     7    19     0     1  -113.0  -31.962 -116.932   7265.1    419.0
     1     1     7     8     7    18     0     0  -114.0  -31.725 -116.807   7262.0    419.4
     1     1     7     8     7    17     0     1  -115.0  -31.529 -116.659   7280.4    418.8
     1     1     7     8     7    16     0     2  -116.0  -31.369 -116.489   7326.2    416.0
     1     1     7     8     7    15     0     3  -117.0  -31.245 -116.288   7393.3    411.9
     1     1     7     8     7    14     0     2  -118.0  -31.155 -116.053   7455.0    407.2
     1     1     7     8     7    13     0     1  -119.0  -31.097 -115.791   7495.3    405.1
     1     1     7     8     7    12     0     0  -120.0  -31.080 -115.509   7525.0    403.7
