     7     1
    GDAS     7     7    22     0     0
    GDAS     7     8     8     0     0
    GDAS     7     8    15     0     0
    GDAS     7     8    22     0     0
    GDAS     7     8    29     0     0
    GDAS     7     8     1     0     0
    GDAS     7     7    29     0     0
     1 BACKWARD OMEGA   
     7     8     7     6  -23.561  -46.740  4000.0
     1 PRESSURE
     1     1     7     8     7     6     0     0     0.0  -23.561  -46.740   4000.0    586.3
     1     1     7     8     7     5     0     1    -1.0  -23.006  -46.913   3987.5    579.6
     1     1     7     8     7     4     0     2    -2.0  -22.493  -47.034   4024.7    572.3
     1     1     7     8     7     3     0     3    -3.0  -22.025  -47.104   4049.6    567.5
     1     1     7     8     7     2     0     2    -4.0  -21.597  -47.129   4068.2    567.3
     1     1     7     8     7     1     0     1    -5.0  -21.204  -47.111   4081.0    567.3
     1     1     7     8     7     0     0     0    -6.0  -20.839  -47.058   4100.5    564.9
     1     1     7     8     6    23     0     1    -7.0  -20.507  -46.988   4120.6    558.6
     1     1     7     8     6    22     0     2    -8.0  -20.215  -46.914   4133.3    554.6
     1     1     7     8     6    21     0     3    -9.0  -19.960  -46.839   4135.0    552.5
     1     1     7     8     6    20     0     2   -10.0  -19.734  -46.758   4137.7    554.0
     1     1     7     8     6    19     0     1   -11.0  -19.535  -46.665   4143.3    554.8
     1     1     7     8     6    18     0     0   -12.0  -19.361  -46.563   4150.5    555.7
     1     1     7     8     6    17     0     1   -13.0  -19.214  -46.445   4148.9    556.8
     1     1     7     8     6    16     0     2   -14.0  -19.095  -46.305   4127.7    560.0
     1     1     7     8     6    15     0     3   -15.0  -19.006  -46.140   4085.9    564.9
     1     1     7     8     6    14     0     2   -16.0  -18.946  -45.958   4044.5    571.3
     1     1     7     8     6    13     0     1   -17.0  -18.904  -45.769   4024.2    575.4
     1     1     7     8     6    12     0     0   -18.0  -18.878  -45.579   4019.7    578.1
     1     1     7     8     6    11     0     1   -19.0  -18.867  -45.399   4023.5    579.3
     1     1     7     8     6    10     0     2   -20.0  -18.868  -45.233   4029.7    580.6
     1     1     7     8     6     9     0     3   -21.0  -18.878  -45.080   4039.4    581.6
     1     1     7     8     6     8     0     2   -22.0  -18.897  -44.937   4045.3    581.2
     1     1     7     8     6     7     0     1   -23.0  -18.922  -44.806   4041.8    579.9
     1     1     7     8     6     6     0     0   -24.0  -18.952  -44.687   4032.6    579.3
     1     1     7     8     6     5     0     1   -25.0  -18.983  -44.581   4027.8    579.8
     1     1     7     8     6     4     0     2   -26.0  -19.010  -44.494   4038.8    578.4
     1     1     7     8     6     3     0     3   -27.0  -19.033  -44.426   4066.7    575.7
     1     1     7     8     6     2     0     2   -28.0  -19.058  -44.375   4098.4    571.5
     1     1     7     8     6     1     0     1   -29.0  -19.092  -44.338   4118.7    569.2
     1     1     7     8     6     0     0     0   -30.0  -19.135  -44.313   4127.4    567.7
     1     1     7     8     5    23     0     1   -31.0  -19.177  -44.302   4131.9    566.8
     1     1     7     8     5    22     0     2   -32.0  -19.212  -44.307   4139.4    565.6
     1     1     7     8     5    21     0     3   -33.0  -19.240  -44.326   4148.8    564.4
     1     1     7     8     5    20     0     2   -34.0  -19.270  -44.360   4176.0    564.0
     1     1     7     8     5    19     0     1   -35.0  -19.306  -44.411   4236.8    560.1
     1     1     7     8     5    18     0     0   -36.0  -19.343  -44.479   4332.3    554.2
     1     1     7     8     5    17     0     1   -37.0  -19.368  -44.563   4449.1    546.1
     1     1     7     8     5    16     0     2   -38.0  -19.374  -44.657   4572.2    539.0
     1     1     7     8     5    15     0     3   -39.0  -19.360  -44.758   4699.7    532.0
     1     1     7     8     5    14     0     2   -40.0  -19.332  -44.859   4833.0    524.9
     1     1     7     8     5    13     0     1   -41.0  -19.288  -44.950   4972.8    517.1
     1     1     7     8     5    12     0     0   -42.0  -19.221  -45.022   5115.4    508.6
     1     1     7     8     5    11     0     1   -43.0  -19.113  -45.061   5235.2    499.2
     1     1     7     8     5    10     0     2   -44.0  -18.956  -45.051   5308.9    494.8
     1     1     7     8     5     9     0     3   -45.0  -18.760  -44.982   5323.2    492.8
     1     1     7     8     5     8     0     2   -46.0  -18.542  -44.866   5295.0    493.6
     1     1     7     8     5     7     0     1   -47.0  -18.312  -44.717   5257.6    493.4
     1     1     7     8     5     6     0     0   -48.0  -18.071  -44.538   5222.7    492.1
     1     1     7     8     5     5     0     1   -49.0  -17.824  -44.327   5184.6    491.1
     1     1     7     8     5     4     0     2   -50.0  -17.581  -44.090   5126.0    492.8
     1     1     7     8     5     3     0     3   -51.0  -17.354  -43.830   5059.6    497.7
     1     1     7     8     5     2     0     2   -52.0  -17.158  -43.546   4992.3    505.0
     1     1     7     8     5     1     0     1   -53.0  -16.999  -43.239   4921.5    512.5
     1     1     7     8     5     0     0     0   -54.0  -16.879  -42.916   4841.8    520.2
     1     1     7     8     4    23     0     1   -55.0  -16.785  -42.580   4782.3    528.4
     1     1     7     8     4    22     0     2   -56.0  -16.702  -42.233   4762.0    531.5
     1     1     7     8     4    21     0     3   -57.0  -16.626  -41.878   4773.7    531.2
     1     1     7     8     4    20     0     2   -58.0  -16.569  -41.517   4795.2    529.7
     1     1     7     8     4    19     0     1   -59.0  -16.538  -41.153   4810.9    530.7
     1     1     7     8     4    18     0     0   -60.0  -16.533  -40.790   4828.3    534.4
     1     1     7     8     4    17     0     1   -61.0  -16.564  -40.427   4849.0    540.4
     1     1     7     8     4    16     0     2   -62.0  -16.638  -40.066   4870.3    545.9
     1     1     7     8     4    15     0     3   -63.0  -16.752  -39.717   4895.2    552.0
     1     1     7     8     4    14     0     2   -64.0  -16.900  -39.384   4928.8    556.9
     1     1     7     8     4    13     0     1   -65.0  -17.078  -39.072   4972.2    560.3
     1     1     7     8     4    12     0     0   -66.0  -17.282  -38.786   5015.1    559.3
     1     1     7     8     4    11     0     1   -67.0  -17.501  -38.530   5069.2    555.5
     1     1     7     8     4    10     0     2   -68.0  -17.726  -38.300   5134.0    551.0
     1     1     7     8     4     9     0     3   -69.0  -17.952  -38.089   5204.8    546.1
     1     1     7     8     4     8     0     2   -70.0  -18.183  -37.908   5281.6    541.1
     1     1     7     8     4     7     0     1   -71.0  -18.422  -37.775   5366.0    535.1
     1     1     7     8     4     6     0     0   -72.0  -18.668  -37.687   5454.3    529.0
     1     1     7     8     4     5     0     1   -73.0  -18.926  -37.639   5546.0    523.4
     1     1     7     8     4     4     0     2   -74.0  -19.204  -37.640   5643.5    517.2
     1     1     7     8     4     3     0     3   -75.0  -19.499  -37.700   5752.0    510.2
     1     1     7     8     4     2     0     2   -76.0  -19.802  -37.809   5865.0    501.8
     1     1     7     8     4     1     0     1   -77.0  -20.097  -37.959   5968.9    494.5
     1     1     7     8     4     0     0     0   -78.0  -20.379  -38.148   6055.4    488.7
     1     1     7     8     3    23     0     1   -79.0  -20.649  -38.372   6126.3    484.8
     1     1     7     8     3    22     0     2   -80.0  -20.907  -38.629   6199.5    480.7
     1     1     7     8     3    21     0     3   -81.0  -21.143  -38.923   6287.3    475.6
     1     1     7     8     3    20     0     2   -82.0  -21.360  -39.258   6373.6    469.2
     1     1     7     8     3    19     0     1   -83.0  -21.565  -39.628   6434.5    464.8
     1     1     7     8     3    18     0     0   -84.0  -21.749  -40.021   6461.9    462.5
     1     1     7     8     3    17     0     1   -85.0  -21.913  -40.427   6474.2    463.9
     1     1     7     8     3    16     0     2   -86.0  -22.062  -40.845   6486.2    465.1
     1     1     7     8     3    15     0     3   -87.0  -22.191  -41.277   6468.5    460.7
     1     1     7     8     3    14     0     2   -88.0  -22.304  -41.726   6449.0    454.6
     1     1     7     8     3    13     0     1   -89.0  -22.406  -42.191   6449.4    450.5
     1     1     7     8     3    12     0     0   -90.0  -22.495  -42.671   6465.8    447.2
     1     1     7     8     3    11     0     1   -91.0  -22.580  -43.169   6485.3    442.9
     1     1     7     8     3    10     0     2   -92.0  -22.670  -43.692   6500.8    437.6
     1     1     7     8     3     9     0     3   -93.0  -22.763  -44.240   6512.6    429.4
     1     1     7     8     3     8     0     2   -94.0  -22.849  -44.810   6498.0    416.4
     1     1     7     8     3     7     0     1   -95.0  -22.916  -45.394   6482.4    408.8
     1     1     7     8     3     6     0     0   -96.0  -22.948  -45.977   6431.3    405.8
     1     1     7     8     3     5     0     1   -97.0  -22.940  -46.552   6417.8    416.6
     1     1     7     8     3     4     0     2   -98.0  -22.884  -47.117   6397.7    426.2
     1     1     7     8     3     3     0     3   -99.0  -22.771  -47.667   6366.4    434.8
     1     1     7     8     3     2     0     2  -100.0  -22.611  -48.197   6343.7    439.8
     1     1     7     8     3     1     0     1  -101.0  -22.416  -48.710   6345.0    437.1
     1     1     7     8     3     0     0     0  -102.0  -22.181  -49.209   6387.0    437.2
     1     1     7     8     2    23     0     1  -103.0  -21.915  -49.690   6415.0    437.6
     1     1     7     8     2    22     0     2  -104.0  -21.629  -50.146   6409.3    438.9
     1     1     7     8     2    21     0     3  -105.0  -21.319  -50.572   6392.0    442.5
     1     1     7     8     2    20     0     2  -106.0  -20.985  -50.955   6369.6    448.2
     1     1     7     8     2    19     0     1  -107.0  -20.638  -51.283   6319.8    450.9
     1     1     7     8     2    18     0     0  -108.0  -20.284  -51.557   6266.9    453.2
     1     1     7     8     2    17     0     1  -109.0  -19.936  -51.776   6211.7    454.6
     1     1     7     8     2    16     0     2  -110.0  -19.609  -51.943   6140.8    454.7
     1     1     7     8     2    15     0     3  -111.0  -19.308  -52.062   6063.5    456.2
     1     1     7     8     2    14     0     2  -112.0  -19.021  -52.148   5997.2    457.6
     1     1     7     8     2    13     0     1  -113.0  -18.736  -52.217   5964.1    457.8
     1     1     7     8     2    12     0     0  -114.0  -18.458  -52.272   5957.2    456.4
     1     1     7     8     2    11     0     1  -115.0  -18.197  -52.324   5968.3    453.7
     1     1     7     8     2    10     0     2  -116.0  -17.958  -52.383   5991.2    450.8
     1     1     7     8     2     9     0     3  -117.0  -17.736  -52.445   6027.5    448.8
     1     1     7     8     2     8     0     2  -118.0  -17.518  -52.500   6057.9    446.7
     1     1     7     8     2     7     0     1  -119.0  -17.295  -52.534   6070.7    446.8
     1     1     7     8     2     6     0     0  -120.0  -17.070  -52.546   6071.4    447.5
