     7     1
    GDAS     7     7    22     0     0
    GDAS     7     8     8     0     0
    GDAS     7     8    15     0     0
    GDAS     7     8    22     0     0
    GDAS     7     8    29     0     0
    GDAS     7     8     1     0     0
    GDAS     7     7    29     0     0
     1 BACKWARD OMEGA   
     7     8    26     0  -23.561  -46.740  4000.0
     1 PRESSURE
     1     1     7     8    26     0     0     0     0.0  -23.561  -46.740   4000.0    584.9
     1     1     7     8    25    23     0     1    -1.0  -23.355  -47.102   4023.8    579.0
     1     1     7     8    25    22     0     2    -2.0  -23.140  -47.476   4064.0    578.3
     1     1     7     8    25    21     0     3    -3.0  -22.915  -47.851   4106.2    580.1
     1     1     7     8    25    20     0     2    -4.0  -22.677  -48.215   4122.7    577.2
     1     1     7     8    25    19     0     1    -5.0  -22.426  -48.557   4123.7    575.6
     1     1     7     8    25    18     0     0    -6.0  -22.168  -48.870   4119.7    578.7
     1     1     7     8    25    17     0     1    -7.0  -21.913  -49.146   4105.4    584.1
     1     1     7     8    25    16     0     2    -8.0  -21.676  -49.382   4076.1    587.4
     1     1     7     8    25    15     0     3    -9.0  -21.455  -49.588   4043.4    590.8
     1     1     7     8    25    14     0     2   -10.0  -21.244  -49.773   4027.8    593.9
     1     1     7     8    25    13     0     1   -11.0  -21.040  -49.951   4047.7    592.9
     1     1     7     8    25    12     0     0   -12.0  -20.842  -50.126   4099.7    590.4
     1     1     7     8    25    11     0     1   -13.0  -20.649  -50.293   4153.2    586.1
     1     1     7     8    25    10     0     2   -14.0  -20.459  -50.442   4187.2    584.7
     1     1     7     8    25     9     0     3   -15.0  -20.271  -50.570   4205.3    583.9
     1     1     7     8    25     8     0     2   -16.0  -20.079  -50.678   4219.7    584.1
     1     1     7     8    25     7     0     1   -17.0  -19.882  -50.771   4239.3    582.2
     1     1     7     8    25     6     0     0   -18.0  -19.677  -50.849   4262.4    579.3
     1     1     7     8    25     5     0     1   -19.0  -19.469  -50.905   4281.9    576.6
     1     1     7     8    25     4     0     2   -20.0  -19.262  -50.931   4293.5    575.0
     1     1     7     8    25     3     0     3   -21.0  -19.053  -50.925   4301.9    573.4
     1     1     7     8    25     2     0     2   -22.0  -18.850  -50.889   4314.7    570.6
     1     1     7     8    25     1     0     1   -23.0  -18.660  -50.831   4338.2    566.3
     1     1     7     8    25     0     0     0   -24.0  -18.484  -50.754   4368.5    561.9
     1     1     7     8    24    23     0     1   -25.0  -18.317  -50.664   4396.1    557.8
     1     1     7     8    24    22     0     2   -26.0  -18.159  -50.565   4415.2    555.2
     1     1     7     8    24    21     0     3   -27.0  -18.011  -50.456   4428.2    553.5
     1     1     7     8    24    20     0     2   -28.0  -17.877  -50.346   4442.1    553.5
     1     1     7     8    24    19     0     1   -29.0  -17.758  -50.242   4459.8    552.5
     1     1     7     8    24    18     0     0   -30.0  -17.650  -50.142   4480.2    551.2
     1     1     7     8    24    17     0     1   -31.0  -17.547  -50.033   4502.0    549.6
     1     1     7     8    24    16     0     2   -32.0  -17.444  -49.905   4523.9    547.2
     1     1     7     8    24    15     0     3   -33.0  -17.345  -49.754   4550.0    543.9
     1     1     7     8    24    14     0     2   -34.0  -17.251  -49.587   4585.0    539.7
     1     1     7     8    24    13     0     1   -35.0  -17.161  -49.415   4631.1    534.4
     1     1     7     8    24    12     0     0   -36.0  -17.077  -49.241   4687.6    528.4
     1     1     7     8    24    11     0     1   -37.0  -17.006  -49.060   4740.1    521.3
     1     1     7     8    24    10     0     2   -38.0  -16.949  -48.869   4773.9    516.6
     1     1     7     8    24     9     0     3   -39.0  -16.910  -48.675   4787.2    513.4
     1     1     7     8    24     8     0     2   -40.0  -16.887  -48.477   4792.6    512.2
     1     1     7     8    24     7     0     1   -41.0  -16.887  -48.271   4806.1    509.8
     1     1     7     8    24     6     0     0   -42.0  -16.914  -48.064   4831.9    506.7
     1     1     7     8    24     5     0     1   -43.0  -16.962  -47.854   4879.6    505.2
     1     1     7     8    24     4     0     2   -44.0  -17.019  -47.636   4940.9    504.4
     1     1     7     8    24     3     0     3   -45.0  -17.083  -47.412   5008.5    503.3
     1     1     7     8    24     2     0     2   -46.0  -17.156  -47.185   5079.8    501.3
     1     1     7     8    24     1     0     1   -47.0  -17.241  -46.960   5154.3    498.7
     1     1     7     8    24     0     0     0   -48.0  -17.339  -46.736   5232.8    495.0
     1     1     7     8    23    23     0     1   -49.0  -17.453  -46.520   5318.5    490.0
     1     1     7     8    23    22     0     2   -50.0  -17.589  -46.315   5412.6    484.0
     1     1     7     8    23    21     0     3   -51.0  -17.751  -46.121   5518.9    476.8
     1     1     7     8    23    20     0     2   -52.0  -17.941  -45.936   5625.7    468.4
     1     1     7     8    23    19     0     1   -53.0  -18.154  -45.764   5718.8    462.2
     1     1     7     8    23    18     0     0   -54.0  -18.384  -45.606   5796.8    457.8
     1     1     7     8    23    17     0     1   -55.0  -18.624  -45.456   5870.7    454.8
     1     1     7     8    23    16     0     2   -56.0  -18.868  -45.313   5950.6    451.4
     1     1     7     8    23    15     0     3   -57.0  -19.118  -45.179   6028.2    447.4
     1     1     7     8    23    14     0     2   -58.0  -19.377  -45.052   6105.4    442.8
     1     1     7     8    23    13     0     1   -59.0  -19.650  -44.940   6191.1    435.9
     1     1     7     8    23    12     0     0   -60.0  -19.947  -44.856   6292.9    426.7
     1     1     7     8    23    11     0     1   -61.0  -20.269  -44.813   6402.2    416.2
     1     1     7     8    23    10     0     2   -62.0  -20.610  -44.812   6501.1    407.9
     1     1     7     8    23     9     0     3   -63.0  -20.961  -44.847   6587.7    400.4
     1     1     7     8    23     8     0     2   -64.0  -21.324  -44.909   6667.9    393.1
     1     1     7     8    23     7     0     1   -65.0  -21.711  -44.999   6747.7    383.7
     1     1     7     8    23     6     0     0   -66.0  -22.124  -45.120   6840.2    377.7
     1     1     7     8    23     5     0     1   -67.0  -22.556  -45.265   6967.8    377.8
     1     1     7     8    23     4     0     2   -68.0  -23.010  -45.438   7108.3    375.4
     1     1     7     8    23     3     0     3   -69.0  -23.472  -45.655   7358.9    380.8
     1     1     7     8    23     2     0     2   -70.0  -23.929  -45.909   7622.6    385.4
     1     1     7     8    23     1     0     1   -71.0  -24.389  -46.203   7771.2    378.3
     1     1     7     8    23     0     0     0   -72.0  -24.854  -46.544   7904.2    374.8
     1     1     7     8    22    23     0     1   -73.0  -25.316  -46.926   8006.0    372.5
     1     1     7     8    22    22     0     2   -74.0  -25.775  -47.347   8082.0    368.8
     1     1     7     8    22    21     0     3   -75.0  -26.241  -47.808   8189.9    366.5
     1     1     7     8    22    20     0     2   -76.0  -26.710  -48.319   8228.5    356.6
     1     1     7     8    22    19     0     1   -77.0  -27.180  -48.891   8204.2    349.3
     1     1     7     8    22    18     0     0   -78.0  -27.686  -49.532   8017.7    333.2
     1     1     7     8    22    17     0     1   -79.0  -28.202  -50.263   7921.6    326.0
     1     1     7     8    22    16     0     2   -80.0  -28.642  -51.050   7951.6    334.6
     1     1     7     8    22    15     0     3   -81.0  -28.995  -51.846   7948.5    347.4
     1     1     7     8    22    14     0     2   -82.0  -29.285  -52.635   7940.3    355.7
     1     1     7     8    22    13     0     1   -83.0  -29.541  -53.444   8006.0    359.3
     1     1     7     8    22    12     0     0   -84.0  -29.775  -54.280   8127.3    358.6
     1     1     7     8    22    11     0     1   -85.0  -29.970  -55.142   8220.4    353.8
     1     1     7     8    22    10     0     2   -86.0  -30.084  -56.017   8229.1    352.7
     1     1     7     8    22     9     0     3   -87.0  -30.117  -56.883   8181.7    356.5
     1     1     7     8    22     8     0     2   -88.0  -30.115  -57.734   8125.8    361.5
     1     1     7     8    22     7     0     1   -89.0  -30.112  -58.577   8098.6    363.3
     1     1     7     8    22     6     0     0   -90.0  -30.108  -59.403   8098.1    364.1
     1     1     7     8    22     5     0     1   -91.0  -30.109  -60.216   8147.7    362.4
     1     1     7     8    22     4     0     2   -92.0  -30.120  -61.073   8268.0    354.4
     1     1     7     8    22     3     0     3   -93.0  -30.131  -62.026   8463.4    345.0
     1     1     7     8    22     2     0     2   -94.0  -30.130  -63.058   8613.9    333.1
     1     1     7     8    22     1     0     1   -95.0  -30.103  -64.146   8642.9    318.4
     1     1     7     8    22     0     0     0   -96.0  -30.044  -65.259   8801.6    318.8
     1     1     7     8    21    23     0     1   -97.0  -29.946  -66.384   8809.4    310.6
     1     1     7     8    21    22     0     2   -98.0  -29.809  -67.669   8563.1    284.4
     1     1     7     8    21    21     0     3   -99.0  -29.615  -69.291   8043.5    238.5
     1     1     7     8    21    20     0     2  -100.0  -29.345  -71.146   8965.2    287.1
     1     1     7     8    21    19     0     1  -101.0  -29.049  -72.281   9308.8    307.0
     1     1     7     8    21    18     0     0  -102.0  -28.750  -73.263   9324.5    307.4
     1     1     7     8    21    17     0     1  -103.0  -28.453  -74.231   9331.8    306.0
     1     1     7     8    21    16     0     2  -104.0  -28.193  -75.217   9383.6    304.1
     1     1     7     8    21    15     0     3  -105.0  -27.989  -76.203   9435.3    300.9
     1     1     7     8    21    14     0     2  -106.0  -27.804  -77.220   9506.3    298.0
     1     1     7     8    21    13     0     1  -107.0  -27.619  -78.316   9582.7    294.3
     1     1     7     8    21    12     0     0  -108.0  -27.451  -79.489   9699.7    289.2
     1     1     7     8    21    11     0     1  -109.0  -27.253  -80.763   9813.3    283.4
     1     1     7     8    21    10     0     2  -110.0  -26.997  -82.122   9902.7    280.0
     1     1     7     8    21     9     0     3  -111.0  -26.716  -83.528   9991.9    275.9
     1     1     7     8    21     8     0     2  -112.0  -26.415  -84.941  10080.1    271.7
     1     1     7     8    21     7     0     1  -113.0  -26.100  -86.316  10154.7    269.4
     1     1     7     8    21     6     0     0  -114.0  -25.816  -87.634  10207.6    267.4
