     7     1
    GDAS     7     7    22     0     0
    GDAS     7     8     8     0     0
    GDAS     7     8    15     0     0
    GDAS     7     8    22     0     0
    GDAS     7     8    29     0     0
    GDAS     7     8     1     0     0
    GDAS     7     7    29     0     0
     1 BACKWARD OMEGA   
     7     8     9    12  -23.561  -46.740  4000.0
     1 PRESSURE
     1     1     7     8     9    12     0     0     0.0  -23.561  -46.740   4000.0    589.8
     1     1     7     8     9    11     0     1    -1.0  -23.486  -46.850   4039.4    583.2
     1     1     7     8     9    10     0     2    -2.0  -23.408  -46.964   4054.7    579.8
     1     1     7     8     9     9     0     3    -3.0  -23.326  -47.078   4042.0    579.7
     1     1     7     8     9     8     0     2    -4.0  -23.240  -47.198   4013.5    583.3
     1     1     7     8     9     7     0     1    -5.0  -23.145  -47.333   3985.3    586.3
     1     1     7     8     9     6     0     0    -6.0  -23.040  -47.483   3957.7    590.1
     1     1     7     8     9     5     0     1    -7.0  -22.925  -47.642   3934.0    594.3
     1     1     7     8     9     4     0     2    -8.0  -22.798  -47.808   3919.1    597.4
     1     1     7     8     9     3     0     3    -9.0  -22.657  -47.979   3913.9    599.8
     1     1     7     8     9     2     0     2   -10.0  -22.505  -48.157   3918.5    598.3
     1     1     7     8     9     1     0     1   -11.0  -22.348  -48.344   3948.4    594.9
     1     1     7     8     9     0     0     0   -12.0  -22.187  -48.540   4002.4    591.5
     1     1     7     8     8    23     0     1   -13.0  -22.020  -48.735   4062.4    588.0
     1     1     7     8     8    22     0     2   -14.0  -21.843  -48.925   4106.1    586.2
     1     1     7     8     8    21     0     3   -15.0  -21.652  -49.108   4137.1    584.6
     1     1     7     8     8    20     0     2   -16.0  -21.447  -49.280   4149.2    583.6
     1     1     7     8     8    19     0     1   -17.0  -21.234  -49.432   4135.1    585.0
     1     1     7     8     8    18     0     0   -18.0  -21.015  -49.560   4095.0    588.3
     1     1     7     8     8    17     0     1   -19.0  -20.800  -49.666   4039.5    593.8
     1     1     7     8     8    16     0     2   -20.0  -20.599  -49.756   3976.3    599.3
     1     1     7     8     8    15     0     3   -21.0  -20.410  -49.835   3904.0    605.4
     1     1     7     8     8    14     0     2   -22.0  -20.235  -49.905   3840.1    612.2
     1     1     7     8     8    13     0     1   -23.0  -20.077  -49.974   3804.8    615.6
     1     1     7     8     8    12     0     0   -24.0  -19.939  -50.044   3799.4    616.1
     1     1     7     8     8    11     0     1   -25.0  -19.809  -50.125   3802.0    613.2
     1     1     7     8     8    10     0     2   -26.0  -19.672  -50.222   3790.0    613.2
     1     1     7     8     8     9     0     3   -27.0  -19.529  -50.335   3764.9    614.2
     1     1     7     8     8     8     0     2   -28.0  -19.379  -50.457   3747.2    616.5
     1     1     7     8     8     7     0     1   -29.0  -19.224  -50.584   3757.8    615.2
     1     1     7     8     8     6     0     0   -30.0  -19.068  -50.719   3799.0    611.7
     1     1     7     8     8     5     0     1   -31.0  -18.908  -50.862   3849.6    605.7
     1     1     7     8     8     4     0     2   -32.0  -18.731  -51.005   3887.1    601.0
     1     1     7     8     8     3     0     3   -33.0  -18.538  -51.147   3911.3    596.0
     1     1     7     8     8     2     0     2   -34.0  -18.331  -51.281   3937.7    591.4
     1     1     7     8     8     1     0     1   -35.0  -18.109  -51.404   3977.0    585.5
     1     1     7     8     8     0     0     0   -36.0  -17.872  -51.517   4031.9    579.9
     1     1     7     8     7    23     0     1   -37.0  -17.635  -51.621   4083.7    574.3
     1     1     7     8     7    22     0     2   -38.0  -17.414  -51.715   4115.0    571.4
     1     1     7     8     7    21     0     3   -39.0  -17.214  -51.799   4128.8    569.6
     1     1     7     8     7    20     0     2   -40.0  -17.031  -51.880   4129.8    569.3
     1     1     7     8     7    19     0     1   -41.0  -16.858  -51.960   4130.6    572.3
     1     1     7     8     7    18     0     0   -42.0  -16.692  -52.033   4126.9    577.0
     1     1     7     8     7    17     0     1   -43.0  -16.519  -52.085   4132.8    582.0
     1     1     7     8     7    16     0     2   -44.0  -16.331  -52.100   4162.2    584.4
     1     1     7     8     7    15     0     3   -45.0  -16.125  -52.075   4213.6    585.7
     1     1     7     8     7    14     0     2   -46.0  -15.916  -52.025   4261.4    584.2
     1     1     7     8     7    13     0     1   -47.0  -15.722  -51.974   4285.1    583.0
     1     1     7     8     7    12     0     0   -48.0  -15.545  -51.932   4298.6    582.3
     1     1     7     8     7    11     0     1   -49.0  -15.379  -51.891   4311.3    581.6
     1     1     7     8     7    10     0     2   -50.0  -15.218  -51.846   4327.1    580.2
     1     1     7     8     7     9     0     3   -51.0  -15.054  -51.792   4342.7    579.1
     1     1     7     8     7     8     0     2   -52.0  -14.875  -51.724   4351.8    578.3
     1     1     7     8     7     7     0     1   -53.0  -14.672  -51.639   4353.4    578.5
     1     1     7     8     7     6     0     0   -54.0  -14.448  -51.535   4350.8    579.4
     1     1     7     8     7     5     0     1   -55.0  -14.208  -51.404   4351.4    581.5
     1     1     7     8     7     4     0     2   -56.0  -13.958  -51.237   4362.7    583.7
     1     1     7     8     7     3     0     3   -57.0  -13.696  -51.035   4383.5    585.2
     1     1     7     8     7     2     0     2   -58.0  -13.424  -50.803   4401.3    582.0
     1     1     7     8     7     1     0     1   -59.0  -13.146  -50.538   4426.2    577.7
     1     1     7     8     7     0     0     0   -60.0  -12.858  -50.237   4461.7    573.5
     1     1     7     8     6    23     0     1   -61.0  -12.564  -49.906   4493.1    569.9
     1     1     7     8     6    22     0     2   -62.0  -12.277  -49.546   4501.3    569.2
     1     1     7     8     6    21     0     3   -63.0  -11.997  -49.159   4491.9    569.9
     1     1     7     8     6    20     0     2   -64.0  -11.732  -48.749   4477.9    571.5
     1     1     7     8     6    19     0     1   -65.0  -11.491  -48.324   4469.4    571.3
     1     1     7     8     6    18     0     0   -66.0  -11.276  -47.892   4460.6    568.8
     1     1     7     8     6    17     0     1   -67.0  -11.087  -47.454   4445.4    562.6
     1     1     7     8     6    16     0     2   -68.0  -10.923  -47.006   4427.6    557.3
     1     1     7     8     6    15     0     3   -69.0  -10.776  -46.550   4403.2    556.5
     1     1     7     8     6    14     0     2   -70.0  -10.641  -46.090   4365.9    557.0
     1     1     7     8     6    13     0     1   -71.0  -10.520  -45.632   4345.4    562.0
     1     1     7     8     6    12     0     0   -72.0  -10.412  -45.180   4329.2    567.4
     1     1     7     8     6    11     0     1   -73.0  -10.315  -44.740   4304.4    570.8
     1     1     7     8     6    10     0     2   -74.0  -10.228  -44.311   4271.0    574.7
     1     1     7     8     6     9     0     3   -75.0  -10.142  -43.886   4239.4    577.8
     1     1     7     8     6     8     0     2   -76.0  -10.058  -43.453   4212.4    579.9
     1     1     7     8     6     7     0     1   -77.0   -9.972  -42.998   4196.5    581.2
     1     1     7     8     6     6     0     0   -78.0   -9.877  -42.524   4190.1    581.0
     1     1     7     8     6     5     0     1   -79.0   -9.771  -42.040   4185.8    582.5
     1     1     7     8     6     4     0     2   -80.0   -9.667  -41.555   4152.8    578.9
     1     1     7     8     6     3     0     3   -81.0   -9.575  -41.079   4093.8    578.3
     1     1     7     8     6     2     0     2   -82.0   -9.484  -40.621   4044.4    587.8
     1     1     7     8     6     1     0     1   -83.0   -9.388  -40.176   4007.1    596.7
     1     1     7     8     6     0     0     0   -84.0   -9.288  -39.735   3983.5    601.9
     1     1     7     8     5    23     0     1   -85.0   -9.200  -39.290   3971.5    602.4
     1     1     7     8     5    22     0     2   -86.0   -9.140  -38.840   3972.0    603.3
     1     1     7     8     5    21     0     3   -87.0   -9.114  -38.384   4000.7    604.3
     1     1     7     8     5    20     0     2   -88.0   -9.124  -37.915   4061.8    600.9
     1     1     7     8     5    19     0     1   -89.0   -9.165  -37.426   4139.4    588.1
     1     1     7     8     5    18     0     0   -90.0   -9.226  -36.923   4249.3    576.4
     1     1     7     8     5    17     0     1   -91.0   -9.300  -36.432   4369.0    573.8
     1     1     7     8     5    16     0     2   -92.0   -9.384  -35.959   4436.9    577.7
     1     1     7     8     5    15     0     3   -93.0   -9.474  -35.509   4456.0    586.4
     1     1     7     8     5    14     0     2   -94.0   -9.567  -35.087   4433.2    597.2
     1     1     7     8     5    13     0     1   -95.0   -9.672  -34.678   4392.3    602.7
     1     1     7     8     5    12     0     0   -96.0   -9.796  -34.272   4360.9    605.4
     1     1     7     8     5    11     0     1   -97.0   -9.941  -33.874   4346.9    606.0
     1     1     7     8     5    10     0     2   -98.0  -10.101  -33.486   4348.5    604.6
     1     1     7     8     5     9     0     3   -99.0  -10.269  -33.106   4356.6    602.9
     1     1     7     8     5     8     0     2  -100.0  -10.437  -32.732   4359.1    602.6
     1     1     7     8     5     7     0     1  -101.0  -10.597  -32.368   4348.4    603.9
     1     1     7     8     5     6     0     0  -102.0  -10.747  -32.012   4326.4    605.9
     1     1     7     8     5     5     0     1  -103.0  -10.893  -31.667   4304.0    608.6
     1     1     7     8     5     4     0     2  -104.0  -11.045  -31.338   4294.6    609.9
     1     1     7     8     5     3     0     3  -105.0  -11.213  -31.026   4303.8    609.7
     1     1     7     8     5     2     0     2  -106.0  -11.395  -30.728   4326.9    607.5
     1     1     7     8     5     1     0     1  -107.0  -11.583  -30.437   4357.6    605.3
     1     1     7     8     5     0     0     0  -108.0  -11.775  -30.155   4399.5    602.4
     1     1     7     8     4    23     0     1  -109.0  -11.978  -29.877   4448.0    598.2
     1     1     7     8     4    22     0     2  -110.0  -12.198  -29.602   4494.7    594.4
     1     1     7     8     4    21     0     3  -111.0  -12.432  -29.331   4538.0    590.7
     1     1     7     8     4    20     0     2  -112.0  -12.671  -29.068   4579.5    587.4
     1     1     7     8     4    19     0     1  -113.0  -12.908  -28.814   4625.0    584.2
     1     1     7     8     4    18     0     0  -114.0  -13.140  -28.565   4676.7    581.0
     1     1     7     8     4    17     0     1  -115.0  -13.368  -28.321   4720.3    577.5
     1     1     7     8     4    16     0     2  -116.0  -13.595  -28.084   4739.6    576.3
     1     1     7     8     4    15     0     3  -117.0  -13.820  -27.851   4729.8    577.0
     1     1     7     8     4    14     0     2  -118.0  -14.045  -27.622   4712.9    580.0
     1     1     7     8     4    13     0     1  -119.0  -14.271  -27.398   4713.2    580.3
     1     1     7     8     4    12     0     0  -120.0  -14.497  -27.182   4732.1    579.0
