     7     1
    GDAS     7     7    22     0     0
    GDAS     7     8     8     0     0
    GDAS     7     8    15     0     0
    GDAS     7     8    22     0     0
    GDAS     7     8    29     0     0
    GDAS     7     8     1     0     0
    GDAS     7     7    29     0     0
     1 BACKWARD OMEGA   
     7     8    20    18  -23.561  -46.740  4000.0
     1 PRESSURE
     1     1     7     8    20    18     0     0     0.0  -23.561  -46.740   4000.0    584.7
     1     1     7     8    20    17     0     1    -1.0  -23.744  -47.111   3967.9    587.3
     1     1     7     8    20    16     0     2    -2.0  -23.936  -47.502   3958.6    587.9
     1     1     7     8    20    15     0     3    -3.0  -24.136  -47.912   3978.5    588.3
     1     1     7     8    20    14     0     2    -4.0  -24.343  -48.355   3994.7    586.6
     1     1     7     8    20    13     0     1    -5.0  -24.561  -48.834   3991.1    583.5
     1     1     7     8    20    12     0     0    -6.0  -24.792  -49.333   4008.5    575.5
     1     1     7     8    20    11     0     1    -7.0  -25.023  -49.867   4061.6    560.3
     1     1     7     8    20    10     0     2    -8.0  -25.254  -50.458   4162.8    549.8
     1     1     7     8    20     9     0     3    -9.0  -25.486  -51.105   4280.5    543.8
     1     1     7     8    20     8     0     2   -10.0  -25.724  -51.816   4377.0    534.9
     1     1     7     8    20     7     0     1   -11.0  -25.993  -52.567   4478.1    538.2
     1     1     7     8    20     6     0     0   -12.0  -26.298  -53.315   4587.4    546.4
     1     1     7     8    20     5     0     1   -13.0  -26.628  -54.067   4679.6    548.1
     1     1     7     8    20     4     0     2   -14.0  -26.991  -54.830   4774.6    547.5
     1     1     7     8    20     3     0     3   -15.0  -27.409  -55.594   4865.4    550.0
     1     1     7     8    20     2     0     2   -16.0  -27.851  -56.375   4973.5    547.5
     1     1     7     8    20     1     0     1   -17.0  -28.332  -57.187   5159.8    535.2
     1     1     7     8    20     0     0     0   -18.0  -28.874  -58.087   5436.2    517.8
     1     1     7     8    19    23     0     1   -19.0  -29.471  -59.041   5711.5    495.4
     1     1     7     8    19    22     0     2   -20.0  -30.150  -60.001   5976.6    480.1
     1     1     7     8    19    21     0     3   -21.0  -30.872  -60.960   6248.8    462.2
     1     1     7     8    19    20     0     2   -22.0  -31.601  -61.928   6526.9    438.9
     1     1     7     8    19    19     0     1   -23.0  -32.356  -62.878   6827.4    420.1
     1     1     7     8    19    18     0     0   -24.0  -33.149  -63.762   7089.6    399.1
     1     1     7     8    19    17     0     1   -25.0  -33.945  -64.614   7347.5    379.6
     1     1     7     8    19    16     0     2   -26.0  -34.712  -65.470   7551.4    365.7
     1     1     7     8    19    15     0     3   -27.0  -35.433  -66.322   7677.8    358.0
     1     1     7     8    19    14     0     2   -28.0  -36.119  -67.155   7820.8    351.7
     1     1     7     8    19    13     0     1   -29.0  -36.789  -67.977   7902.9    328.2
     1     1     7     8    19    12     0     0   -30.0  -37.406  -68.797   8116.9    313.5
     1     1     7     8    19    11     0     1   -31.0  -37.982  -69.645   8291.0    301.7
     1     1     7     8    19    10     0     2   -32.0  -38.547  -70.553   8300.6    282.7
     1     1     7     8    19     9     0     3   -33.0  -39.070  -71.576   8563.2    284.6
     1     1     7     8    19     8     0     2   -34.0  -39.452  -72.591   8907.3    296.8
     1     1     7     8    19     7     0     1   -35.0  -39.717  -73.590   8993.2    304.9
     1     1     7     8    19     6     0     0   -36.0  -39.892  -74.563   8887.0    314.9
     1     1     7     8    19     5     0     1   -37.0  -39.997  -75.519   8695.4    326.5
     1     1     7     8    19     4     0     2   -38.0  -40.056  -76.544   8478.2    336.4
     1     1     7     8    19     3     0     3   -39.0  -40.067  -77.651   8267.6    347.0
     1     1     7     8    19     2     0     2   -40.0  -40.032  -78.812   8071.6    357.7
     1     1     7     8    19     1     0     1   -41.0  -39.950  -80.032   7888.3    366.2
     1     1     7     8    19     0     0     0   -42.0  -39.832  -81.298   7719.7    375.9
     1     1     7     8    18    23     0     1   -43.0  -39.708  -82.584   7579.8    384.0
     1     1     7     8    18    22     0     2   -44.0  -39.566  -83.910   7482.8    389.0
     1     1     7     8    18    21     0     3   -45.0  -39.371  -85.291   7389.8    394.3
     1     1     7     8    18    20     0     2   -46.0  -39.134  -86.730   7248.7    402.3
     1     1     7     8    18    19     0     1   -47.0  -38.871  -88.182   7031.1    415.2
     1     1     7     8    18    18     0     0   -48.0  -38.566  -89.625   6786.6    430.5
     1     1     7     8    18    17     0     1   -49.0  -38.232  -91.040   6590.1    443.3
     1     1     7     8    18    16     0     2   -50.0  -37.901  -92.457   6452.2    451.3
     1     1     7     8    18    15     0     3   -51.0  -37.588  -93.881   6352.7    458.0
     1     1     7     8    18    14     0     2   -52.0  -37.295  -95.276   6248.4    465.0
     1     1     7     8    18    13     0     1   -53.0  -37.000  -96.616   6172.9    470.6
     1     1     7     8    18    12     0     0   -54.0  -36.704  -97.917   6137.3    472.9
     1     1     7     8    18    11     0     1   -55.0  -36.427  -99.189   6096.0    475.2
     1     1     7     8    18    10     0     2   -56.0  -36.168 -100.425   6046.3    479.1
     1     1     7     8    18     9     0     3   -57.0  -35.886 -101.621   5999.4    482.3
     1     1     7     8    18     8     0     2   -58.0  -35.611 -102.781   5945.3    485.9
     1     1     7     8    18     7     0     1   -59.0  -35.372 -103.924   5883.8    491.3
     1     1     7     8    18     6     0     0   -60.0  -35.143 -105.052   5791.0    496.6
     1     1     7     8    18     5     0     1   -61.0  -34.919 -106.164   5700.4    504.4
     1     1     7     8    18     4     0     2   -62.0  -34.717 -107.274   5633.8    508.5
     1     1     7     8    18     3     0     3   -63.0  -34.542 -108.382   5607.2    510.8
     1     1     7     8    18     2     0     2   -64.0  -34.375 -109.495   5603.5    510.7
     1     1     7     8    18     1     0     1   -65.0  -34.205 -110.618   5581.3    512.2
     1     1     7     8    18     0     0     0   -66.0  -34.064 -111.764   5527.5    515.8
     1     1     7     8    17    23     0     1   -67.0  -33.940 -112.921   5467.2    520.7
     1     1     7     8    17    22     0     2   -68.0  -33.812 -114.088   5428.1    523.3
     1     1     7     8    17    21     0     3   -69.0  -33.678 -115.291   5394.3    525.6
     1     1     7     8    17    20     0     2   -70.0  -33.519 -116.489   5356.9    528.4
     1     1     7     8    17    19     0     1   -71.0  -33.347 -117.668   5339.4    530.1
     1     1     7     8    17    18     0     0   -72.0  -33.176 -118.874   5371.1    528.0
     1     1     7     8    17    17     0     1   -73.0  -33.006 -120.107   5411.9    524.4
     1     1     7     8    17    16     0     2   -74.0  -32.834 -121.331   5419.8    523.6
     1     1     7     8    17    15     0     3   -75.0  -32.656 -122.539   5394.1    525.1
     1     1     7     8    17    14     0     2   -76.0  -32.470 -123.740   5359.1    527.9
     1     1     7     8    17    13     0     1   -77.0  -32.294 -124.939   5347.3    528.7
     1     1     7     8    17    12     0     0   -78.0  -32.131 -126.148   5366.4    527.3
     1     1     7     8    17    11     0     1   -79.0  -31.939 -127.361   5410.9    524.0
     1     1     7     8    17    10     0     2   -80.0  -31.729 -128.557   5450.9    521.1
     1     1     7     8    17     9     0     3   -81.0  -31.538 -129.747   5476.0    519.2
     1     1     7     8    17     8     0     2   -82.0  -31.361 -130.962   5496.9    517.8
     1     1     7     8    17     7     0     1   -83.0  -31.178 -132.221   5535.4    515.3
     1     1     7     8    17     6     0     0   -84.0  -30.999 -133.534   5639.1    508.5
     1     1     7     8    17     5     0     1   -85.0  -30.824 -134.895   5815.4    495.9
     1     1     7     8    17     4     0     2   -86.0  -30.644 -136.303   6007.0    482.7
     1     1     7     8    17     3     0     3   -87.0  -30.441 -137.775   6178.9    471.2
     1     1     7     8    17     2     0     2   -88.0  -30.206 -139.271   6330.7    461.7
     1     1     7     8    17     1     0     1   -89.0  -29.944 -140.788   6461.3    453.4
     1     1     7     8    17     0     0     0   -90.0  -29.654 -142.332   6544.0    448.2
     1     1     7     8    16    23     0     1   -91.0  -29.351 -143.835   6614.5    444.1
     1     1     7     8    16    22     0     2   -92.0  -29.034 -145.285   6656.0    441.7
     1     1     7     8    16    21     0     3   -93.0  -28.671 -146.693   6631.4    443.6
     1     1     7     8    16    20     0     2   -94.0  -28.287 -148.053   6589.3    446.7
     1     1     7     8    16    19     0     1   -95.0  -27.907 -149.383   6568.1    448.0
     1     1     7     8    16    18     0     0   -96.0  -27.511 -150.660   6575.9    447.1
     1     1     7     8    16    17     0     1   -97.0  -27.112 -151.908   6579.3    447.0
     1     1     7     8    16    16     0     2   -98.0  -26.721 -153.152   6563.4    448.2
     1     1     7     8    16    15     0     3   -99.0  -26.346 -154.351   6518.2    451.3
     1     1     7     8    16    14     0     2  -100.0  -25.993 -155.508   6478.5    454.8
     1     1     7     8    16    13     0     1  -101.0  -25.663 -156.628   6490.8    454.3
     1     1     7     8    16    12     0     0  -102.0  -25.343 -157.704   6536.7    451.6
     1     1     7     8    16    11     0     1  -103.0  -25.045 -158.761   6573.0    449.4
     1     1     7     8    16    10     0     2  -104.0  -24.799 -159.796   6576.4    450.0
     1     1     7     8    16     9     0     3  -105.0  -24.588 -160.796   6575.0    450.4
     1     1     7     8    16     8     0     2  -106.0  -24.383 -161.764   6564.2    450.9
     1     1     7     8    16     7     0     1  -107.0  -24.172 -162.703   6530.6    453.1
     1     1     7     8    16     6     0     0  -108.0  -23.950 -163.598   6482.8    455.9
     1     1     7     8    16     5     0     1  -109.0  -23.717 -164.426   6412.1    460.6
     1     1     7     8    16     4     0     2  -110.0  -23.470 -165.189   6321.3    466.4
     1     1     7     8    16     3     0     3  -111.0  -23.207 -165.876   6188.1    474.5
     1     1     7     8    16     2     0     2  -112.0  -22.966 -166.484   6018.7    486.5
     1     1     7     8    16     1     0     1  -113.0  -22.770 -167.037   5861.6    497.8
     1     1     7     8    16     0     0     0  -114.0  -22.612 -167.546   5730.9    507.3
     1     1     7     8    15    23     0     1  -115.0  -22.492 -168.024   5629.6    514.2
     1     1     7     8    15    22     0     2  -116.0  -22.413 -168.484   5560.6    519.6
     1     1     7     8    15    21     0     3  -117.0  -22.371 -168.944   5539.3    521.9
     1     1     7     8    15    20     0     2  -118.0  -22.354 -169.413   5555.0    519.2
     1     1     7     8    15    19     0     1  -119.0  -22.352 -169.888   5578.7    516.9
     1     1     7     8    15    18     0     0  -120.0  -22.367 -170.366   5592.0    515.2
