     7     1
    GDAS     7     7    22     0     0
    GDAS     7     8     8     0     0
    GDAS     7     8    15     0     0
    GDAS     7     8    22     0     0
    GDAS     7     8    29     0     0
    GDAS     7     8     1     0     0
    GDAS     7     7    29     0     0
     1 BACKWARD OMEGA   
     7     8    22    12  -23.561  -46.740  4000.0
     1 PRESSURE
     1     1     7     8    22    12     0     0     0.0  -23.561  -46.740   4000.0    587.4
     1     1     7     8    22    11     0     1    -1.0  -23.718  -46.858   4061.3    584.5
     1     1     7     8    22    10     0     2    -2.0  -23.884  -47.006   4119.5    579.1
     1     1     7     8    22     9     0     3    -3.0  -24.055  -47.187   4181.0    576.2
     1     1     7     8    22     8     0     2    -4.0  -24.220  -47.395   4232.3    576.7
     1     1     7     8    22     7     0     1    -5.0  -24.372  -47.619   4256.2    578.6
     1     1     7     8    22     6     0     0    -6.0  -24.515  -47.854   4250.4    581.8
     1     1     7     8    22     5     0     1    -7.0  -24.644  -48.097   4221.1    586.1
     1     1     7     8    22     4     0     2    -8.0  -24.753  -48.351   4182.4    586.8
     1     1     7     8    22     3     0     3    -9.0  -24.841  -48.619   4149.7    584.5
     1     1     7     8    22     2     0     2   -10.0  -24.917  -48.900   4134.6    578.6
     1     1     7     8    22     1     0     1   -11.0  -24.984  -49.196   4145.0    570.8
     1     1     7     8    22     0     0     0   -12.0  -25.043  -49.510   4169.8    562.2
     1     1     7     8    21    23     0     1   -13.0  -25.089  -49.828   4197.0    553.2
     1     1     7     8    21    22     0     2   -14.0  -25.116  -50.132   4235.1    547.5
     1     1     7     8    21    21     0     3   -15.0  -25.124  -50.414   4290.9    544.2
     1     1     7     8    21    20     0     2   -16.0  -25.118  -50.687   4342.8    540.5
     1     1     7     8    21    19     0     1   -17.0  -25.102  -50.963   4377.0    538.6
     1     1     7     8    21    18     0     0   -18.0  -25.077  -51.237   4386.9    538.5
     1     1     7     8    21    17     0     1   -19.0  -25.045  -51.500   4365.5    541.0
     1     1     7     8    21    16     0     2   -20.0  -25.014  -51.742   4314.2    546.0
     1     1     7     8    21    15     0     3   -21.0  -24.987  -51.965   4240.0    553.0
     1     1     7     8    21    14     0     2   -22.0  -24.969  -52.172   4176.8    562.7
     1     1     7     8    21    13     0     1   -23.0  -24.962  -52.375   4147.1    568.1
     1     1     7     8    21    12     0     0   -24.0  -24.969  -52.578   4152.4    570.8
     1     1     7     8    21    11     0     1   -25.0  -24.984  -52.775   4168.0    570.4
     1     1     7     8    21    10     0     2   -26.0  -25.006  -52.953   4166.7    572.6
     1     1     7     8    21     9     0     3   -27.0  -25.043  -53.111   4147.1    575.7
     1     1     7     8    21     8     0     2   -28.0  -25.090  -53.265   4126.9    580.2
     1     1     7     8    21     7     0     1   -29.0  -25.143  -53.433   4124.1    582.4
     1     1     7     8    21     6     0     0   -30.0  -25.199  -53.615   4138.4    583.5
     1     1     7     8    21     5     0     1   -31.0  -25.258  -53.813   4167.3    583.8
     1     1     7     8    21     4     0     2   -32.0  -25.318  -54.031   4208.3    583.7
     1     1     7     8    21     3     0     3   -33.0  -25.378  -54.269   4261.7    583.9
     1     1     7     8    21     2     0     2   -34.0  -25.436  -54.520   4326.2    583.2
     1     1     7     8    21     1     0     1   -35.0  -25.494  -54.776   4402.2    581.4
     1     1     7     8    21     0     0     0   -36.0  -25.557  -55.036   4484.9    578.5
     1     1     7     8    20    23     0     1   -37.0  -25.622  -55.303   4553.9    571.6
     1     1     7     8    20    22     0     2   -38.0  -25.685  -55.579   4613.1    566.3
     1     1     7     8    20    21     0     3   -39.0  -25.743  -55.861   4665.6    561.5
     1     1     7     8    20    20     0     2   -40.0  -25.797  -56.150   4722.4    559.6
     1     1     7     8    20    19     0     1   -41.0  -25.851  -56.445   4784.4    559.4
     1     1     7     8    20    18     0     0   -42.0  -25.909  -56.742   4843.0    559.3
     1     1     7     8    20    17     0     1   -43.0  -25.979  -57.040   4884.5    559.1
     1     1     7     8    20    16     0     2   -44.0  -26.066  -57.344   4887.3    557.8
     1     1     7     8    20    15     0     3   -45.0  -26.170  -57.656   4866.5    558.5
     1     1     7     8    20    14     0     2   -46.0  -26.290  -57.979   4843.2    560.6
     1     1     7     8    20    13     0     1   -47.0  -26.416  -58.316   4845.8    562.1
     1     1     7     8    20    12     0     0   -48.0  -26.549  -58.667   4868.3    561.5
     1     1     7     8    20    11     0     1   -49.0  -26.699  -59.022   4904.0    558.8
     1     1     7     8    20    10     0     2   -50.0  -26.867  -59.377   4943.8    554.0
     1     1     7     8    20     9     0     3   -51.0  -27.050  -59.742   4993.8    549.2
     1     1     7     8    20     8     0     2   -52.0  -27.244  -60.125   5044.0    545.0
     1     1     7     8    20     7     0     1   -53.0  -27.444  -60.527   5086.5    542.5
     1     1     7     8    20     6     0     0   -54.0  -27.648  -60.947   5121.3    540.6
     1     1     7     8    20     5     0     1   -55.0  -27.843  -61.385   5159.3    538.0
     1     1     7     8    20     4     0     2   -56.0  -28.013  -61.840   5212.5    533.5
     1     1     7     8    20     3     0     3   -57.0  -28.164  -62.309   5275.2    528.6
     1     1     7     8    20     2     0     2   -58.0  -28.314  -62.787   5345.4    521.1
     1     1     7     8    20     1     0     1   -59.0  -28.471  -63.268   5433.8    514.6
     1     1     7     8    20     0     0     0   -60.0  -28.629  -63.757   5550.6    509.1
     1     1     7     8    19    23     0     1   -61.0  -28.809  -64.258   5654.9    498.7
     1     1     7     8    19    22     0     2   -62.0  -29.031  -64.780   5726.0    483.2
     1     1     7     8    19    21     0     3   -63.0  -29.272  -65.323   5810.9    474.9
     1     1     7     8    19    20     0     2   -64.0  -29.517  -65.859   5916.0    473.1
     1     1     7     8    19    19     0     1   -65.0  -29.784  -66.386   5949.2    456.1
     1     1     7     8    19    18     0     0   -66.0  -30.075  -66.927   5956.3    436.1
     1     1     7     8    19    17     0     1   -67.0  -30.389  -67.497   5974.2    422.8
     1     1     7     8    19    16     0     2   -68.0  -30.730  -68.092   6020.5    413.6
     1     1     7     8    19    15     0     3   -69.0  -31.087  -68.705   6002.6    392.2
     1     1     7     8    19    14     0     2   -70.0  -31.490  -69.351   5899.1    353.2
     1     1     7     8    19    13     0     1   -71.0  -31.985  -70.053   5780.7    308.0
     1     1     7     8    19    12     0     0   -72.0  -32.515  -70.749   6442.6    364.1
     1     1     7     8    19    11     0     1   -73.0  -33.005  -71.399   6907.0    400.4
     1     1     7     8    19    10     0     2   -74.0  -33.458  -72.045   7100.6    410.6
     1     1     7     8    19     9     0     3   -75.0  -33.877  -72.705   7232.0    408.6
     1     1     7     8    19     8     0     2   -76.0  -34.284  -73.372   7398.8    399.2
     1     1     7     8    19     7     0     1   -77.0  -34.698  -74.047   7625.3    387.7
     1     1     7     8    19     6     0     0   -78.0  -35.118  -74.759   7800.8    372.4
     1     1     7     8    19     5     0     1   -79.0  -35.537  -75.496   7935.7    366.2
     1     1     7     8    19     4     0     2   -80.0  -35.936  -76.247   8002.0    363.8
     1     1     7     8    19     3     0     3   -81.0  -36.290  -77.009   7980.1    364.0
     1     1     7     8    19     2     0     2   -82.0  -36.610  -77.765   7985.1    366.0
     1     1     7     8    19     1     0     1   -83.0  -36.898  -78.533   8013.1    364.0
     1     1     7     8    19     0     0     0   -84.0  -37.134  -79.339   8057.6    361.6
     1     1     7     8    18    23     0     1   -85.0  -37.335  -80.171   8061.7    361.1
     1     1     7     8    18    22     0     2   -86.0  -37.502  -81.009   8040.6    362.8
     1     1     7     8    18    21     0     3   -87.0  -37.635  -81.845   8009.4    364.0
     1     1     7     8    18    20     0     2   -88.0  -37.745  -82.693   7973.1    366.2
     1     1     7     8    18    19     0     1   -89.0  -37.823  -83.563   7912.9    369.3
     1     1     7     8    18    18     0     0   -90.0  -37.872  -84.464   7850.6    373.0
     1     1     7     8    18    17     0     1   -91.0  -37.923  -85.390   7797.3    375.6
     1     1     7     8    18    16     0     2   -92.0  -37.975  -86.328   7728.3    379.1
     1     1     7     8    18    15     0     3   -93.0  -38.041  -87.280   7671.3    382.9
     1     1     7     8    18    14     0     2   -94.0  -38.092  -88.277   7635.7    384.1
     1     1     7     8    18    13     0     1   -95.0  -38.099  -89.342   7632.4    384.6
     1     1     7     8    18    12     0     0   -96.0  -38.095  -90.473   7646.0    383.1
     1     1     7     8    18    11     0     1   -97.0  -38.059  -91.664   7616.4    384.5
     1     1     7     8    18    10     0     2   -98.0  -37.949  -92.881   7562.5    388.7
     1     1     7     8    18     9     0     3   -99.0  -37.782  -94.112   7508.0    391.7
     1     1     7     8    18     8     0     2  -100.0  -37.591  -95.364   7448.3    395.6
     1     1     7     8    18     7     0     1  -101.0  -37.399  -96.605   7410.5    398.2
     1     1     7     8    18     6     0     0  -102.0  -37.202  -97.814   7397.1    399.1
     1     1     7     8    18     5     0     1  -103.0  -36.986  -99.015   7397.0    399.8
     1     1     7     8    18     4     0     2  -104.0  -36.779 -100.215   7423.5    398.3
     1     1     7     8    18     3     0     3  -105.0  -36.582 -101.402   7453.1    396.2
     1     1     7     8    18     2     0     2  -106.0  -36.390 -102.599   7426.1    397.4
     1     1     7     8    18     1     0     1  -107.0  -36.211 -103.812   7329.1    403.6
     1     1     7     8    18     0     0     0  -108.0  -36.037 -105.013   7189.9    411.2
     1     1     7     8    17    23     0     1  -109.0  -35.853 -106.234   7090.0    418.1
     1     1     7     8    17    22     0     2  -110.0  -35.657 -107.496   7045.5    420.1
     1     1     7     8    17    21     0     3  -111.0  -35.487 -108.812   7022.5    420.8
     1     1     7     8    17    20     0     2  -112.0  -35.332 -110.156   6986.1    423.6
     1     1     7     8    17    19     0     1  -113.0  -35.127 -111.471   6914.8    427.7
     1     1     7     8    17    18     0     0  -114.0  -34.881 -112.789   6832.9    432.4
     1     1     7     8    17    17     0     1  -115.0  -34.657 -114.113   6738.1    439.0
     1     1     7     8    17    16     0     2  -116.0  -34.450 -115.424   6653.8    444.2
     1     1     7     8    17    15     0     3  -117.0  -34.253 -116.748   6590.3    447.7
     1     1     7     8    17    14     0     2  -118.0  -34.083 -118.087   6543.3    450.6
     1     1     7     8    17    13     0     1  -119.0  -33.902 -119.434   6515.9    451.8
     1     1     7     8    17    12     0     0  -120.0  -33.678 -120.805   6480.4    453.8
