     7     1
    GDAS     7     7    22     0     0
    GDAS     7     8     8     0     0
    GDAS     7     8    15     0     0
    GDAS     7     8    22     0     0
    GDAS     7     8    29     0     0
    GDAS     7     8     1     0     0
    GDAS     7     7    29     0     0
     1 BACKWARD OMEGA   
     7     8    23    12  -23.561  -46.740  4000.0
     1 PRESSURE
     1     1     7     8    23    12     0     0     0.0  -23.561  -46.740   4000.0    587.3
     1     1     7     8    23    11     0     1    -1.0  -23.659  -46.882   4014.7    587.1
     1     1     7     8    23    10     0     2    -2.0  -23.753  -47.054   4048.7    583.2
     1     1     7     8    23     9     0     3    -3.0  -23.840  -47.261   4096.9    579.0
     1     1     7     8    23     8     0     2    -4.0  -23.918  -47.501   4144.5    574.4
     1     1     7     8    23     7     0     1    -5.0  -23.983  -47.768   4191.8    569.6
     1     1     7     8    23     6     0     0    -6.0  -24.034  -48.055   4252.1    564.7
     1     1     7     8    23     5     0     1    -7.0  -24.078  -48.347   4302.4    559.0
     1     1     7     8    23     4     0     2    -8.0  -24.117  -48.633   4311.2    557.5
     1     1     7     8    23     3     0     3    -9.0  -24.144  -48.912   4281.4    558.1
     1     1     7     8    23     2     0     2   -10.0  -24.149  -49.185   4230.2    561.0
     1     1     7     8    23     1     0     1   -11.0  -24.130  -49.458   4171.7    563.9
     1     1     7     8    23     0     0     0   -12.0  -24.087  -49.727   4105.7    567.6
     1     1     7     8    22    23     0     1   -13.0  -24.025  -49.990   4054.6    572.4
     1     1     7     8    22    22     0     2   -14.0  -23.958  -50.243   4050.8    575.0
     1     1     7     8    22    21     0     3   -15.0  -23.893  -50.486   4094.2    573.8
     1     1     7     8    22    20     0     2   -16.0  -23.823  -50.724   4144.5    569.7
     1     1     7     8    22    19     0     1   -17.0  -23.744  -50.959   4162.5    570.5
     1     1     7     8    22    18     0     0   -18.0  -23.657  -51.188   4146.8    575.3
     1     1     7     8    22    17     0     1   -19.0  -23.565  -51.407   4118.5    583.4
     1     1     7     8    22    16     0     2   -20.0  -23.466  -51.613   4105.4    588.2
     1     1     7     8    22    15     0     3   -21.0  -23.359  -51.810   4110.7    591.4
     1     1     7     8    22    14     0     2   -22.0  -23.244  -52.002   4114.5    592.5
     1     1     7     8    22    13     0     1   -23.0  -23.123  -52.190   4093.5    595.8
     1     1     7     8    22    12     0     0   -24.0  -22.994  -52.372   4050.4    600.6
     1     1     7     8    22    11     0     1   -25.0  -22.859  -52.550   4014.0    606.1
     1     1     7     8    22    10     0     2   -26.0  -22.726  -52.729   4015.2    606.2
     1     1     7     8    22     9     0     3   -27.0  -22.600  -52.917   4054.5    603.1
     1     1     7     8    22     8     0     2   -28.0  -22.478  -53.104   4111.2    597.9
     1     1     7     8    22     7     0     1   -29.0  -22.351  -53.272   4159.1    595.4
     1     1     7     8    22     6     0     0   -30.0  -22.216  -53.419   4194.4    593.8
     1     1     7     8    22     5     0     1   -31.0  -22.064  -53.540   4209.1    593.4
     1     1     7     8    22     4     0     2   -32.0  -21.893  -53.626   4192.8    594.6
     1     1     7     8    22     3     0     3   -33.0  -21.704  -53.679   4147.4    597.0
     1     1     7     8    22     2     0     2   -34.0  -21.516  -53.709   4089.7    600.4
     1     1     7     8    22     1     0     1   -35.0  -21.344  -53.727   4030.7    602.9
     1     1     7     8    22     0     0     0   -36.0  -21.185  -53.731   3969.4    605.8
     1     1     7     8    21    23     0     1   -37.0  -21.042  -53.724   3919.9    609.0
     1     1     7     8    21    22     0     2   -38.0  -20.918  -53.709   3896.2    609.8
     1     1     7     8    21    21     0     3   -39.0  -20.812  -53.687   3895.2    609.2
     1     1     7     8    21    20     0     2   -40.0  -20.725  -53.669   3906.8    607.5
     1     1     7     8    21    19     0     1   -41.0  -20.654  -53.663   3923.5    606.1
     1     1     7     8    21    18     0     0   -42.0  -20.602  -53.672   3946.5    604.1
     1     1     7     8    21    17     0     1   -43.0  -20.566  -53.696   3974.0    601.6
     1     1     7     8    21    16     0     2   -44.0  -20.546  -53.739   4003.2    599.1
     1     1     7     8    21    15     0     3   -45.0  -20.540  -53.801   4034.6    596.3
     1     1     7     8    21    14     0     2   -46.0  -20.547  -53.882   4064.4    592.8
     1     1     7     8    21    13     0     1   -47.0  -20.564  -53.981   4088.6    589.9
     1     1     7     8    21    12     0     0   -48.0  -20.588  -54.096   4110.1    588.9
     1     1     7     8    21    11     0     1   -49.0  -20.616  -54.227   4127.5    588.5
     1     1     7     8    21    10     0     2   -50.0  -20.644  -54.370   4142.7    588.1
     1     1     7     8    21     9     0     3   -51.0  -20.673  -54.525   4156.2    587.9
     1     1     7     8    21     8     0     2   -52.0  -20.698  -54.686   4166.7    587.9
     1     1     7     8    21     7     0     1   -53.0  -20.714  -54.845   4172.1    588.4
     1     1     7     8    21     6     0     0   -54.0  -20.724  -55.005   4171.5    589.2
     1     1     7     8    21     5     0     1   -55.0  -20.726  -55.154   4178.0    591.3
     1     1     7     8    21     4     0     2   -56.0  -20.719  -55.285   4203.9    591.0
     1     1     7     8    21     3     0     3   -57.0  -20.703  -55.400   4251.2    589.0
     1     1     7     8    21     2     0     2   -58.0  -20.685  -55.511   4309.4    584.9
     1     1     7     8    21     1     0     1   -59.0  -20.669  -55.629   4367.3    581.7
     1     1     7     8    21     0     0     0   -60.0  -20.656  -55.752   4424.1    578.6
     1     1     7     8    20    23     0     1   -61.0  -20.644  -55.887   4486.6    575.6
     1     1     7     8    20    22     0     2   -62.0  -20.627  -56.043   4560.8    571.2
     1     1     7     8    20    21     0     3   -63.0  -20.599  -56.225   4641.5    565.3
     1     1     7     8    20    20     0     2   -64.0  -20.564  -56.427   4721.0    559.7
     1     1     7     8    20    19     0     1   -65.0  -20.534  -56.639   4792.3    555.2
     1     1     7     8    20    18     0     0   -66.0  -20.509  -56.859   4855.6    551.2
     1     1     7     8    20    17     0     1   -67.0  -20.488  -57.089   4909.2    548.5
     1     1     7     8    20    16     0     2   -68.0  -20.469  -57.326   4953.6    548.4
     1     1     7     8    20    15     0     3   -69.0  -20.450  -57.567   4991.1    548.6
     1     1     7     8    20    14     0     2   -70.0  -20.427  -57.813   5015.9    548.4
     1     1     7     8    20    13     0     1   -71.0  -20.399  -58.060   5015.4    549.9
     1     1     7     8    20    12     0     0   -72.0  -20.362  -58.302   4983.5    551.5
     1     1     7     8    20    11     0     1   -73.0  -20.303  -58.544   4941.0    554.9
     1     1     7     8    20    10     0     2   -74.0  -20.211  -58.796   4903.2    556.6
     1     1     7     8    20     9     0     3   -75.0  -20.089  -59.056   4870.2    557.8
     1     1     7     8    20     8     0     2   -76.0  -19.956  -59.317   4840.3    558.2
     1     1     7     8    20     7     0     1   -77.0  -19.835  -59.572   4814.8    557.9
     1     1     7     8    20     6     0     0   -78.0  -19.725  -59.823   4795.0    557.2
     1     1     7     8    20     5     0     1   -79.0  -19.623  -60.081   4778.4    556.6
     1     1     7     8    20     4     0     2   -80.0  -19.526  -60.359   4763.2    556.8
     1     1     7     8    20     3     0     3   -81.0  -19.436  -60.660   4745.9    557.2
     1     1     7     8    20     2     0     2   -82.0  -19.343  -60.983   4729.9    557.7
     1     1     7     8    20     1     0     1   -83.0  -19.239  -61.328   4708.3    555.0
     1     1     7     8    20     0     0     0   -84.0  -19.120  -61.698   4683.7    552.7
     1     1     7     8    19    23     0     1   -85.0  -18.987  -62.078   4662.0    552.2
     1     1     7     8    19    22     0     2   -86.0  -18.845  -62.444   4664.1    553.2
     1     1     7     8    19    21     0     3   -87.0  -18.697  -62.797   4689.2    550.7
     1     1     7     8    19    20     0     2   -88.0  -18.533  -63.141   4705.0    538.7
     1     1     7     8    19    19     0     1   -89.0  -18.345  -63.478   4693.5    517.2
     1     1     7     8    19    18     0     0   -90.0  -18.125  -63.812   4685.8    495.4
     1     1     7     8    19    17     0     1   -91.0  -17.894  -64.136   4699.7    482.5
     1     1     7     8    19    16     0     2   -92.0  -17.685  -64.441   4746.5    484.9
     1     1     7     8    19    15     0     3   -93.0  -17.502  -64.719   4790.7    493.2
     1     1     7     8    19    14     0     2   -94.0  -17.343  -64.972   4828.7    505.2
     1     1     7     8    19    13     0     1   -95.0  -17.200  -65.220   4788.3    500.5
     1     1     7     8    19    12     0     0   -96.0  -17.062  -65.486   4715.5    484.7
     1     1     7     8    19    11     0     1   -97.0  -16.915  -65.790   4629.9    458.9
     1     1     7     8    19    10     0     2   -98.0  -16.751  -66.133   4606.4    444.2
     1     1     7     8    19     9     0     3   -99.0  -16.577  -66.481   4654.7    445.7
     1     1     7     8    19     8     0     2  -100.0  -16.408  -66.801   4709.2    449.6
     1     1     7     8    19     7     0     1  -101.0  -16.251  -67.079   4745.6    454.7
     1     1     7     8    19     6     0     0  -102.0  -16.101  -67.321   4733.1    455.0
     1     1     7     8    19     5     0     1  -103.0  -15.962  -67.543   4693.4    452.5
     1     1     7     8    19     4     0     2  -104.0  -15.836  -67.760   4651.9    447.5
     1     1     7     8    19     3     0     3  -105.0  -15.723  -67.973   4625.2    444.3
     1     1     7     8    19     2     0     2  -106.0  -15.624  -68.189   4570.1    435.8
     1     1     7     8    19     1     0     1  -107.0  -15.535  -68.415   4489.0    423.3
     1     1     7     8    19     0     0     0  -108.0  -15.454  -68.653   4395.7    406.5
     1     1     7     8    18    23     0     1  -109.0  -15.374  -68.909   4299.2    384.9
     1     1     7     8    18    22     0     2  -110.0  -15.291  -69.189   4274.1    373.0
     1     1     7     8    18    21     0     3  -111.0  -15.210  -69.492   4295.1    365.1
     1     1     7     8    18    20     0     2  -112.0  -15.129  -69.810   4320.5    354.0
     1     1     7     8    18    19     0     1  -113.0  -15.047  -70.136   4367.3    345.3
     1     1     7     8    18    18     0     0  -114.0  -14.968  -70.468   4463.3    344.1
     1     1     7     8    18    17     0     1  -115.0  -14.891  -70.801   4550.0    341.6
     1     1     7     8    18    16     0     2  -116.0  -14.815  -71.132   4596.5    336.1
     1     1     7     8    18    15     0     3  -117.0  -14.738  -71.456   4618.0    330.8
     1     1     7     8    18    14     0     2  -118.0  -14.659  -71.773   4645.5    328.9
     1     1     7     8    18    13     0     1  -119.0  -14.581  -72.084   4700.7    329.4
     1     1     7     8    18    12     0     0  -120.0  -14.511  -72.396   4784.4    331.0
