     7     1
    GDAS     7     7    22     0     0
    GDAS     7     8     8     0     0
    GDAS     7     8    15     0     0
    GDAS     7     8    22     0     0
    GDAS     7     8    29     0     0
    GDAS     7     8     1     0     0
    GDAS     7     7    29     0     0
     1 BACKWARD OMEGA   
     7     8     9     0  -23.561  -46.740  4000.0
     1 PRESSURE
     1     1     7     8     9     0     0     0     0.0  -23.561  -46.740   4000.0    588.2
     1     1     7     8     8    23     0     1    -1.0  -23.431  -47.040   4039.0    581.1
     1     1     7     8     8    22     0     2    -2.0  -23.293  -47.347   4072.3    579.3
     1     1     7     8     8    21     0     3    -3.0  -23.147  -47.654   4086.8    581.5
     1     1     7     8     8    20     0     2    -4.0  -22.985  -47.956   4099.9    587.0
     1     1     7     8     8    19     0     1    -5.0  -22.799  -48.252   4095.4    582.8
     1     1     7     8     8    18     0     0    -6.0  -22.591  -48.541   4083.1    580.6
     1     1     7     8     8    17     0     1    -7.0  -22.374  -48.819   4049.0    583.2
     1     1     7     8     8    16     0     2    -8.0  -22.161  -49.082   3991.4    592.1
     1     1     7     8     8    15     0     3    -9.0  -21.950  -49.325   3918.8    601.7
     1     1     7     8     8    14     0     2   -10.0  -21.747  -49.555   3854.0    608.5
     1     1     7     8     8    13     0     1   -11.0  -21.560  -49.783   3819.1    611.4
     1     1     7     8     8    12     0     0   -12.0  -21.392  -50.012   3811.4    612.4
     1     1     7     8     8    11     0     1   -13.0  -21.224  -50.238   3818.4    612.1
     1     1     7     8     8    10     0     2   -14.0  -21.038  -50.453   3823.5    613.6
     1     1     7     8     8     9     0     3   -15.0  -20.846  -50.662   3822.2    615.4
     1     1     7     8     8     8     0     2   -16.0  -20.654  -50.865   3817.3    617.5
     1     1     7     8     8     7     0     1   -17.0  -20.463  -51.062   3814.7    618.5
     1     1     7     8     8     6     0     0   -18.0  -20.274  -51.258   3819.2    617.5
     1     1     7     8     8     5     0     1   -19.0  -20.088  -51.453   3832.4    615.6
     1     1     7     8     8     4     0     2   -20.0  -19.906  -51.645   3847.7    612.7
     1     1     7     8     8     3     0     3   -21.0  -19.729  -51.837   3863.1    608.9
     1     1     7     8     8     2     0     2   -22.0  -19.556  -52.028   3882.6    604.4
     1     1     7     8     8     1     0     1   -23.0  -19.386  -52.220   3913.0    600.1
     1     1     7     8     8     0     0     0   -24.0  -19.215  -52.412   3956.4    594.6
     1     1     7     8     7    23     0     1   -25.0  -19.048  -52.604   4002.5    587.4
     1     1     7     8     7    22     0     2   -26.0  -18.884  -52.796   4036.7    582.6
     1     1     7     8     7    21     0     3   -27.0  -18.722  -52.989   4050.7    580.0
     1     1     7     8     7    20     0     2   -28.0  -18.559  -53.185   4056.5    581.5
     1     1     7     8     7    19     0     1   -29.0  -18.391  -53.386   4063.1    583.0
     1     1     7     8     7    18     0     0   -30.0  -18.226  -53.592   4074.5    584.9
     1     1     7     8     7    17     0     1   -31.0  -18.071  -53.803   4086.8    586.9
     1     1     7     8     7    16     0     2   -32.0  -17.929  -54.020   4091.4    589.6
     1     1     7     8     7    15     0     3   -33.0  -17.800  -54.247   4088.1    592.7
     1     1     7     8     7    14     0     2   -34.0  -17.666  -54.477   4095.3    596.6
     1     1     7     8     7    13     0     1   -35.0  -17.505  -54.703   4127.5    597.5
     1     1     7     8     7    12     0     0   -36.0  -17.314  -54.926   4180.6    597.4
     1     1     7     8     7    11     0     1   -37.0  -17.091  -55.127   4225.4    594.2
     1     1     7     8     7    10     0     2   -38.0  -16.840  -55.285   4239.8    592.6
     1     1     7     8     7     9     0     3   -39.0  -16.566  -55.401   4228.2    592.4
     1     1     7     8     7     8     0     2   -40.0  -16.287  -55.490   4196.9    594.4
     1     1     7     8     7     7     0     1   -41.0  -16.008  -55.557   4157.2    597.0
     1     1     7     8     7     6     0     0   -42.0  -15.722  -55.599   4113.8    598.5
     1     1     7     8     7     5     0     1   -43.0  -15.434  -55.611   4065.3    599.6
     1     1     7     8     7     4     0     2   -44.0  -15.147  -55.575   4004.4    601.1
     1     1     7     8     7     3     0     3   -45.0  -14.860  -55.486   3934.2    603.6
     1     1     7     8     7     2     0     2   -46.0  -14.580  -55.353   3879.5    607.3
     1     1     7     8     7     1     0     1   -47.0  -14.309  -55.187   3856.8    608.7
     1     1     7     8     7     0     0     0   -48.0  -14.040  -54.977   3864.1    609.6
     1     1     7     8     6    23     0     1   -49.0  -13.780  -54.748   3887.3    608.5
     1     1     7     8     6    22     0     2   -50.0  -13.537  -54.523   3922.6    607.5
     1     1     7     8     6    21     0     3   -51.0  -13.306  -54.297   3972.4    606.2
     1     1     7     8     6    20     0     2   -52.0  -13.081  -54.065   4030.3    604.7
     1     1     7     8     6    19     0     1   -53.0  -12.858  -53.822   4078.7    602.1
     1     1     7     8     6    18     0     0   -54.0  -12.627  -53.562   4109.7    599.8
     1     1     7     8     6    17     0     1   -55.0  -12.390  -53.272   4137.0    599.7
     1     1     7     8     6    16     0     2   -56.0  -12.148  -52.945   4179.3    597.7
     1     1     7     8     6    15     0     3   -57.0  -11.902  -52.575   4231.5    592.3
     1     1     7     8     6    14     0     2   -58.0  -11.662  -52.170   4272.1    586.2
     1     1     7     8     6    13     0     1   -59.0  -11.443  -51.751   4290.6    586.4
     1     1     7     8     6    12     0     0   -60.0  -11.253  -51.325   4292.4    589.6
     1     1     7     8     6    11     0     1   -61.0  -11.094  -50.901   4288.2    593.4
     1     1     7     8     6    10     0     2   -62.0  -10.958  -50.481   4290.5    593.4
     1     1     7     8     6     9     0     3   -63.0  -10.840  -50.065   4306.8    592.0
     1     1     7     8     6     8     0     2   -64.0  -10.734  -49.649   4323.7    588.7
     1     1     7     8     6     7     0     1   -65.0  -10.630  -49.228   4334.7    585.1
     1     1     7     8     6     6     0     0   -66.0  -10.530  -48.799   4336.8    582.8
     1     1     7     8     6     5     0     1   -67.0  -10.433  -48.362   4330.3    583.5
     1     1     7     8     6     4     0     2   -68.0  -10.332  -47.913   4316.3    585.0
     1     1     7     8     6     3     0     3   -69.0  -10.226  -47.454   4291.9    582.5
     1     1     7     8     6     2     0     2   -70.0  -10.114  -46.986   4272.8    579.5
     1     1     7     8     6     1     0     1   -71.0   -9.995  -46.507   4256.0    576.3
     1     1     7     8     6     0     0     0   -72.0   -9.869  -46.011   4233.1    573.0
     1     1     7     8     5    23     0     1   -73.0   -9.734  -45.494   4219.7    576.3
     1     1     7     8     5    22     0     2   -74.0   -9.589  -44.951   4191.2    581.3
     1     1     7     8     5    21     0     3   -75.0   -9.442  -44.384   4146.4    586.7
     1     1     7     8     5    20     0     2   -76.0   -9.305  -43.811   4105.6    591.6
     1     1     7     8     5    19     0     1   -77.0   -9.190  -43.233   4074.8    588.6
     1     1     7     8     5    18     0     0   -78.0   -9.107  -42.651   4066.5    589.4
     1     1     7     8     5    17     0     1   -79.0   -9.066  -42.072   4057.9    594.1
     1     1     7     8     5    16     0     2   -80.0   -9.066  -41.507   4012.1    596.2
     1     1     7     8     5    15     0     3   -81.0   -9.099  -40.957   3952.8    598.0
     1     1     7     8     5    14     0     2   -82.0   -9.159  -40.416   3912.0    605.3
     1     1     7     8     5    13     0     1   -83.0   -9.240  -39.874   3884.7    609.9
     1     1     7     8     5    12     0     0   -84.0   -9.348  -39.318   3865.5    610.7
     1     1     7     8     5    11     0     1   -85.0   -9.469  -38.768   3864.5    612.3
     1     1     7     8     5    10     0     2   -86.0   -9.591  -38.247   3876.1    616.1
     1     1     7     8     5     9     0     3   -87.0   -9.716  -37.752   3882.5    618.1
     1     1     7     8     5     8     0     2   -88.0   -9.848  -37.272   3891.2    620.3
     1     1     7     8     5     7     0     1   -89.0   -9.984  -36.807   3917.4    624.8
     1     1     7     8     5     6     0     0   -90.0  -10.116  -36.367   3950.6    628.0
     1     1     7     8     5     5     0     1   -91.0  -10.247  -35.946   3985.0    629.3
     1     1     7     8     5     4     0     2   -92.0  -10.378  -35.532   4014.0    629.0
     1     1     7     8     5     3     0     3   -93.0  -10.503  -35.127   4043.4    628.4
     1     1     7     8     5     2     0     2   -94.0  -10.631  -34.736   4068.1    626.3
     1     1     7     8     5     1     0     1   -95.0  -10.769  -34.361   4082.3    625.4
     1     1     7     8     5     0     0     0   -96.0  -10.910  -34.001   4088.0    625.2
     1     1     7     8     4    23     0     1   -97.0  -11.063  -33.647   4091.5    625.2
     1     1     7     8     4    22     0     2   -98.0  -11.236  -33.292   4098.2    624.5
     1     1     7     8     4    21     0     3   -99.0  -11.428  -32.933   4106.9    623.7
     1     1     7     8     4    20     0     2  -100.0  -11.633  -32.573   4120.3    623.0
     1     1     7     8     4    19     0     1  -101.0  -11.848  -32.217   4139.8    621.5
     1     1     7     8     4    18     0     0  -102.0  -12.071  -31.864   4161.5    619.8
     1     1     7     8     4    17     0     1  -103.0  -12.296  -31.520   4179.5    618.2
     1     1     7     8     4    16     0     2  -104.0  -12.520  -31.189   4189.0    617.1
     1     1     7     8     4    15     0     3  -105.0  -12.742  -30.869   4187.2    617.0
     1     1     7     8     4    14     0     2  -106.0  -12.960  -30.555   4180.6    618.2
     1     1     7     8     4    13     0     1  -107.0  -13.177  -30.243   4181.1    619.2
     1     1     7     8     4    12     0     0  -108.0  -13.396  -29.937   4195.1    618.6
     1     1     7     8     4    11     0     1  -109.0  -13.614  -29.641   4214.3    615.9
     1     1     7     8     4    10     0     2  -110.0  -13.824  -29.361   4230.9    614.5
     1     1     7     8     4     9     0     3  -111.0  -14.028  -29.093   4247.1    613.2
     1     1     7     8     4     8     0     2  -112.0  -14.225  -28.837   4279.4    612.0
     1     1     7     8     4     7     0     1  -113.0  -14.419  -28.595   4343.3    607.0
     1     1     7     8     4     6     0     0  -114.0  -14.617  -28.365   4436.3    600.0
     1     1     7     8     4     5     0     1  -115.0  -14.817  -28.150   4534.0    591.2
     1     1     7     8     4     4     0     2  -116.0  -15.015  -27.944   4611.6    585.6
     1     1     7     8     4     3     0     3  -117.0  -15.205  -27.743   4664.6    581.7
     1     1     7     8     4     2     0     2  -118.0  -15.388  -27.550   4699.9    580.0
     1     1     7     8     4     1     0     1  -119.0  -15.568  -27.364   4728.3    578.3
     1     1     7     8     4     0     0     0  -120.0  -15.743  -27.181   4753.5    576.9
