     7     1
    GDAS     7     7    22     0     0
    GDAS     7     8     8     0     0
    GDAS     7     8    15     0     0
    GDAS     7     8    22     0     0
    GDAS     7     8    29     0     0
    GDAS     7     8     1     0     0
    GDAS     7     7    29     0     0
     1 BACKWARD OMEGA   
     7     8    15    18  -23.561  -46.740  4000.0
     1 PRESSURE
     1     1     7     8    15    18     0     0     0.0  -23.561  -46.740   4000.0    589.7
     1     1     7     8    15    17     0     1    -1.0  -23.442  -46.564   3979.6    589.1
     1     1     7     8    15    16     0     2    -2.0  -23.313  -46.361   3955.2    585.7
     1     1     7     8    15    15     0     3    -3.0  -23.171  -46.128   3920.6    579.1
     1     1     7     8    15    14     0     2    -4.0  -23.027  -45.873   3888.1    572.6
     1     1     7     8    15    13     0     1    -5.0  -22.893  -45.618   3884.3    573.7
     1     1     7     8    15    12     0     0    -6.0  -22.767  -45.366   3884.7    574.6
     1     1     7     8    15    11     0     1    -7.0  -22.654  -45.117   3895.4    574.1
     1     1     7     8    15    10     0     2    -8.0  -22.559  -44.872   3933.7    573.0
     1     1     7     8    15     9     0     3    -9.0  -22.479  -44.633   3998.3    572.2
     1     1     7     8    15     8     0     2   -10.0  -22.401  -44.394   4076.7    569.2
     1     1     7     8    15     7     0     1   -11.0  -22.309  -44.149   4161.3    564.7
     1     1     7     8    15     6     0     0   -12.0  -22.198  -43.893   4245.9    558.1
     1     1     7     8    15     5     0     1   -13.0  -22.083  -43.617   4317.5    551.8
     1     1     7     8    15     4     0     2   -14.0  -21.982  -43.319   4373.2    549.6
     1     1     7     8    15     3     0     3   -15.0  -21.888  -43.000   4427.7    551.9
     1     1     7     8    15     2     0     2   -16.0  -21.803  -42.674   4481.2    554.6
     1     1     7     8    15     1     0     1   -17.0  -21.729  -42.350   4537.1    556.2
     1     1     7     8    15     0     0     0   -18.0  -21.665  -42.034   4595.9    557.2
     1     1     7     8    14    23     0     1   -19.0  -21.621  -41.727   4661.9    560.5
     1     1     7     8    14    22     0     2   -20.0  -21.601  -41.431   4719.3    565.4
     1     1     7     8    14    21     0     3   -21.0  -21.593  -41.146   4770.0    570.5
     1     1     7     8    14    20     0     2   -22.0  -21.585  -40.861   4802.2    572.6
     1     1     7     8    14    19     0     1   -23.0  -21.571  -40.565   4810.2    571.8
     1     1     7     8    14    18     0     0   -24.0  -21.550  -40.257   4803.4    572.3
     1     1     7     8    14    17     0     1   -25.0  -21.541  -39.938   4786.0    574.1
     1     1     7     8    14    16     0     2   -26.0  -21.568  -39.611   4767.8    576.1
     1     1     7     8    14    15     0     3   -27.0  -21.638  -39.283   4755.4    577.5
     1     1     7     8    14    14     0     2   -28.0  -21.743  -38.967   4754.0    578.2
     1     1     7     8    14    13     0     1   -29.0  -21.876  -38.675   4766.3    577.0
     1     1     7     8    14    12     0     0   -30.0  -22.035  -38.410   4797.4    574.7
     1     1     7     8    14    11     0     1   -31.0  -22.203  -38.169   4865.9    570.2
     1     1     7     8    14    10     0     2   -32.0  -22.368  -37.947   4982.8    561.1
     1     1     7     8    14     9     0     3   -33.0  -22.533  -37.735   5132.0    549.6
     1     1     7     8    14     8     0     2   -34.0  -22.702  -37.524   5278.2    537.6
     1     1     7     8    14     7     0     1   -35.0  -22.876  -37.313   5398.3    529.1
     1     1     7     8    14     6     0     0   -36.0  -23.053  -37.098   5495.7    522.0
     1     1     7     8    14     5     0     1   -37.0  -23.245  -36.888   5586.8    517.3
     1     1     7     8    14     4     0     2   -38.0  -23.466  -36.697   5682.9    511.6
     1     1     7     8    14     3     0     3   -39.0  -23.717  -36.535   5781.1    505.6
     1     1     7     8    14     2     0     2   -40.0  -23.996  -36.397   5882.6    499.2
     1     1     7     8    14     1     0     1   -41.0  -24.298  -36.275   5988.3    492.0
     1     1     7     8    14     0     0     0   -42.0  -24.621  -36.167   6097.1    484.3
     1     1     7     8    13    23     0     1   -43.0  -24.963  -36.080   6197.1    476.4
     1     1     7     8    13    22     0     2   -44.0  -25.328  -36.018   6278.4    471.2
     1     1     7     8    13    21     0     3   -45.0  -25.710  -35.979   6338.3    467.8
     1     1     7     8    13    20     0     2   -46.0  -26.098  -35.969   6405.7    465.5
     1     1     7     8    13    19     0     1   -47.0  -26.488  -35.997   6517.9    458.6
     1     1     7     8    13    18     0     0   -48.0  -26.885  -36.055   6687.1    447.8
     1     1     7     8    13    17     0     1   -49.0  -27.304  -36.134   6892.4    434.3
     1     1     7     8    13    16     0     2   -50.0  -27.762  -36.221   7108.8    422.2
     1     1     7     8    13    15     0     3   -51.0  -28.267  -36.296   7341.3    409.3
     1     1     7     8    13    14     0     2   -52.0  -28.816  -36.370   7575.2    394.9
     1     1     7     8    13    13     0     1   -53.0  -29.398  -36.463   7784.5    383.1
     1     1     7     8    13    12     0     0   -54.0  -30.022  -36.573   7965.6    373.3
     1     1     7     8    13    11     0     1   -55.0  -30.686  -36.709   8140.1    364.6
     1     1     7     8    13    10     0     2   -56.0  -31.404  -36.886   8334.7    354.2
     1     1     7     8    13     9     0     3   -57.0  -32.200  -37.123   8540.5    342.4
     1     1     7     8    13     8     0     2   -58.0  -33.062  -37.441   8732.8    332.2
     1     1     7     8    13     7     0     1   -59.0  -33.948  -37.856   8912.0    323.5
     1     1     7     8    13     6     0     0   -60.0  -34.870  -38.386   9062.2    315.3
     1     1     7     8    13     5     0     1   -61.0  -35.805  -39.036   9189.6    309.3
     1     1     7     8    13     4     0     2   -62.0  -36.696  -39.800   9280.1    304.3
     1     1     7     8    13     3     0     3   -63.0  -37.540  -40.660   9338.7    301.6
     1     1     7     8    13     2     0     2   -64.0  -38.358  -41.607   9407.8    298.3
     1     1     7     8    13     1     0     1   -65.0  -39.149  -42.658   9511.6    293.1
     1     1     7     8    13     0     0     0   -66.0  -39.894  -43.820   9619.3    287.9
     1     1     7     8    12    23     0     1   -67.0  -40.567  -45.109   9741.7    282.3
     1     1     7     8    12    22     0     2   -68.0  -41.138  -46.544   9880.2    275.8
     1     1     7     8    12    21     0     3   -69.0  -41.614  -48.101  10015.4    269.7
     1     1     7     8    12    20     0     2   -70.0  -41.961  -49.714  10108.0    265.4
     1     1     7     8    12    19     0     1   -71.0  -42.151  -51.324  10151.7    263.4
     1     1     7     8    12    18     0     0   -72.0  -42.239  -52.941  10170.4    262.5
     1     1     7     8    12    17     0     1   -73.0  -42.234  -54.586  10171.5    262.2
     1     1     7     8    12    16     0     2   -74.0  -42.103  -56.252  10145.5    263.1
     1     1     7     8    12    15     0     3   -75.0  -41.860  -57.933  10091.9    265.4
     1     1     7     8    12    14     0     2   -76.0  -41.493  -59.599  10017.3    268.0
     1     1     7     8    12    13     0     1   -77.0  -41.023  -61.245   9926.4    271.2
     1     1     7     8    12    12     0     0   -78.0  -40.456  -62.921   9830.1    274.0
     1     1     7     8    12    11     0     1   -79.0  -39.773  -64.613   9677.0    277.6
     1     1     7     8    12    10     0     2   -80.0  -38.965  -66.335   9554.2    277.1
     1     1     7     8    12     9     0     3   -81.0  -38.002  -68.134   9382.7    274.1
     1     1     7     8    12     8     0     2   -82.0  -36.863  -69.920   8700.1    253.7
     1     1     7     8    12     7     0     1   -83.0  -35.546  -71.777   9009.0    294.6
     1     1     7     8    12     6     0     0   -84.0  -34.107  -73.368   8955.6    312.9
     1     1     7     8    12     5     0     1   -85.0  -32.621  -74.775   8703.9    324.8
     1     1     7     8    12     4     0     2   -86.0  -31.178  -76.083   8409.3    342.4
     1     1     7     8    12     3     0     3   -87.0  -29.837  -77.389   8165.2    352.6
     1     1     7     8    12     2     0     2   -88.0  -28.610  -78.738   7953.8    364.5
     1     1     7     8    12     1     0     1   -89.0  -27.525  -80.105   7796.7    374.4
     1     1     7     8    12     0     0     0   -90.0  -26.600  -81.476   7744.1    377.6
     1     1     7     8    11    23     0     1   -91.0  -25.844  -82.851   7765.3    376.4
     1     1     7     8    11    22     0     2   -92.0  -25.280  -84.201   7803.9    375.9
     1     1     7     8    11    21     0     3   -93.0  -24.896  -85.471   7841.0    374.2
     1     1     7     8    11    20     0     2   -94.0  -24.654  -86.675   7892.1    372.2
     1     1     7     8    11    19     0     1   -95.0  -24.546  -87.826   7946.6    370.5
     1     1     7     8    11    18     0     0   -96.0  -24.578  -88.911   8020.8    367.0
     1     1     7     8    11    17     0     1   -97.0  -24.738  -89.962   8155.6    360.4
     1     1     7     8    11    16     0     2   -98.0  -25.005  -91.000   8311.7    351.2
     1     1     7     8    11    15     0     3   -99.0  -25.388  -92.026   8508.6    342.2
     1     1     7     8    11    14     0     2  -100.0  -25.898  -93.062   8741.4    330.8
     1     1     7     8    11    13     0     1  -101.0  -26.546  -94.094   9013.8    317.1
     1     1     7     8    11    12     0     0  -102.0  -27.356  -95.146   9253.0    304.8
     1     1     7     8    11    11     0     1  -103.0  -28.279  -96.193   9407.5    297.9
     1     1     7     8    11    10     0     2  -104.0  -29.291  -97.220   9504.8    293.2
     1     1     7     8    11     9     0     3  -105.0  -30.350  -98.248   9532.0    292.0
     1     1     7     8    11     8     0     2  -106.0  -31.440  -99.225   9559.3    291.0
     1     1     7     8    11     7     0     1  -107.0  -32.582 -100.105   9630.2    287.8
     1     1     7     8    11     6     0     0  -108.0  -33.758 -100.920   9755.1    282.6
     1     1     7     8    11     5     0     1  -109.0  -34.974 -101.698   9883.0    276.1
     1     1     7     8    11     4     0     2  -110.0  -36.241 -102.452   9967.6    272.6
     1     1     7     8    11     3     0     3  -111.0  -37.524 -103.191  10042.1    269.6
     1     1     7     8    11     2     0     2  -112.0  -38.827 -103.914  10131.2    265.6
