     7     1
    GDAS     7     7    22     0     0
    GDAS     7     8     8     0     0
    GDAS     7     8    15     0     0
    GDAS     7     8    22     0     0
    GDAS     7     8    29     0     0
    GDAS     7     8     1     0     0
    GDAS     7     7    29     0     0
     1 BACKWARD OMEGA   
     7     8    31     0  -23.561  -46.740  4000.0
     1 PRESSURE
     1     1     7     8    31     0     0     0     0.0  -23.561  -46.740   4000.0    588.8
     1     1     7     8    30    23     0     1    -1.0  -23.513  -47.004   4017.1    583.4
     1     1     7     8    30    22     0     2    -2.0  -23.438  -47.246   4023.9    583.7
     1     1     7     8    30    21     0     3    -3.0  -23.343  -47.455   4024.1    584.9
     1     1     7     8    30    20     0     2    -4.0  -23.244  -47.640   4027.6    587.2
     1     1     7     8    30    19     0     1    -5.0  -23.155  -47.816   4043.2    588.8
     1     1     7     8    30    18     0     0    -6.0  -23.068  -47.986   4071.7    590.1
     1     1     7     8    30    17     0     1    -7.0  -22.992  -48.162   4085.8    586.1
     1     1     7     8    30    16     0     2    -8.0  -22.933  -48.353   4088.4    583.2
     1     1     7     8    30    15     0     3    -9.0  -22.888  -48.552   4097.3    580.1
     1     1     7     8    30    14     0     2   -10.0  -22.851  -48.762   4113.4    575.7
     1     1     7     8    30    13     0     1   -11.0  -22.824  -48.990   4129.8    571.4
     1     1     7     8    30    12     0     0   -12.0  -22.818  -49.238   4159.6    572.8
     1     1     7     8    30    11     0     1   -13.0  -22.819  -49.525   4187.0    574.8
     1     1     7     8    30    10     0     2   -14.0  -22.812  -49.857   4209.4    578.0
     1     1     7     8    30     9     0     3   -15.0  -22.792  -50.228   4217.1    579.7
     1     1     7     8    30     8     0     2   -16.0  -22.744  -50.617   4209.3    581.0
     1     1     7     8    30     7     0     1   -17.0  -22.657  -51.007   4179.8    583.3
     1     1     7     8    30     6     0     0   -18.0  -22.530  -51.403   4128.8    591.4
     1     1     7     8    30     5     0     1   -19.0  -22.366  -51.799   4081.6    602.3
     1     1     7     8    30     4     0     2   -20.0  -22.182  -52.192   4058.1    607.3
     1     1     7     8    30     3     0     3   -21.0  -21.986  -52.593   4050.5    607.0
     1     1     7     8    30     2     0     2   -22.0  -21.785  -52.999   4048.8    604.4
     1     1     7     8    30     1     0     1   -23.0  -21.573  -53.394   4042.9    605.1
     1     1     7     8    30     0     0     0   -24.0  -21.348  -53.771   4016.6    604.2
     1     1     7     8    29    23     0     1   -25.0  -21.116  -54.132   3988.6    603.2
     1     1     7     8    29    22     0     2   -26.0  -20.884  -54.476   4001.0    601.8
     1     1     7     8    29    21     0     3   -27.0  -20.655  -54.807   4059.0    598.5
     1     1     7     8    29    20     0     2   -28.0  -20.435  -55.134   4128.5    595.1
     1     1     7     8    29    19     0     1   -29.0  -20.219  -55.461   4174.2    596.9
     1     1     7     8    29    18     0     0   -30.0  -19.995  -55.779   4196.9    602.2
     1     1     7     8    29    17     0     1   -31.0  -19.773  -56.088   4198.6    606.5
     1     1     7     8    29    16     0     2   -32.0  -19.562  -56.397   4183.7    608.9
     1     1     7     8    29    15     0     3   -33.0  -19.361  -56.710   4171.3    610.7
     1     1     7     8    29    14     0     2   -34.0  -19.164  -57.036   4173.8    610.8
     1     1     7     8    29    13     0     1   -35.0  -18.974  -57.380   4185.4    607.9
     1     1     7     8    29    12     0     0   -36.0  -18.789  -57.731   4194.5    604.6
     1     1     7     8    29    11     0     1   -37.0  -18.596  -58.074   4206.5    600.7
     1     1     7     8    29    10     0     2   -38.0  -18.386  -58.404   4228.4    594.3
     1     1     7     8    29     9     0     3   -39.0  -18.162  -58.720   4262.1    586.5
     1     1     7     8    29     8     0     2   -40.0  -17.936  -59.025   4298.5    579.2
     1     1     7     8    29     7     0     1   -41.0  -17.715  -59.323   4323.7    580.9
     1     1     7     8    29     6     0     0   -42.0  -17.506  -59.615   4316.0    584.1
     1     1     7     8    29     5     0     1   -43.0  -17.313  -59.912   4293.3    585.8
     1     1     7     8    29     4     0     2   -44.0  -17.130  -60.227   4266.1    587.5
     1     1     7     8    29     3     0     3   -45.0  -16.949  -60.569   4233.3    589.8
     1     1     7     8    29     2     0     2   -46.0  -16.761  -60.940   4199.6    591.8
     1     1     7     8    29     1     0     1   -47.0  -16.564  -61.328   4160.8    593.2
     1     1     7     8    29     0     0     0   -48.0  -16.359  -61.721   4108.1    595.2
     1     1     7     8    28    23     0     1   -49.0  -16.145  -62.116   4054.3    598.3
     1     1     7     8    28    22     0     2   -50.0  -15.921  -62.506   4018.7    605.2
     1     1     7     8    28    21     0     3   -51.0  -15.689  -62.896   3993.5    610.8
     1     1     7     8    28    20     0     2   -52.0  -15.451  -63.282   3978.8    613.7
     1     1     7     8    28    19     0     1   -53.0  -15.203  -63.663   3982.0    615.6
     1     1     7     8    28    18     0     0   -54.0  -14.946  -64.045   3996.6    617.2
     1     1     7     8    28    17     0     1   -55.0  -14.682  -64.429   4011.2    615.9
     1     1     7     8    28    16     0     2   -56.0  -14.411  -64.812   4026.9    616.1
     1     1     7     8    28    15     0     3   -57.0  -14.127  -65.182   4028.8    617.1
     1     1     7     8    28    14     0     2   -58.0  -13.842  -65.535   4005.6    615.6
     1     1     7     8    28    13     0     1   -59.0  -13.563  -65.871   3960.0    616.9
     1     1     7     8    28    12     0     0   -60.0  -13.288  -66.188   3893.6    622.3
     1     1     7     8    28    11     0     1   -61.0  -13.010  -66.481   3831.0    628.5
     1     1     7     8    28    10     0     2   -62.0  -12.731  -66.758   3798.0    629.7
     1     1     7     8    28     9     0     3   -63.0  -12.463  -67.023   3792.8    629.7
     1     1     7     8    28     8     0     2   -64.0  -12.212  -67.278   3810.4    629.4
     1     1     7     8    28     7     0     1   -65.0  -11.975  -67.523   3838.5    628.3
     1     1     7     8    28     6     0     0   -66.0  -11.748  -67.766   3866.5    625.5
     1     1     7     8    28     5     0     1   -67.0  -11.527  -68.007   3882.8    623.3
     1     1     7     8    28     4     0     2   -68.0  -11.319  -68.233   3888.0    621.7
     1     1     7     8    28     3     0     3   -69.0  -11.133  -68.436   3889.4    621.4
     1     1     7     8    28     2     0     2   -70.0  -10.965  -68.617   3887.7    620.8
     1     1     7     8    28     1     0     1   -71.0  -10.809  -68.779   3878.6    622.1
     1     1     7     8    28     0     0     0   -72.0  -10.665  -68.927   3861.1    623.9
     1     1     7     8    27    23     0     1   -73.0  -10.531  -69.058   3845.1    626.1
     1     1     7     8    27    22     0     2   -74.0  -10.405  -69.171   3837.5    626.2
     1     1     7     8    27    21     0     3   -75.0  -10.284  -69.268   3829.1    626.5
     1     1     7     8    27    20     0     2   -76.0  -10.167  -69.352   3800.0    628.3
     1     1     7     8    27    19     0     1   -77.0  -10.057  -69.426   3732.7    634.2
     1     1     7     8    27    18     0     0   -78.0   -9.952  -69.486   3625.7    643.2
     1     1     7     8    27    17     0     1   -79.0   -9.849  -69.533   3516.7    655.3
     1     1     7     8    27    16     0     2   -80.0   -9.743  -69.565   3446.6    662.0
     1     1     7     8    27    15     0     3   -81.0   -9.636  -69.585   3423.5    664.9
     1     1     7     8    27    14     0     2   -82.0   -9.529  -69.595   3418.3    662.7
     1     1     7     8    27    13     0     1   -83.0   -9.430  -69.597   3393.5    664.5
     1     1     7     8    27    12     0     0   -84.0   -9.339  -69.593   3345.4    668.2
     1     1     7     8    27    11     0     1   -85.0   -9.264  -69.579   3295.2    673.9
     1     1     7     8    27    10     0     2   -86.0   -9.205  -69.552   3262.2    676.1
     1     1     7     8    27     9     0     3   -87.0   -9.160  -69.515   3241.2    677.2
     1     1     7     8    27     8     0     2   -88.0   -9.124  -69.473   3218.4    678.1
     1     1     7     8    27     7     0     1   -89.0   -9.093  -69.436   3183.5    681.1
     1     1     7     8    27     6     0     0   -90.0   -9.067  -69.404   3138.3    684.9
     1     1     7     8    27     5     0     1   -91.0   -9.056  -69.378   3096.4    689.4
     1     1     7     8    27     4     0     2   -92.0   -9.065  -69.360   3070.4    691.7
     1     1     7     8    27     3     0     3   -93.0   -9.090  -69.348   3060.5    692.5
     1     1     7     8    27     2     0     2   -94.0   -9.120  -69.346   3066.3    691.6
     1     1     7     8    27     1     0     1   -95.0   -9.141  -69.352   3088.3    689.2
     1     1     7     8    27     0     0     0   -96.0   -9.154  -69.366   3126.0    685.7
     1     1     7     8    26    23     0     1   -97.0   -9.147  -69.387   3175.4    681.3
     1     1     7     8    26    22     0     2   -98.0   -9.109  -69.413   3235.5    676.5
     1     1     7     8    26    21     0     3   -99.0   -9.038  -69.438   3311.9    670.5
     1     1     7     8    26    20     0     2  -100.0   -8.939  -69.454   3388.3    663.3
     1     1     7     8    26    19     0     1  -101.0   -8.820  -69.458   3440.9    659.3
     1     1     7     8    26    18     0     0  -102.0   -8.683  -69.449   3467.8    657.6
     1     1     7     8    26    17     0     1  -103.0   -8.535  -69.425   3476.6    657.7
     1     1     7     8    26    16     0     2  -104.0   -8.377  -69.383   3475.3    658.1
     1     1     7     8    26    15     0     3  -105.0   -8.214  -69.323   3464.8    659.2
     1     1     7     8    26    14     0     2  -106.0   -8.049  -69.250   3440.5    660.6
     1     1     7     8    26    13     0     1  -107.0   -7.884  -69.169   3398.7    664.5
     1     1     7     8    26    12     0     0  -108.0   -7.721  -69.079   3340.1    670.3
     1     1     7     8    26    11     0     1  -109.0   -7.573  -68.978   3282.8    677.5
     1     1     7     8    26    10     0     2  -110.0   -7.451  -68.867   3245.4    681.5
     1     1     7     8    26     9     0     3  -111.0   -7.355  -68.746   3226.1    683.4
     1     1     7     8    26     8     0     2  -112.0   -7.275  -68.618   3218.0    684.1
     1     1     7     8    26     7     0     1  -113.0   -7.203  -68.484   3215.7    684.6
     1     1     7     8    26     6     0     0  -114.0   -7.140  -68.343   3219.1    684.4
     1     1     7     8    26     5     0     1  -115.0   -7.089  -68.197   3219.1    683.5
     1     1     7     8    26     4     0     2  -116.0   -7.055  -68.053   3205.0    684.4
     1     1     7     8    26     3     0     3  -117.0   -7.036  -67.908   3177.5    687.0
     1     1     7     8    26     2     0     2  -118.0   -7.031  -67.765   3159.9    690.2
     1     1     7     8    26     1     0     1  -119.0   -7.041  -67.629   3169.1    689.1
     1     1     7     8    26     0     0     0  -120.0   -7.070  -67.502   3199.4    686.2
