     7     1
    GDAS     7     7    22     0     0
    GDAS     7     8     8     0     0
    GDAS     7     8    15     0     0
    GDAS     7     8    22     0     0
    GDAS     7     8    29     0     0
    GDAS     7     8     1     0     0
    GDAS     7     7    29     0     0
     1 BACKWARD OMEGA   
     7     8     7    18  -23.561  -46.740  4000.0
     1 PRESSURE
     1     1     7     8     7    18     0     0     0.0  -23.561  -46.740   4000.0    586.4
     1     1     7     8     7    17     0     1    -1.0  -23.000  -47.172   3870.2    597.3
     1     1     7     8     7    16     0     2    -2.0  -22.429  -47.555   3900.6    593.6
     1     1     7     8     7    15     0     3    -3.0  -21.852  -47.872   3991.1    586.4
     1     1     7     8     7    14     0     2    -4.0  -21.280  -48.111   4056.4    579.3
     1     1     7     8     7    13     0     1    -5.0  -20.730  -48.265   4082.7    580.3
     1     1     7     8     7    12     0     0    -6.0  -20.203  -48.348   4106.0    581.5
     1     1     7     8     7    11     0     1    -7.0  -19.708  -48.365   4105.5    576.1
     1     1     7     8     7    10     0     2    -8.0  -19.254  -48.319   4068.8    571.6
     1     1     7     8     7     9     0     3    -9.0  -18.843  -48.212   4020.1    571.2
     1     1     7     8     7     8     0     2   -10.0  -18.469  -48.048   3985.3    576.1
     1     1     7     8     7     7     0     1   -11.0  -18.127  -47.839   3966.1    579.8
     1     1     7     8     7     6     0     0   -12.0  -17.817  -47.592   3947.7    580.8
     1     1     7     8     7     5     0     1   -13.0  -17.534  -47.310   3926.8    581.5
     1     1     7     8     7     4     0     2   -14.0  -17.280  -46.994   3902.3    585.6
     1     1     7     8     7     3     0     3   -15.0  -17.055  -46.643   3878.7    591.3
     1     1     7     8     7     2     0     2   -16.0  -16.854  -46.261   3869.1    595.9
     1     1     7     8     7     1     0     1   -17.0  -16.677  -45.861   3876.1    598.0
     1     1     7     8     7     0     0     0   -18.0  -16.527  -45.450   3890.8    597.2
     1     1     7     8     6    23     0     1   -19.0  -16.409  -45.033   3914.3    595.7
     1     1     7     8     6    22     0     2   -20.0  -16.323  -44.620   3935.4    590.2
     1     1     7     8     6    21     0     3   -21.0  -16.272  -44.217   3970.2    584.0
     1     1     7     8     6    20     0     2   -22.0  -16.258  -43.833   4013.1    577.7
     1     1     7     8     6    19     0     1   -23.0  -16.275  -43.474   4045.8    573.9
     1     1     7     8     6    18     0     0   -24.0  -16.314  -43.148   4058.5    572.1
     1     1     7     8     6    17     0     1   -25.0  -16.371  -42.846   4047.3    572.7
     1     1     7     8     6    16     0     2   -26.0  -16.440  -42.557   4011.0    576.9
     1     1     7     8     6    15     0     3   -27.0  -16.516  -42.272   3955.8    583.4
     1     1     7     8     6    14     0     2   -28.0  -16.594  -41.989   3912.9    591.5
     1     1     7     8     6    13     0     1   -29.0  -16.674  -41.713   3908.4    594.7
     1     1     7     8     6    12     0     0   -30.0  -16.764  -41.452   3940.4    594.6
     1     1     7     8     6    11     0     1   -31.0  -16.864  -41.210   3990.1    590.8
     1     1     7     8     6    10     0     2   -32.0  -16.973  -40.983   4038.7    588.0
     1     1     7     8     6     9     0     3   -33.0  -17.090  -40.766   4091.3    589.1
     1     1     7     8     6     8     0     2   -34.0  -17.212  -40.555   4148.0    591.8
     1     1     7     8     6     7     0     1   -35.0  -17.344  -40.353   4219.5    592.4
     1     1     7     8     6     6     0     0   -36.0  -17.483  -40.166   4302.3    592.1
     1     1     7     8     6     5     0     1   -37.0  -17.627  -39.983   4389.6    591.5
     1     1     7     8     6     4     0     2   -38.0  -17.777  -39.791   4475.1    589.8
     1     1     7     8     6     3     0     3   -39.0  -17.939  -39.599   4566.9    586.8
     1     1     7     8     6     2     0     2   -40.0  -18.106  -39.417   4656.1    581.2
     1     1     7     8     6     1     0     1   -41.0  -18.271  -39.254   4738.2    576.4
     1     1     7     8     6     0     0     0   -42.0  -18.436  -39.113   4821.9    571.7
     1     1     7     8     5    23     0     1   -43.0  -18.598  -38.996   4919.6    565.9
     1     1     7     8     5    22     0     2   -44.0  -18.751  -38.904   5037.7    557.6
     1     1     7     8     5    21     0     3   -45.0  -18.886  -38.832   5179.6    547.7
     1     1     7     8     5    20     0     2   -46.0  -18.994  -38.771   5303.1    536.6
     1     1     7     8     5    19     0     1   -47.0  -19.081  -38.707   5364.9    532.3
     1     1     7     8     5    18     0     0   -48.0  -19.159  -38.634   5367.5    532.5
     1     1     7     8     5    17     0     1   -49.0  -19.233  -38.550   5355.0    536.2
     1     1     7     8     5    16     0     2   -50.0  -19.298  -38.456   5362.0    535.7
     1     1     7     8     5    15     0     3   -51.0  -19.353  -38.350   5385.7    534.1
     1     1     7     8     5    14     0     2   -52.0  -19.406  -38.237   5421.1    531.4
     1     1     7     8     5    13     0     1   -53.0  -19.467  -38.126   5464.0    528.4
     1     1     7     8     5    12     0     0   -54.0  -19.534  -38.018   5513.0    525.0
     1     1     7     8     5    11     0     1   -55.0  -19.621  -37.912   5555.6    520.9
     1     1     7     8     5    10     0     2   -56.0  -19.740  -37.805   5580.4    518.9
     1     1     7     8     5     9     0     3   -57.0  -19.889  -37.704   5588.6    518.0
     1     1     7     8     5     8     0     2   -58.0  -20.059  -37.620   5590.5    518.5
     1     1     7     8     5     7     0     1   -59.0  -20.236  -37.563   5596.4    518.2
     1     1     7     8     5     6     0     0   -60.0  -20.422  -37.534   5605.9    517.5
     1     1     7     8     5     5     0     1   -61.0  -20.611  -37.531   5613.4    517.0
     1     1     7     8     5     4     0     2   -62.0  -20.803  -37.549   5613.1    517.2
     1     1     7     8     5     3     0     3   -63.0  -20.998  -37.589   5602.4    518.0
     1     1     7     8     5     2     0     2   -64.0  -21.204  -37.656   5586.3    519.4
     1     1     7     8     5     1     0     1   -65.0  -21.426  -37.758   5567.0    520.2
     1     1     7     8     5     0     0     0   -66.0  -21.657  -37.894   5534.2    521.9
     1     1     7     8     4    23     0     1   -67.0  -21.885  -38.070   5512.3    525.0
     1     1     7     8     4    22     0     2   -68.0  -22.099  -38.298   5542.6    523.8
     1     1     7     8     4    21     0     3   -69.0  -22.288  -38.574   5637.4    517.8
     1     1     7     8     4    20     0     2   -70.0  -22.450  -38.885   5760.9    507.1
     1     1     7     8     4    19     0     1   -71.0  -22.589  -39.221   5868.8    499.9
     1     1     7     8     4    18     0     0   -72.0  -22.709  -39.581   5965.5    494.3
     1     1     7     8     4    17     0     1   -73.0  -22.814  -39.954   6054.4    488.9
     1     1     7     8     4    16     0     2   -74.0  -22.903  -40.324   6114.1    484.3
     1     1     7     8     4    15     0     3   -75.0  -22.977  -40.684   6120.2    483.0
     1     1     7     8     4    14     0     2   -76.0  -23.036  -41.044   6089.7    486.2
     1     1     7     8     4    13     0     1   -77.0  -23.080  -41.416   6058.5    490.2
     1     1     7     8     4    12     0     0   -78.0  -23.110  -41.796   6031.3    493.6
     1     1     7     8     4    11     0     1   -79.0  -23.123  -42.174   6006.8    494.9
     1     1     7     8     4    10     0     2   -80.0  -23.113  -42.545   5983.6    494.8
     1     1     7     8     4     9     0     3   -81.0  -23.079  -42.908   5965.0    494.3
     1     1     7     8     4     8     0     2   -82.0  -23.025  -43.266   5938.7    491.5
     1     1     7     8     4     7     0     1   -83.0  -22.962  -43.623   5907.6    485.9
     1     1     7     8     4     6     0     0   -84.0  -22.893  -43.982   5875.2    479.2
     1     1     7     8     4     5     0     1   -85.0  -22.829  -44.338   5814.5    469.5
     1     1     7     8     4     4     0     2   -86.0  -22.774  -44.688   5737.5    462.7
     1     1     7     8     4     3     0     3   -87.0  -22.728  -45.034   5648.9    458.4
     1     1     7     8     4     2     0     2   -88.0  -22.681  -45.381   5601.8    460.3
     1     1     7     8     4     1     0     1   -89.0  -22.629  -45.736   5597.5    458.1
     1     1     7     8     4     0     0     0   -90.0  -22.569  -46.100   5633.9    455.9
     1     1     7     8     3    23     0     1   -91.0  -22.503  -46.480   5698.6    455.8
     1     1     7     8     3    22     0     2   -92.0  -22.427  -46.890   5756.7    457.0
     1     1     7     8     3    21     0     3   -93.0  -22.332  -47.335   5806.6    459.1
     1     1     7     8     3    20     0     2   -94.0  -22.212  -47.789   5838.5    463.2
     1     1     7     8     3    19     0     1   -95.0  -22.067  -48.225   5839.0    466.7
     1     1     7     8     3    18     0     0   -96.0  -21.896  -48.636   5815.6    470.6
     1     1     7     8     3    17     0     1   -97.0  -21.698  -49.007   5783.7    475.6
     1     1     7     8     3    16     0     2   -98.0  -21.475  -49.333   5750.3    478.8
     1     1     7     8     3    15     0     3   -99.0  -21.233  -49.618   5726.7    481.0
     1     1     7     8     3    14     0     2  -100.0  -20.984  -49.874   5709.1    482.4
     1     1     7     8     3    13     0     1  -101.0  -20.732  -50.107   5696.1    484.6
     1     1     7     8     3    12     0     0  -102.0  -20.473  -50.315   5685.6    487.1
     1     1     7     8     3    11     0     1  -103.0  -20.205  -50.511   5680.6    488.5
     1     1     7     8     3    10     0     2  -104.0  -19.927  -50.700   5681.7    488.3
     1     1     7     8     3     9     0     3  -105.0  -19.642  -50.879   5681.4    486.8
     1     1     7     8     3     8     0     2  -106.0  -19.345  -51.036   5682.5    485.5
     1     1     7     8     3     7     0     1  -107.0  -19.033  -51.165   5685.0    482.5
     1     1     7     8     3     6     0     0  -108.0  -18.712  -51.270   5687.4    478.2
     1     1     7     8     3     5     0     1  -109.0  -18.384  -51.342   5688.8    474.4
     1     1     7     8     3     4     0     2  -110.0  -18.051  -51.369   5685.4    471.6
     1     1     7     8     3     3     0     3  -111.0  -17.708  -51.344   5690.8    471.3
     1     1     7     8     3     2     0     2  -112.0  -17.358  -51.270   5698.8    471.2
     1     1     7     8     3     1     0     1  -113.0  -17.005  -51.156   5715.5    471.5
     1     1     7     8     3     0     0     0  -114.0  -16.661  -50.997   5761.8    473.4
     1     1     7     8     2    23     0     1  -115.0  -16.339  -50.798   5799.8    471.8
     1     1     7     8     2    22     0     2  -116.0  -16.036  -50.563   5815.7    469.4
     1     1     7     8     2    21     0     3  -117.0  -15.755  -50.292   5804.5    467.1
     1     1     7     8     2    20     0     2  -118.0  -15.498  -49.995   5773.2    466.3
     1     1     7     8     2    19     0     1  -119.0  -15.266  -49.684   5744.4    467.4
     1     1     7     8     2    18     0     0  -120.0  -15.063  -49.355   5717.7    468.8
