     7     1
    GDAS     7     7    22     0     0
    GDAS     7     8     8     0     0
    GDAS     7     8    15     0     0
    GDAS     7     8    22     0     0
    GDAS     7     8    29     0     0
    GDAS     7     8     1     0     0
    GDAS     7     7    29     0     0
     1 BACKWARD OMEGA   
     7     8     4     6  -23.561  -46.740  4000.0
     1 PRESSURE
     1     1     7     8     4     6     0     0     0.0  -23.561  -46.740   4000.0    587.9
     1     1     7     8     4     5     0     1    -1.0  -23.376  -47.111   4002.1    584.3
     1     1     7     8     4     4     0     2    -2.0  -23.179  -47.481   4017.0    586.1
     1     1     7     8     4     3     0     3    -3.0  -22.974  -47.842   4036.8    590.7
     1     1     7     8     4     2     0     2    -4.0  -22.758  -48.183   4043.4    589.3
     1     1     7     8     4     1     0     1    -5.0  -22.527  -48.500   4048.5    585.9
     1     1     7     8     4     0     0     0    -6.0  -22.284  -48.794   4058.5    586.4
     1     1     7     8     3    23     0     1    -7.0  -22.037  -49.059   4059.6    589.9
     1     1     7     8     3    22     0     2    -8.0  -21.791  -49.297   4028.9    593.4
     1     1     7     8     3    21     0     3    -9.0  -21.547  -49.507   3981.4    597.5
     1     1     7     8     3    20     0     2   -10.0  -21.307  -49.692   3933.8    602.4
     1     1     7     8     3    19     0     1   -11.0  -21.069  -49.852   3894.7    605.8
     1     1     7     8     3    18     0     0   -12.0  -20.837  -49.984   3860.9    609.1
     1     1     7     8     3    17     0     1   -13.0  -20.620  -50.100   3837.9    612.9
     1     1     7     8     3    16     0     2   -14.0  -20.419  -50.208   3829.3    614.8
     1     1     7     8     3    15     0     3   -15.0  -20.230  -50.307   3833.5    615.5
     1     1     7     8     3    14     0     2   -16.0  -20.049  -50.402   3849.9    614.9
     1     1     7     8     3    13     0     1   -17.0  -19.872  -50.496   3875.5    612.4
     1     1     7     8     3    12     0     0   -18.0  -19.693  -50.588   3909.6    608.9
     1     1     7     8     3    11     0     1   -19.0  -19.513  -50.670   3945.7    604.5
     1     1     7     8     3    10     0     2   -20.0  -19.333  -50.732   3976.3    600.7
     1     1     7     8     3     9     0     3   -21.0  -19.154  -50.773   3999.4    597.5
     1     1     7     8     3     8     0     2   -22.0  -18.976  -50.802   4019.4    595.3
     1     1     7     8     3     7     0     1   -23.0  -18.796  -50.827   4041.6    591.8
     1     1     7     8     3     6     0     0   -24.0  -18.612  -50.845   4069.4    587.7
     1     1     7     8     3     5     0     1   -25.0  -18.418  -50.845   4099.7    583.1
     1     1     7     8     3     4     0     2   -26.0  -18.212  -50.818   4129.9    578.8
     1     1     7     8     3     3     0     3   -27.0  -17.994  -50.761   4161.8    574.8
     1     1     7     8     3     2     0     2   -28.0  -17.770  -50.679   4191.1    572.2
     1     1     7     8     3     1     0     1   -29.0  -17.545  -50.583   4202.9    571.4
     1     1     7     8     3     0     0     0   -30.0  -17.323  -50.474   4200.1    571.3
     1     1     7     8     2    23     0     1   -31.0  -17.107  -50.345   4195.0    571.4
     1     1     7     8     2    22     0     2   -32.0  -16.898  -50.187   4199.0    570.0
     1     1     7     8     2    21     0     3   -33.0  -16.700  -49.992   4207.1    567.7
     1     1     7     8     2    20     0     2   -34.0  -16.515  -49.765   4204.6    564.1
     1     1     7     8     2    19     0     1   -35.0  -16.346  -49.512   4186.6    561.6
     1     1     7     8     2    18     0     0   -36.0  -16.197  -49.234   4155.8    559.2
     1     1     7     8     2    17     0     1   -37.0  -16.077  -48.938   4127.9    557.5
     1     1     7     8     2    16     0     2   -38.0  -15.991  -48.638   4120.8    556.4
     1     1     7     8     2    15     0     3   -39.0  -15.937  -48.347   4128.3    555.3
     1     1     7     8     2    14     0     2   -40.0  -15.909  -48.066   4135.6    552.7
     1     1     7     8     2    13     0     1   -41.0  -15.903  -47.797   4138.9    553.8
     1     1     7     8     2    12     0     0   -42.0  -15.918  -47.549   4131.3    556.4
     1     1     7     8     2    11     0     1   -43.0  -15.954  -47.328   4115.2    559.4
     1     1     7     8     2    10     0     2   -44.0  -16.005  -47.140   4097.2    561.8
     1     1     7     8     2     9     0     3   -45.0  -16.067  -46.987   4081.7    564.7
     1     1     7     8     2     8     0     2   -46.0  -16.128  -46.860   4075.5    568.2
     1     1     7     8     2     7     0     1   -47.0  -16.186  -46.751   4082.2    569.9
     1     1     7     8     2     6     0     0   -48.0  -16.241  -46.657   4102.8    570.3
     1     1     7     8     2     5     0     1   -49.0  -16.292  -46.573   4133.9    569.7
     1     1     7     8     2     4     0     2   -50.0  -16.333  -46.491   4171.9    568.9
     1     1     7     8     2     3     0     3   -51.0  -16.365  -46.412   4218.3    567.3
     1     1     7     8     2     2     0     2   -52.0  -16.388  -46.339   4265.9    564.4
     1     1     7     8     2     1     0     1   -53.0  -16.402  -46.275   4305.4    562.4
     1     1     7     8     2     0     0     0   -54.0  -16.406  -46.219   4334.3    561.0
     1     1     7     8     1    23     0     1   -55.0  -16.393  -46.169   4363.7    560.2
     1     1     7     8     1    22     0     2   -56.0  -16.359  -46.120   4405.9    557.6
     1     1     7     8     1    21     0     3   -57.0  -16.303  -46.072   4461.1    554.1
     1     1     7     8     1    20     0     2   -58.0  -16.239  -46.022   4514.2    550.2
     1     1     7     8     1    19     0     1   -59.0  -16.176  -45.974   4548.2    548.3
     1     1     7     8     1    18     0     0   -60.0  -16.113  -45.926   4562.3    547.5
     1     1     7     8     1    17     0     1   -61.0  -16.052  -45.879   4564.8    548.1
     1     1     7     8     1    16     0     2   -62.0  -15.997  -45.832   4564.7    548.5
     1     1     7     8     1    15     0     3   -63.0  -15.949  -45.788   4561.7    548.4
     1     1     7     8     1    14     0     2   -64.0  -15.908  -45.745   4563.4    548.2
     1     1     7     8     1    13     0     1   -65.0  -15.873  -45.702   4576.3    547.0
     1     1     7     8     1    12     0     0   -66.0  -15.847  -45.660   4601.2    545.1
     1     1     7     8     1    11     0     1   -67.0  -15.834  -45.625   4625.7    542.0
     1     1     7     8     1    10     0     2   -68.0  -15.837  -45.604   4635.7    540.9
     1     1     7     8     1     9     0     3   -69.0  -15.853  -45.595   4630.3    541.0
     1     1     7     8     1     8     0     2   -70.0  -15.878  -45.596   4619.6    542.8
     1     1     7     8     1     7     0     1   -71.0  -15.910  -45.605   4614.9    543.4
     1     1     7     8     1     6     0     0   -72.0  -15.953  -45.624   4615.8    543.8
     1     1     7     8     1     5     0     1   -73.0  -16.005  -45.653   4630.2    544.1
     1     1     7     8     1     4     0     2   -74.0  -16.066  -45.695   4666.4    541.9
     1     1     7     8     1     3     0     3   -75.0  -16.137  -45.753   4728.6    537.8
     1     1     7     8     1     2     0     2   -76.0  -16.211  -45.832   4800.8    531.5
     1     1     7     8     1     1     0     1   -77.0  -16.279  -45.932   4864.7    526.8
     1     1     7     8     1     0     0     0   -78.0  -16.341  -46.054   4913.6    522.4
     1     1     7     7    31    23     0     1   -79.0  -16.395  -46.187   4949.1    518.3
     1     1     7     7    31    22     0     2   -80.0  -16.438  -46.324   4979.2    514.3
     1     1     7     7    31    21     0     3   -81.0  -16.473  -46.465   5003.7    510.6
     1     1     7     7    31    20     0     2   -82.0  -16.508  -46.610   5021.4    507.9
     1     1     7     7    31    19     0     1   -83.0  -16.554  -46.763   5034.2    505.7
     1     1     7     7    31    18     0     0   -84.0  -16.610  -46.926   5047.5    503.6
     1     1     7     7    31    17     0     1   -85.0  -16.678  -47.097   5064.3    501.4
     1     1     7     7    31    16     0     2   -86.0  -16.760  -47.273   5083.8    499.0
     1     1     7     7    31    15     0     3   -87.0  -16.854  -47.453   5106.1    496.4
     1     1     7     7    31    14     0     2   -88.0  -16.958  -47.643   5129.1    493.2
     1     1     7     7    31    13     0     1   -89.0  -17.069  -47.848   5148.8    490.1
     1     1     7     7    31    12     0     0   -90.0  -17.187  -48.067   5165.6    489.1
     1     1     7     7    31    11     0     1   -91.0  -17.305  -48.294   5181.8    490.9
     1     1     7     7    31    10     0     2   -92.0  -17.422  -48.526   5190.1    493.1
     1     1     7     7    31     9     0     3   -93.0  -17.547  -48.766   5194.1    495.6
     1     1     7     7    31     8     0     2   -94.0  -17.672  -49.015   5205.5    498.5
     1     1     7     7    31     7     0     1   -95.0  -17.787  -49.274   5233.4    499.2
     1     1     7     7    31     6     0     0   -96.0  -17.890  -49.541   5275.2    498.4
     1     1     7     7    31     5     0     1   -97.0  -17.978  -49.814   5322.6    497.2
     1     1     7     7    31     4     0     2   -98.0  -18.048  -50.087   5367.3    495.1
     1     1     7     7    31     3     0     3   -99.0  -18.098  -50.364   5408.2    491.5
     1     1     7     7    31     2     0     2  -100.0  -18.136  -50.648   5454.1    487.5
     1     1     7     7    31     1     0     1  -101.0  -18.170  -50.943   5506.1    483.3
     1     1     7     7    31     0     0     0  -102.0  -18.199  -51.250   5565.0    478.8
     1     1     7     7    30    23     0     1  -103.0  -18.220  -51.562   5620.7    474.0
     1     1     7     7    30    22     0     2  -104.0  -18.227  -51.871   5664.5    470.2
     1     1     7     7    30    21     0     3  -105.0  -18.226  -52.172   5696.1    467.6
     1     1     7     7    30    20     0     2  -106.0  -18.223  -52.457   5723.0    466.6
     1     1     7     7    30    19     0     1  -107.0  -18.228  -52.730   5753.1    464.9
     1     1     7     7    30    18     0     0  -108.0  -18.244  -52.996   5786.2    463.1
     1     1     7     7    30    17     0     1  -109.0  -18.273  -53.259   5831.2    463.4
     1     1     7     7    30    16     0     2  -110.0  -18.315  -53.521   5875.8    464.1
     1     1     7     7    30    15     0     3  -111.0  -18.373  -53.785   5924.2    464.3
     1     1     7     7    30    14     0     2  -112.0  -18.444  -54.067   5973.3    463.8
     1     1     7     7    30    13     0     1  -113.0  -18.523  -54.372   6018.9    464.6
     1     1     7     7    30    12     0     0  -114.0  -18.604  -54.695   6058.0    465.8
     1     1     7     7    30    11     0     1  -115.0  -18.685  -55.029   6092.8    467.4
     1     1     7     7    30    10     0     2  -116.0  -18.757  -55.367   6121.7    469.0
     1     1     7     7    30     9     0     3  -117.0  -18.815  -55.706   6143.2    471.7
     1     1     7     7    30     8     0     2  -118.0  -18.857  -56.051   6160.7    474.7
     1     1     7     7    30     7     0     1  -119.0  -18.888  -56.402   6166.0    474.2
     1     1     7     7    30     6     0     0  -120.0  -18.909  -56.757   6179.2    472.9
