     7     1
    GDAS     7     7    22     0     0
    GDAS     7     8     8     0     0
    GDAS     7     8    15     0     0
    GDAS     7     8    22     0     0
    GDAS     7     8    29     0     0
    GDAS     7     8     1     0     0
    GDAS     7     7    29     0     0
     1 BACKWARD OMEGA   
     7     8    18     6  -23.561  -46.740  4000.0
     1 PRESSURE
     1     1     7     8    18     6     0     0     0.0  -23.561  -46.740   4000.0    587.0
     1     1     7     8    18     5     0     1    -1.0  -23.352  -46.913   3963.8    585.5
     1     1     7     8    18     4     0     2    -2.0  -23.130  -47.032   3955.0    584.7
     1     1     7     8    18     3     0     3    -3.0  -22.898  -47.099   3974.5    582.5
     1     1     7     8    18     2     0     2    -4.0  -22.669  -47.119   4000.5    577.3
     1     1     7     8    18     1     0     1    -5.0  -22.454  -47.101   4014.1    574.5
     1     1     7     8    18     0     0     0    -6.0  -22.251  -47.047   4024.2    571.3
     1     1     7     8    17    23     0     1    -7.0  -22.050  -46.974   4035.2    567.2
     1     1     7     8    17    22     0     2    -8.0  -21.837  -46.904   4053.4    564.8
     1     1     7     8    17    21     0     3    -9.0  -21.615  -46.841   4073.4    563.1
     1     1     7     8    17    20     0     2   -10.0  -21.402  -46.772   4094.1    562.3
     1     1     7     8    17    19     0     1   -11.0  -21.214  -46.691   4112.5    561.2
     1     1     7     8    17    18     0     0   -12.0  -21.053  -46.602   4119.2    560.9
     1     1     7     8    17    17     0     1   -13.0  -20.913  -46.508   4110.2    561.3
     1     1     7     8    17    16     0     2   -14.0  -20.787  -46.402   4092.1    561.9
     1     1     7     8    17    15     0     3   -15.0  -20.673  -46.285   4072.4    562.8
     1     1     7     8    17    14     0     2   -16.0  -20.568  -46.154   4051.0    563.1
     1     1     7     8    17    13     0     1   -17.0  -20.469  -46.008   4026.3    564.1
     1     1     7     8    17    12     0     0   -18.0  -20.379  -45.843   4002.7    566.5
     1     1     7     8    17    11     0     1   -19.0  -20.297  -45.650   3986.4    569.4
     1     1     7     8    17    10     0     2   -20.0  -20.222  -45.426   3985.8    571.5
     1     1     7     8    17     9     0     3   -21.0  -20.158  -45.175   4001.7    573.1
     1     1     7     8    17     8     0     2   -22.0  -20.106  -44.904   4028.1    572.2
     1     1     7     8    17     7     0     1   -23.0  -20.064  -44.625   4056.5    565.8
     1     1     7     8    17     6     0     0   -24.0  -20.033  -44.346   4096.8    558.4
     1     1     7     8    17     5     0     1   -25.0  -20.007  -44.068   4151.1    550.2
     1     1     7     8    17     4     0     2   -26.0  -19.980  -43.786   4239.2    548.3
     1     1     7     8    17     3     0     3   -27.0  -19.954  -43.497   4339.1    548.7
     1     1     7     8    17     2     0     2   -28.0  -19.942  -43.201   4418.7    548.5
     1     1     7     8    17     1     0     1   -29.0  -19.949  -42.897   4451.6    551.1
     1     1     7     8    17     0     0     0   -30.0  -19.974  -42.584   4437.3    552.5
     1     1     7     8    16    23     0     1   -31.0  -20.018  -42.260   4411.5    555.5
     1     1     7     8    16    22     0     2   -32.0  -20.079  -41.930   4400.7    557.3
     1     1     7     8    16    21     0     3   -33.0  -20.158  -41.594   4413.7    559.1
     1     1     7     8    16    20     0     2   -34.0  -20.252  -41.254   4450.3    561.2
     1     1     7     8    16    19     0     1   -35.0  -20.352  -40.912   4506.9    565.7
     1     1     7     8    16    18     0     0   -36.0  -20.460  -40.569   4574.6    573.2
     1     1     7     8    16    17     0     1   -37.0  -20.574  -40.220   4632.6    579.6
     1     1     7     8    16    16     0     2   -38.0  -20.698  -39.860   4682.2    582.4
     1     1     7     8    16    15     0     3   -39.0  -20.836  -39.491   4740.2    580.1
     1     1     7     8    16    14     0     2   -40.0  -20.994  -39.120   4814.0    574.6
     1     1     7     8    16    13     0     1   -41.0  -21.176  -38.753   4881.3    568.7
     1     1     7     8    16    12     0     0   -42.0  -21.384  -38.394   4933.2    564.6
     1     1     7     8    16    11     0     1   -43.0  -21.627  -38.044   4985.0    561.1
     1     1     7     8    16    10     0     2   -44.0  -21.914  -37.706   5053.6    556.3
     1     1     7     8    16     9     0     3   -45.0  -22.246  -37.394   5135.7    550.5
     1     1     7     8    16     8     0     2   -46.0  -22.612  -37.105   5224.4    543.9
     1     1     7     8    16     7     0     1   -47.0  -22.998  -36.833   5323.4    537.0
     1     1     7     8    16     6     0     0   -48.0  -23.407  -36.586   5443.9    529.6
     1     1     7     8    16     5     0     1   -49.0  -23.846  -36.363   5563.0    521.0
     1     1     7     8    16     4     0     2   -50.0  -24.315  -36.165   5659.9    514.8
     1     1     7     8    16     3     0     3   -51.0  -24.807  -35.998   5736.6    509.3
     1     1     7     8    16     2     0     2   -52.0  -25.319  -35.873   5811.4    505.5
     1     1     7     8    16     1     0     1   -53.0  -25.855  -35.796   5894.0    500.6
     1     1     7     8    16     0     0     0   -54.0  -26.414  -35.772   5979.2    494.9
     1     1     7     8    15    23     0     1   -55.0  -26.994  -35.819   6054.4    488.3
     1     1     7     8    15    22     0     2   -56.0  -27.578  -35.946   6115.2    485.2
     1     1     7     8    15    21     0     3   -57.0  -28.165  -36.143   6169.7    482.5
     1     1     7     8    15    20     0     2   -58.0  -28.738  -36.415   6235.4    479.0
     1     1     7     8    15    19     0     1   -59.0  -29.275  -36.768   6318.1    473.5
     1     1     7     8    15    18     0     0   -60.0  -29.786  -37.185   6403.5    467.8
     1     1     7     8    15    17     0     1   -61.0  -30.255  -37.662   6489.7    462.8
     1     1     7     8    15    16     0     2   -62.0  -30.669  -38.200   6595.4    456.9
     1     1     7     8    15    15     0     3   -63.0  -31.029  -38.820   6737.7    448.9
     1     1     7     8    15    14     0     2   -64.0  -31.330  -39.520   6857.6    438.2
     1     1     7     8    15    13     0     1   -65.0  -31.571  -40.271   6907.8    435.0
     1     1     7     8    15    12     0     0   -66.0  -31.740  -41.046   6907.5    437.6
     1     1     7     8    15    11     0     1   -67.0  -31.829  -41.837   6903.1    437.0
     1     1     7     8    15    10     0     2   -68.0  -31.855  -42.643   6936.8    434.8
     1     1     7     8    15     9     0     3   -69.0  -31.823  -43.451   6934.8    433.9
     1     1     7     8    15     8     0     2   -70.0  -31.736  -44.249   6869.1    437.9
     1     1     7     8    15     7     0     1   -71.0  -31.589  -45.018   6802.2    442.8
     1     1     7     8    15     6     0     0   -72.0  -31.375  -45.742   6749.9    445.1
     1     1     7     8    15     5     0     1   -73.0  -31.122  -46.411   6726.3    447.1
     1     1     7     8    15     4     0     2   -74.0  -30.859  -47.027   6706.6    448.4
     1     1     7     8    15     3     0     3   -75.0  -30.593  -47.590   6649.3    450.1
     1     1     7     8    15     2     0     2   -76.0  -30.324  -48.120   6551.1    456.9
     1     1     7     8    15     1     0     1   -77.0  -30.046  -48.628   6438.7    464.9
     1     1     7     8    15     0     0     0   -78.0  -29.756  -49.120   6350.7    471.7
     1     1     7     8    14    23     0     1   -79.0  -29.439  -49.634   6248.7    464.4
     1     1     7     8    14    22     0     2   -80.0  -29.087  -50.188   6118.1    448.5
     1     1     7     8    14    21     0     3   -81.0  -28.709  -50.761   6015.3    439.4
     1     1     7     8    14    20     0     2   -82.0  -28.318  -51.311   5904.6    446.1
     1     1     7     8    14    19     0     1   -83.0  -27.922  -51.800   5688.9    461.1
     1     1     7     8    14    18     0     0   -84.0  -27.531  -52.216   5468.9    482.6
     1     1     7     8    14    17     0     1   -85.0  -27.155  -52.579   5335.2    501.3
     1     1     7     8    14    16     0     2   -86.0  -26.806  -52.901   5272.4    511.7
     1     1     7     8    14    15     0     3   -87.0  -26.488  -53.192   5232.5    512.6
     1     1     7     8    14    14     0     2   -88.0  -26.204  -53.469   5177.7    511.7
     1     1     7     8    14    13     0     1   -89.0  -25.960  -53.736   5063.8    519.9
     1     1     7     8    14    12     0     0   -90.0  -25.753  -53.995   4899.0    534.3
     1     1     7     8    14    11     0     1   -91.0  -25.558  -54.249   4749.6    552.2
     1     1     7     8    14    10     0     2   -92.0  -25.335  -54.495   4669.8    561.3
     1     1     7     8    14     9     0     3   -93.0  -25.071  -54.729   4653.7    565.3
     1     1     7     8    14     8     0     2   -94.0  -24.778  -54.943   4661.1    564.9
     1     1     7     8    14     7     0     1   -95.0  -24.476  -55.132   4658.4    563.9
     1     1     7     8    14     6     0     0   -96.0  -24.168  -55.297   4648.5    564.4
     1     1     7     8    14     5     0     1   -97.0  -23.860  -55.434   4638.9    566.1
     1     1     7     8    14     4     0     2   -98.0  -23.576  -55.549   4641.1    564.8
     1     1     7     8    14     3     0     3   -99.0  -23.328  -55.656   4667.9    562.1
     1     1     7     8    14     2     0     2  -100.0  -23.117  -55.767   4725.5    557.0
     1     1     7     8    14     1     0     1  -101.0  -22.933  -55.893   4809.3    550.4
     1     1     7     8    14     0     0     0  -102.0  -22.759  -56.035   4904.7    542.9
     1     1     7     8    13    23     0     1  -103.0  -22.584  -56.178   4975.9    536.5
     1     1     7     8    13    22     0     2  -104.0  -22.407  -56.312   5002.6    534.8
     1     1     7     8    13    21     0     3  -105.0  -22.232  -56.438   4990.9    535.7
     1     1     7     8    13    20     0     2  -106.0  -22.062  -56.555   4960.1    539.4
     1     1     7     8    13    19     0     1  -107.0  -21.900  -56.664   4932.9    542.7
     1     1     7     8    13    18     0     0  -108.0  -21.744  -56.764   4910.6    545.4
     1     1     7     8    13    17     0     1  -109.0  -21.595  -56.856   4878.9    547.5
     1     1     7     8    13    16     0     2  -110.0  -21.452  -56.942   4826.7    551.6
     1     1     7     8    13    15     0     3  -111.0  -21.314  -57.028   4757.9    556.8
     1     1     7     8    13    14     0     2  -112.0  -21.181  -57.127   4697.9    563.2
     1     1     7     8    13    13     0     1  -113.0  -21.053  -57.248   4666.8    566.8
     1     1     7     8    13    12     0     0  -114.0  -20.928  -57.390   4664.0    569.2
     1     1     7     8    13    11     0     1  -115.0  -20.788  -57.537   4664.1    570.4
     1     1     7     8    13    10     0     2  -116.0  -20.613  -57.672   4646.8    573.9
     1     1     7     8    13     9     0     3  -117.0  -20.397  -57.784   4616.9    577.7
     1     1     7     8    13     8     0     2  -118.0  -20.147  -57.875   4600.8    581.8
     1     1     7     8    13     7     0     1  -119.0  -19.876  -57.947   4615.5    580.4
     1     1     7     8    13     6     0     0  -120.0  -19.599  -57.996   4655.4    575.8
