     7     1
    GDAS     7     7    22     0     0
    GDAS     7     8     8     0     0
    GDAS     7     8    15     0     0
    GDAS     7     8    22     0     0
    GDAS     7     8    29     0     0
    GDAS     7     8     1     0     0
    GDAS     7     7    29     0     0
     1 BACKWARD OMEGA   
     7     8    25    12  -23.561  -46.740  4000.0
     1 PRESSURE
     1     1     7     8    25    12     0     0     0.0  -23.561  -46.740   4000.0    585.1
     1     1     7     8    25    11     0     1    -1.0  -23.307  -47.036   4055.9    574.9
     1     1     7     8    25    10     0     2    -2.0  -23.084  -47.309   4088.4    573.3
     1     1     7     8    25     9     0     3    -3.0  -22.884  -47.551   4079.8    576.4
     1     1     7     8    25     8     0     2    -4.0  -22.696  -47.767   4058.2    582.4
     1     1     7     8    25     7     0     1    -5.0  -22.511  -47.965   4061.5    584.5
     1     1     7     8    25     6     0     0    -6.0  -22.328  -48.155   4088.7    581.7
     1     1     7     8    25     5     0     1    -7.0  -22.142  -48.338   4125.5    577.6
     1     1     7     8    25     4     0     2    -8.0  -21.945  -48.506   4148.4    577.5
     1     1     7     8    25     3     0     3    -9.0  -21.735  -48.654   4150.2    578.3
     1     1     7     8    25     2     0     2   -10.0  -21.514  -48.775   4147.1    580.5
     1     1     7     8    25     1     0     1   -11.0  -21.288  -48.867   4153.4    580.6
     1     1     7     8    25     0     0     0   -12.0  -21.063  -48.932   4167.0    580.2
     1     1     7     8    24    23     0     1   -13.0  -20.838  -48.975   4175.2    579.0
     1     1     7     8    24    22     0     2   -14.0  -20.613  -49.000   4164.8    579.8
     1     1     7     8    24    21     0     3   -15.0  -20.388  -49.007   4133.2    581.7
     1     1     7     8    24    20     0     2   -16.0  -20.170  -48.996   4100.4    585.9
     1     1     7     8    24    19     0     1   -17.0  -19.967  -48.968   4090.3    586.4
     1     1     7     8    24    18     0     0   -18.0  -19.777  -48.930   4102.0    583.2
     1     1     7     8    24    17     0     1   -19.0  -19.601  -48.867   4127.1    578.0
     1     1     7     8    24    16     0     2   -20.0  -19.438  -48.765   4151.7    573.3
     1     1     7     8    24    15     0     3   -21.0  -19.290  -48.629   4171.3    568.5
     1     1     7     8    24    14     0     2   -22.0  -19.153  -48.471   4192.5    563.8
     1     1     7     8    24    13     0     1   -23.0  -19.030  -48.310   4227.9    557.7
     1     1     7     8    24    12     0     0   -24.0  -18.924  -48.148   4289.0    551.7
     1     1     7     8    24    11     0     1   -25.0  -18.843  -47.989   4357.3    544.1
     1     1     7     8    24    10     0     2   -26.0  -18.783  -47.835   4414.3    539.6
     1     1     7     8    24     9     0     3   -27.0  -18.736  -47.684   4455.0    536.4
     1     1     7     8    24     8     0     2   -28.0  -18.696  -47.527   4481.7    534.5
     1     1     7     8    24     7     0     1   -29.0  -18.660  -47.355   4496.4    533.3
     1     1     7     8    24     6     0     0   -30.0  -18.628  -47.171   4499.1    532.9
     1     1     7     8    24     5     0     1   -31.0  -18.602  -46.974   4503.2    533.7
     1     1     7     8    24     4     0     2   -32.0  -18.582  -46.764   4527.7    533.5
     1     1     7     8    24     3     0     3   -33.0  -18.571  -46.541   4573.6    531.7
     1     1     7     8    24     2     0     2   -34.0  -18.572  -46.313   4640.9    528.0
     1     1     7     8    24     1     0     1   -35.0  -18.595  -46.087   4726.7    522.8
     1     1     7     8    24     0     0     0   -36.0  -18.640  -45.867   4828.9    517.0
     1     1     7     8    23    23     0     1   -37.0  -18.703  -45.652   4933.4    510.9
     1     1     7     8    23    22     0     2   -38.0  -18.775  -45.443   5027.8    506.4
     1     1     7     8    23    21     0     3   -39.0  -18.851  -45.235   5112.2    502.8
     1     1     7     8    23    20     0     2   -40.0  -18.942  -45.025   5185.5    500.9
     1     1     7     8    23    19     0     1   -41.0  -19.057  -44.820   5232.4    496.3
     1     1     7     8    23    18     0     0   -42.0  -19.198  -44.624   5267.1    491.0
     1     1     7     8    23    17     0     1   -43.0  -19.360  -44.438   5303.3    485.2
     1     1     7     8    23    16     0     2   -44.0  -19.537  -44.262   5345.4    478.2
     1     1     7     8    23    15     0     3   -45.0  -19.735  -44.100   5387.5    470.8
     1     1     7     8    23    14     0     2   -46.0  -19.955  -43.959   5444.2    464.5
     1     1     7     8    23    13     0     1   -47.0  -20.192  -43.844   5549.0    460.6
     1     1     7     8    23    12     0     0   -48.0  -20.439  -43.760   5684.8    454.4
     1     1     7     8    23    11     0     1   -49.0  -20.700  -43.708   5822.7    445.3
     1     1     7     8    23    10     0     2   -50.0  -20.968  -43.685   5934.8    438.7
     1     1     7     8    23     9     0     3   -51.0  -21.236  -43.689   6018.0    433.6
     1     1     7     8    23     8     0     2   -52.0  -21.503  -43.723   6088.0    430.3
     1     1     7     8    23     7     0     1   -53.0  -21.783  -43.788   6162.8    425.3
     1     1     7     8    23     6     0     0   -54.0  -22.076  -43.882   6252.9    421.8
     1     1     7     8    23     5     0     1   -55.0  -22.382  -44.001   6373.4    424.8
     1     1     7     8    23     4     0     2   -56.0  -22.704  -44.146   6471.7    428.1
     1     1     7     8    23     3     0     3   -57.0  -23.045  -44.321   6547.9    430.4
     1     1     7     8    23     2     0     2   -58.0  -23.393  -44.536   6624.4    431.6
     1     1     7     8    23     1     0     1   -59.0  -23.735  -44.796   6728.6    434.2
     1     1     7     8    23     0     0     0   -60.0  -24.063  -45.103   6835.9    437.8
     1     1     7     8    22    23     0     1   -61.0  -24.365  -45.449   6881.7    433.3
     1     1     7     8    22    22     0     2   -62.0  -24.630  -45.838   6929.9    429.2
     1     1     7     8    22    21     0     3   -63.0  -24.866  -46.278   6993.1    425.7
     1     1     7     8    22    20     0     2   -64.0  -25.079  -46.746   7080.6    423.2
     1     1     7     8    22    19     0     1   -65.0  -25.276  -47.228   7138.1    417.8
     1     1     7     8    22    18     0     0   -66.0  -25.455  -47.734   7158.2    414.8
     1     1     7     8    22    17     0     1   -67.0  -25.637  -48.260   7115.3    412.2
     1     1     7     8    22    16     0     2   -68.0  -25.842  -48.812   7010.9    403.2
     1     1     7     8    22    15     0     3   -69.0  -26.054  -49.403   6922.6    395.6
     1     1     7     8    22    14     0     2   -70.0  -26.277  -50.043   6847.3    388.4
     1     1     7     8    22    13     0     1   -71.0  -26.503  -50.723   6814.4    388.4
     1     1     7     8    22    12     0     0   -72.0  -26.704  -51.427   6798.0    389.6
     1     1     7     8    22    11     0     1   -73.0  -26.873  -52.147   6850.7    395.7
     1     1     7     8    22    10     0     2   -74.0  -27.005  -52.886   6937.9    406.3
     1     1     7     8    22     9     0     3   -75.0  -27.086  -53.645   6884.8    410.2
     1     1     7     8    22     8     0     2   -76.0  -27.126  -54.384   6765.9    421.8
     1     1     7     8    22     7     0     1   -77.0  -27.141  -55.092   6656.2    433.7
     1     1     7     8    22     6     0     0   -78.0  -27.137  -55.788   6593.2    444.6
     1     1     7     8    22     5     0     1   -79.0  -27.104  -56.477   6553.3    449.1
     1     1     7     8    22     4     0     2   -80.0  -27.032  -57.153   6502.0    453.8
     1     1     7     8    22     3     0     3   -81.0  -26.928  -57.799   6421.2    458.2
     1     1     7     8    22     2     0     2   -82.0  -26.797  -58.418   6341.8    464.4
     1     1     7     8    22     1     0     1   -83.0  -26.658  -59.023   6288.3    468.1
     1     1     7     8    22     0     0     0   -84.0  -26.530  -59.617   6239.6    468.6
     1     1     7     8    21    23     0     1   -85.0  -26.420  -60.191   6196.8    468.1
     1     1     7     8    21    22     0     2   -86.0  -26.314  -60.738   6151.4    472.6
     1     1     7     8    21    21     0     3   -87.0  -26.218  -61.271   6077.2    475.7
     1     1     7     8    21    20     0     2   -88.0  -26.136  -61.798   5994.7    477.5
     1     1     7     8    21    19     0     1   -89.0  -26.071  -62.333   5962.3    479.6
     1     1     7     8    21    18     0     0   -90.0  -26.024  -62.884   5976.4    481.9
     1     1     7     8    21    17     0     1   -91.0  -25.999  -63.465   5965.8    474.6
     1     1     7     8    21    16     0     2   -92.0  -25.988  -64.084   5927.0    465.7
     1     1     7     8    21    15     0     3   -93.0  -25.995  -64.755   5826.2    450.7
     1     1     7     8    21    14     0     2   -94.0  -25.997  -65.539   5522.1    404.5
     1     1     7     8    21    13     0     1   -95.0  -25.983  -66.564   5148.4    337.1
     1     1     7     8    21    12     0     0   -96.0  -26.029  -67.802   5231.2    311.4
     1     1     7     8    21    11     0     1   -97.0  -26.012  -69.144   5585.2    320.6
     1     1     7     8    21    10     0     2   -98.0  -25.821  -70.235   6277.0    405.8
     1     1     7     8    21     9     0     3   -99.0  -25.547  -71.073   6465.5    448.5
     1     1     7     8    21     8     0     2  -100.0  -25.262  -71.818   6459.8    458.3
     1     1     7     8    21     7     0     1  -101.0  -24.975  -72.520   6435.5    458.3
     1     1     7     8    21     6     0     0  -102.0  -24.688  -73.203   6398.0    459.3
     1     1     7     8    21     5     0     1  -103.0  -24.412  -73.861   6377.7    463.3
     1     1     7     8    21     4     0     2  -104.0  -24.149  -74.498   6376.3    463.0
     1     1     7     8    21     3     0     3  -105.0  -23.897  -75.123   6399.4    461.5
     1     1     7     8    21     2     0     2  -106.0  -23.660  -75.738   6416.5    458.7
     1     1     7     8    21     1     0     1  -107.0  -23.445  -76.341   6435.6    457.9
     1     1     7     8    21     0     0     0  -108.0  -23.251  -76.932   6471.8    458.7
     1     1     7     8    20    23     0     1  -109.0  -23.083  -77.530   6501.6    455.4
     1     1     7     8    20    22     0     2  -110.0  -22.944  -78.149   6544.0    451.9
     1     1     7     8    20    21     0     3  -111.0  -22.833  -78.782   6620.0    449.4
     1     1     7     8    20    20     0     2  -112.0  -22.731  -79.417   6695.0    443.8
     1     1     7     8    20    19     0     1  -113.0  -22.622  -80.053   6768.5    438.0
     1     1     7     8    20    18     0     0  -114.0  -22.508  -80.692   6849.1    434.5
     1     1     7     8    20    17     0     1  -115.0  -22.390  -81.316   6902.2    431.3
     1     1     7     8    20    16     0     2  -116.0  -22.262  -81.914   6932.6    429.2
     1     1     7     8    20    15     0     3  -117.0  -22.120  -82.495   6951.1    428.3
     1     1     7     8    20    14     0     2  -118.0  -21.970  -83.051   6958.5    428.0
     1     1     7     8    20    13     0     1  -119.0  -21.815  -83.582   6962.7    427.5
     1     1     7     8    20    12     0     0  -120.0  -21.651  -84.093   6963.8    427.1
