     7     1
    GDAS     7     7    22     0     0
    GDAS     7     8     8     0     0
    GDAS     7     8    15     0     0
    GDAS     7     8    22     0     0
    GDAS     7     8    29     0     0
    GDAS     7     8     1     0     0
    GDAS     7     7    29     0     0
     1 BACKWARD OMEGA   
     7     8     1    12  -23.561  -46.740  4000.0
     1 PRESSURE
     1     1     7     8     1    12     0     0     0.0  -23.561  -46.740   4000.0    586.0
     1     1     7     8     1    11     0     1    -1.0  -23.654  -46.999   3999.0    584.6
     1     1     7     8     1    10     0     2    -2.0  -23.732  -47.270   4012.4    583.9
     1     1     7     8     1     9     0     3    -3.0  -23.799  -47.547   4032.5    581.7
     1     1     7     8     1     8     0     2    -4.0  -23.861  -47.830   4055.6    578.4
     1     1     7     8     1     7     0     1    -5.0  -23.926  -48.117   4076.7    574.5
     1     1     7     8     1     6     0     0    -6.0  -23.994  -48.407   4095.6    571.0
     1     1     7     8     1     5     0     1    -7.0  -24.073  -48.700   4118.1    569.5
     1     1     7     8     1     4     0     2    -8.0  -24.171  -49.001   4136.4    566.8
     1     1     7     8     1     3     0     3    -9.0  -24.288  -49.317   4144.5    564.5
     1     1     7     8     1     2     0     2   -10.0  -24.425  -49.656   4139.6    561.8
     1     1     7     8     1     1     0     1   -11.0  -24.583  -50.027   4131.8    557.4
     1     1     7     8     1     0     0     0   -12.0  -24.756  -50.438   4151.6    555.7
     1     1     7     7    31    23     0     1   -13.0  -24.939  -50.885   4194.2    550.8
     1     1     7     7    31    22     0     2   -14.0  -25.125  -51.356   4265.3    546.7
     1     1     7     7    31    21     0     3   -15.0  -25.309  -51.847   4363.5    540.6
     1     1     7     7    31    20     0     2   -16.0  -25.491  -52.354   4488.0    536.6
     1     1     7     7    31    19     0     1   -17.0  -25.673  -52.864   4612.9    536.3
     1     1     7     7    31    18     0     0   -18.0  -25.859  -53.375   4711.2    535.8
     1     1     7     7    31    17     0     1   -19.0  -26.054  -53.882   4785.0    537.1
     1     1     7     7    31    16     0     2   -20.0  -26.260  -54.382   4846.0    540.5
     1     1     7     7    31    15     0     3   -21.0  -26.473  -54.889   4893.8    543.7
     1     1     7     7    31    14     0     2   -22.0  -26.695  -55.404   4943.8    544.2
     1     1     7     7    31    13     0     1   -23.0  -26.919  -55.927   5029.9    543.5
     1     1     7     7    31    12     0     0   -24.0  -27.126  -56.464   5147.4    539.1
     1     1     7     7    31    11     0     1   -25.0  -27.316  -56.998   5279.4    530.0
     1     1     7     7    31    10     0     2   -26.0  -27.498  -57.513   5386.3    521.1
     1     1     7     7    31     9     0     3   -27.0  -27.679  -58.006   5467.9    514.3
     1     1     7     7    31     8     0     2   -28.0  -27.868  -58.482   5549.7    510.6
     1     1     7     7    31     7     0     1   -29.0  -28.063  -58.948   5645.2    504.9
     1     1     7     7    31     6     0     0   -30.0  -28.248  -59.406   5746.0    498.5
     1     1     7     7    31     5     0     1   -31.0  -28.443  -59.856   5847.2    492.8
     1     1     7     7    31     4     0     2   -32.0  -28.669  -60.287   5942.4    487.1
     1     1     7     7    31     3     0     3   -33.0  -28.914  -60.703   6033.9    478.7
     1     1     7     7    31     2     0     2   -34.0  -29.196  -61.125   6149.9    470.8
     1     1     7     7    31     1     0     1   -35.0  -29.526  -61.578   6311.2    462.4
     1     1     7     7    31     0     0     0   -36.0  -29.887  -62.060   6478.4    451.5
     1     1     7     7    30    23     0     1   -37.0  -30.267  -62.581   6619.6    439.4
     1     1     7     7    30    22     0     2   -38.0  -30.657  -63.148   6734.6    430.0
     1     1     7     7    30    21     0     3   -39.0  -31.043  -63.771   6746.8    410.8
     1     1     7     7    30    20     0     2   -40.0  -31.435  -64.450   6781.8    397.2
     1     1     7     7    30    19     0     1   -41.0  -31.834  -65.158   6839.0    386.4
     1     1     7     7    30    18     0     0   -42.0  -32.212  -65.864   6997.8    392.1
     1     1     7     7    30    17     0     1   -43.0  -32.597  -66.577   7053.3    384.0
     1     1     7     7    30    16     0     2   -44.0  -33.020  -67.322   7219.2    380.9
     1     1     7     7    30    15     0     3   -45.0  -33.468  -68.109   7442.9    366.2
     1     1     7     7    30    14     0     2   -46.0  -33.945  -69.011   7264.7    312.3
     1     1     7     7    30    13     0     1   -47.0  -34.396  -70.015   7004.5    277.7
     1     1     7     7    30    12     0     0   -48.0  -34.807  -71.044   7548.1    338.5
     1     1     7     7    30    11     0     1   -49.0  -35.211  -72.133   7900.3    371.8
     1     1     7     7    30    10     0     2   -50.0  -35.589  -73.265   7959.4    362.4
     1     1     7     7    30     9     0     3   -51.0  -35.959  -74.424   7965.2    367.5
     1     1     7     7    30     8     0     2   -52.0  -36.289  -75.693   7946.6    368.2
     1     1     7     7    30     7     0     1   -53.0  -36.589  -77.086   7989.4    363.7
     1     1     7     7    30     6     0     0   -54.0  -36.886  -78.552   8025.0    362.3
     1     1     7     7    30     5     0     1   -55.0  -37.115  -80.121   8097.2    358.8
     1     1     7     7    30     4     0     2   -56.0  -37.257  -81.820   8305.3    348.0
     1     1     7     7    30     3     0     3   -57.0  -37.381  -83.627   8669.7    329.2
     1     1     7     7    30     2     0     2   -58.0  -37.479  -85.517   9010.5    312.4
     1     1     7     7    30     1     0     1   -59.0  -37.492  -87.462   9208.3    303.2
     1     1     7     7    30     0     0     0   -60.0  -37.433  -89.444   9287.2    299.3
     1     1     7     7    29    23     0     1   -61.0  -37.284  -91.518   9245.1    301.3
     1     1     7     7    29    22     0     2   -62.0  -37.042  -93.597   9149.7    305.8
     1     1     7     7    29    21     0     3   -63.0  -36.714  -95.642   8996.0    312.9
     1     1     7     7    29    20     0     2   -64.0  -36.249  -97.628   8785.2    322.7
     1     1     7     7    29    19     0     1   -65.0  -35.628  -99.461   8501.3    336.6
     1     1     7     7    29    18     0     0   -66.0  -34.967 -101.126   8182.0    353.3
     1     1     7     7    29    17     0     1   -67.0  -34.263 -102.611   7945.4    366.7
     1     1     7     7    29    16     0     2   -68.0  -33.497 -103.945   7747.2    376.2
     1     1     7     7    29    15     0     3   -69.0  -32.733 -105.094   7495.9    391.3
     1     1     7     7    29    14     0     2   -70.0  -32.001 -106.154   7290.2    402.8
     1     1     7     7    29    13     0     1   -71.0  -31.264 -107.121   7061.3    414.7
     1     1     7     7    29    12     0     0   -72.0  -30.533 -107.891   6732.3    435.4
     1     1     7     7    29    11     0     1   -73.0  -29.879 -108.539   6300.7    461.2
     1     1     7     7    29    10     0     2   -74.0  -29.325 -109.118   5675.4    496.6
     1     1     7     7    29     9     0     3   -75.0  -28.895 -109.617   4849.6    554.4
     1     1     7     7    29     8     0     2   -76.0  -28.576 -109.969   4074.1    631.1
     1     1     7     7    29     7     0     1   -77.0  -28.334 -110.212   3506.8    674.2
     1     1     7     7    29     6     0     0   -78.0  -28.170 -110.378   3085.8    708.0
     1     1     7     7    29     5     0     1   -79.0  -28.059 -110.512   2751.1    734.3
     1     1     7     7    29     4     0     2   -80.0  -27.968 -110.655   2449.1    761.6
     1     1     7     7    29     3     0     3   -81.0  -27.906 -110.815   2183.8    787.2
     1     1     7     7    29     2     0     2   -82.0  -27.865 -110.978   1964.5    808.7
     1     1     7     7    29     1     0     1   -83.0  -27.832 -111.137   1791.2    825.6
     1     1     7     7    29     0     0     0   -84.0  -27.801 -111.303   1653.9    838.7
     1     1     7     7    28    23     0     1   -85.0  -27.765 -111.458   1543.7    849.6
     1     1     7     7    28    22     0     2   -86.0  -27.709 -111.583   1454.7    858.2
     1     1     7     7    28    21     0     3   -87.0  -27.629 -111.679   1381.9    865.1
     1     1     7     7    28    20     0     2   -88.0  -27.537 -111.759   1305.0    871.7
     1     1     7     7    28    19     0     1   -89.0  -27.453 -111.824   1207.2    882.8
     1     1     7     7    28    18     0     0   -90.0  -27.379 -111.872   1091.6    895.7
     1     1     7     7    28    17     0     1   -91.0  -27.311 -111.914    968.5    909.5
     1     1     7     7    28    16     0     2   -92.0  -27.246 -111.965    845.8    922.9
     1     1     7     7    28    15     0     3   -93.0  -27.184 -112.022    726.5    935.9
     1     1     7     7    28    14     0     2   -94.0  -27.122 -112.089    621.3    948.7
     1     1     7     7    28    13     0     1   -95.0  -27.056 -112.172    535.4    957.7
     1     1     7     7    28    12     0     0   -96.0  -26.986 -112.271    464.6    965.6
     1     1     7     7    28    11     0     1   -97.0  -26.911 -112.372    415.7    972.3
     1     1     7     7    28    10     0     2   -98.0  -26.824 -112.465    392.2    974.5
     1     1     7     7    28     9     0     3   -99.0  -26.722 -112.555    387.4    975.0
     1     1     7     7    28     8     0     2  -100.0  -26.607 -112.659    385.7    974.0
     1     1     7     7    28     7     0     1  -101.0  -26.485 -112.786    374.0    975.6
     1     1     7     7    28     6     0     0  -102.0  -26.355 -112.938    353.8    978.2
     1     1     7     7    28     5     0     1  -103.0  -26.212 -113.112    328.6    981.0
     1     1     7     7    28     4     0     2  -104.0  -26.046 -113.309    302.8    983.9
     1     1     7     7    28     3     0     3  -105.0  -25.866 -113.519    281.8    986.5
     1     1     7     7    28     2     0     2  -106.0  -25.657 -113.728    260.5    987.7
     1     1     7     7    28     1     0     1  -107.0  -25.392 -113.923    233.4    990.1
     1     1     7     7    28     0     0     0  -108.0  -25.060 -114.094    203.5    993.2
     1     1     7     7    27    23     0     1  -109.0  -24.697 -114.213    181.0    996.8
     1     1     7     7    27    22     0     2  -110.0  -24.356 -114.272    170.6    997.9
     1     1     7     7    27    21     0     3  -111.0  -24.047 -114.291    170.2    998.3
     1     1     7     7    27    20     0     2  -112.0  -23.775 -114.294    174.7    997.5
     1     1     7     7    27    19     0     1  -113.0  -23.536 -114.292    178.5    997.1
     1     1     7     7    27    18     0     0  -114.0  -23.323 -114.286    180.1    997.2
     1     1     7     7    27    17     0     1  -115.0  -23.122 -114.283    179.8    996.9
     1     1     7     7    27    16     0     2  -116.0  -22.921 -114.287    179.3    996.8
     1     1     7     7    27    15     0     3  -117.0  -22.717 -114.294    180.4    997.0
     1     1     7     7    27    14     0     2  -118.0  -22.508 -114.290    183.4    996.5
     1     1     7     7    27    13     0     1  -119.0  -22.292 -114.267    188.6    995.8
     1     1     7     7    27    12     0     0  -120.0  -22.077 -114.224    196.6    994.9
