     7     1
    GDAS     7     7    22     0     0
    GDAS     7     8     8     0     0
    GDAS     7     8    15     0     0
    GDAS     7     8    22     0     0
    GDAS     7     8    29     0     0
    GDAS     7     8     1     0     0
    GDAS     7     7    29     0     0
     1 BACKWARD OMEGA   
     7     8     3    12  -23.561  -46.740  4000.0
     1 PRESSURE
     1     1     7     8     3    12     0     0     0.0  -23.561  -46.740   4000.0    588.6
     1     1     7     8     3    11     0     1    -1.0  -23.562  -47.249   4003.0    586.5
     1     1     7     8     3    10     0     2    -2.0  -23.550  -47.776   4015.0    586.8
     1     1     7     8     3     9     0     3    -3.0  -23.527  -48.317   4011.6    583.8
     1     1     7     8     3     8     0     2    -4.0  -23.481  -48.872   4000.2    579.1
     1     1     7     8     3     7     0     1    -5.0  -23.401  -49.435   4022.1    580.4
     1     1     7     8     3     6     0     0    -6.0  -23.279  -49.994   4075.4    584.8
     1     1     7     8     3     5     0     1    -7.0  -23.120  -50.535   4138.1    584.5
     1     1     7     8     3     4     0     2    -8.0  -22.931  -51.042   4198.1    583.0
     1     1     7     8     3     3     0     3    -9.0  -22.720  -51.510   4240.4    583.8
     1     1     7     8     3     2     0     2   -10.0  -22.490  -51.935   4256.8    587.8
     1     1     7     8     3     1     0     1   -11.0  -22.246  -52.322   4250.6    590.8
     1     1     7     8     3     0     0     0   -12.0  -21.993  -52.686   4245.6    590.8
     1     1     7     8     2    23     0     1   -13.0  -21.725  -53.041   4248.0    589.4
     1     1     7     8     2    22     0     2   -14.0  -21.439  -53.397   4259.0    588.1
     1     1     7     8     2    21     0     3   -15.0  -21.134  -53.754   4273.4    583.1
     1     1     7     8     2    20     0     2   -16.0  -20.807  -54.104   4296.4    576.8
     1     1     7     8     2    19     0     1   -17.0  -20.465  -54.425   4334.6    574.7
     1     1     7     8     2    18     0     0   -18.0  -20.111  -54.718   4381.7    574.7
     1     1     7     8     2    17     0     1   -19.0  -19.756  -54.972   4434.5    575.0
     1     1     7     8     2    16     0     2   -20.0  -19.406  -55.182   4481.2    575.6
     1     1     7     8     2    15     0     3   -21.0  -19.066  -55.357   4519.5    576.8
     1     1     7     8     2    14     0     2   -22.0  -18.737  -55.503   4545.0    577.5
     1     1     7     8     2    13     0     1   -23.0  -18.419  -55.626   4559.6    578.5
     1     1     7     8     2    12     0     0   -24.0  -18.114  -55.735   4576.0    578.8
     1     1     7     8     2    11     0     1   -25.0  -17.821  -55.835   4592.2    577.0
     1     1     7     8     2    10     0     2   -26.0  -17.540  -55.924   4603.5    575.5
     1     1     7     8     2     9     0     3   -27.0  -17.271  -56.006   4610.9    574.0
     1     1     7     8     2     8     0     2   -28.0  -17.010  -56.078   4616.5    573.2
     1     1     7     8     2     7     0     1   -29.0  -16.749  -56.131   4619.0    572.2
     1     1     7     8     2     6     0     0   -30.0  -16.488  -56.161   4609.4    572.1
     1     1     7     8     2     5     0     1   -31.0  -16.226  -56.159   4598.6    573.1
     1     1     7     8     2     4     0     2   -32.0  -15.966  -56.115   4599.6    572.3
     1     1     7     8     2     3     0     3   -33.0  -15.702  -56.023   4606.8    570.0
     1     1     7     8     2     2     0     2   -34.0  -15.433  -55.887   4615.5    565.6
     1     1     7     8     2     1     0     1   -35.0  -15.161  -55.722   4631.0    559.5
     1     1     7     8     2     0     0     0   -36.0  -14.891  -55.531   4655.9    552.7
     1     1     7     8     1    23     0     1   -37.0  -14.620  -55.321   4680.2    547.0
     1     1     7     8     1    22     0     2   -38.0  -14.351  -55.107   4692.6    545.9
     1     1     7     8     1    21     0     3   -39.0  -14.089  -54.899   4699.8    546.9
     1     1     7     8     1    20     0     2   -40.0  -13.839  -54.685   4698.6    548.4
     1     1     7     8     1    19     0     1   -41.0  -13.606  -54.449   4690.5    550.8
     1     1     7     8     1    18     0     0   -42.0  -13.390  -54.199   4677.2    554.1
     1     1     7     8     1    17     0     1   -43.0  -13.189  -53.940   4669.9    558.3
     1     1     7     8     1    16     0     2   -44.0  -13.001  -53.676   4680.7    560.1
     1     1     7     8     1    15     0     3   -45.0  -12.831  -53.408   4710.4    558.6
     1     1     7     8     1    14     0     2   -46.0  -12.681  -53.133   4752.0    555.0
     1     1     7     8     1    13     0     1   -47.0  -12.547  -52.851   4789.6    552.2
     1     1     7     8     1    12     0     0   -48.0  -12.427  -52.570   4826.7    549.2
     1     1     7     8     1    11     0     1   -49.0  -12.312  -52.302   4876.3    545.0
     1     1     7     8     1    10     0     2   -50.0  -12.194  -52.051   4941.4    538.9
     1     1     7     8     1     9     0     3   -51.0  -12.068  -51.812   5013.6    533.6
     1     1     7     8     1     8     0     2   -52.0  -11.930  -51.564   5070.8    530.3
     1     1     7     8     1     7     0     1   -53.0  -11.779  -51.294   5104.5    530.0
     1     1     7     8     1     6     0     0   -54.0  -11.613  -51.008   5120.4    531.2
     1     1     7     8     1     5     0     1   -55.0  -11.447  -50.710   5125.7    532.7
     1     1     7     8     1     4     0     2   -56.0  -11.297  -50.403   5130.5    533.4
     1     1     7     8     1     3     0     3   -57.0  -11.162  -50.091   5132.4    534.0
     1     1     7     8     1     2     0     2   -58.0  -11.041  -49.778   5129.3    533.6
     1     1     7     8     1     1     0     1   -59.0  -10.934  -49.462   5130.7    532.5
     1     1     7     8     1     0     0     0   -60.0  -10.837  -49.142   5145.9    530.1
     1     1     7     7    31    23     0     1   -61.0  -10.750  -48.818   5176.3    526.0
     1     1     7     7    31    22     0     2   -62.0  -10.672  -48.489   5216.2    521.8
     1     1     7     7    31    21     0     3   -63.0  -10.604  -48.157   5257.4    518.1
     1     1     7     7    31    20     0     2   -64.0  -10.547  -47.820   5286.4    514.0
     1     1     7     7    31    19     0     1   -65.0  -10.505  -47.481   5304.9    509.5
     1     1     7     7    31    18     0     0   -66.0  -10.477  -47.139   5326.6    504.6
     1     1     7     7    31    17     0     1   -67.0  -10.464  -46.798   5360.3    499.5
     1     1     7     7    31    16     0     2   -68.0  -10.465  -46.459   5401.3    493.5
     1     1     7     7    31    15     0     3   -69.0  -10.475  -46.123   5435.9    488.1
     1     1     7     7    31    14     0     2   -70.0  -10.490  -45.799   5472.6    485.9
     1     1     7     7    31    13     0     1   -71.0  -10.507  -45.492   5512.2    485.6
     1     1     7     7    31    12     0     0   -72.0  -10.524  -45.196   5553.4    485.1
     1     1     7     7    31    11     0     1   -73.0  -10.549  -44.914   5596.4    483.5
     1     1     7     7    31    10     0     2   -74.0  -10.584  -44.651   5637.3    481.0
     1     1     7     7    31     9     0     3   -75.0  -10.632  -44.400   5675.2    478.7
     1     1     7     7    31     8     0     2   -76.0  -10.689  -44.159   5699.5    477.3
     1     1     7     7    31     7     0     1   -77.0  -10.752  -43.932   5705.5    477.7
     1     1     7     7    31     6     0     0   -78.0  -10.821  -43.721   5696.5    478.6
     1     1     7     7    31     5     0     1   -79.0  -10.889  -43.519   5681.6    480.5
     1     1     7     7    31     4     0     2   -80.0  -10.956  -43.314   5668.9    482.0
     1     1     7     7    31     3     0     3   -81.0  -11.025  -43.108   5658.6    483.1
     1     1     7     7    31     2     0     2   -82.0  -11.093  -42.907   5649.7    482.4
     1     1     7     7    31     1     0     1   -83.0  -11.157  -42.711   5646.3    480.0
     1     1     7     7    31     0     0     0   -84.0  -11.214  -42.521   5651.2    476.9
     1     1     7     7    30    23     0     1   -85.0  -11.268  -42.335   5659.4    473.2
     1     1     7     7    30    22     0     2   -86.0  -11.324  -42.153   5666.7    469.5
     1     1     7     7    30    21     0     3   -87.0  -11.383  -41.973   5673.7    466.0
     1     1     7     7    30    20     0     2   -88.0  -11.446  -41.794   5685.9    464.7
     1     1     7     7    30    19     0     1   -89.0  -11.516  -41.617   5692.9    464.2
     1     1     7     7    30    18     0     0   -90.0  -11.588  -41.443   5695.2    464.4
     1     1     7     7    30    17     0     1   -91.0  -11.664  -41.268   5699.0    465.5
     1     1     7     7    30    16     0     2   -92.0  -11.744  -41.087   5710.0    466.3
     1     1     7     7    30    15     0     3   -93.0  -11.826  -40.900   5729.0    467.7
     1     1     7     7    30    14     0     2   -94.0  -11.913  -40.714   5744.7    469.4
     1     1     7     7    30    13     0     1   -95.0  -12.008  -40.531   5745.0    472.5
     1     1     7     7    30    12     0     0   -96.0  -12.107  -40.351   5729.0    476.7
     1     1     7     7    30    11     0     1   -97.0  -12.214  -40.184   5717.1    481.2
     1     1     7     7    30    10     0     2   -98.0  -12.343  -40.041   5731.9    482.2
     1     1     7     7    30     9     0     3   -99.0  -12.500  -39.921   5774.7    480.6
     1     1     7     7    30     8     0     2  -100.0  -12.682  -39.826   5830.1    477.1
     1     1     7     7    30     7     0     1  -101.0  -12.877  -39.755   5881.1    475.2
     1     1     7     7    30     6     0     0  -102.0  -13.083  -39.710   5929.6    473.4
     1     1     7     7    30     5     0     1  -103.0  -13.299  -39.691   5974.2    472.6
     1     1     7     7    30     4     0     2  -104.0  -13.527  -39.695   6014.0    471.9
     1     1     7     7    30     3     0     3  -105.0  -13.773  -39.724   6053.3    470.8
     1     1     7     7    30     2     0     2  -106.0  -14.040  -39.784   6101.7    468.5
     1     1     7     7    30     1     0     1  -107.0  -14.331  -39.882   6153.9    462.3
     1     1     7     7    30     0     0     0  -108.0  -14.648  -40.025   6208.5    455.0
     1     1     7     7    29    23     0     1  -109.0  -14.978  -40.211   6250.8    446.8
     1     1     7     7    29    22     0     2  -110.0  -15.310  -40.436   6290.3    442.0
     1     1     7     7    29    21     0     3  -111.0  -15.648  -40.698   6330.5    436.6
     1     1     7     7    29    20     0     2  -112.0  -15.992  -40.998   6378.3    431.0
     1     1     7     7    29    19     0     1  -113.0  -16.338  -41.349   6435.1    425.7
     1     1     7     7    29    18     0     0  -114.0  -16.692  -41.758   6481.2    423.9
     1     1     7     7    29    17     0     1  -115.0  -17.060  -42.220   6473.4    424.4
     1     1     7     7    29    16     0     2  -116.0  -17.448  -42.742   6369.2    423.0
     1     1     7     7    29    15     0     3  -117.0  -17.857  -43.346   6277.4    422.4
     1     1     7     7    29    14     0     2  -118.0  -18.277  -44.020   6309.8    423.5
     1     1     7     7    29    13     0     1  -119.0  -18.693  -44.749   6475.3    422.8
     1     1     7     7    29    12     0     0  -120.0  -19.094  -45.540   6644.0    409.2
