     7     1
    GDAS     7     7    22     0     0
    GDAS     7     8     8     0     0
    GDAS     7     8    15     0     0
    GDAS     7     8    22     0     0
    GDAS     7     8    29     0     0
    GDAS     7     8     1     0     0
    GDAS     7     7    29     0     0
     1 BACKWARD OMEGA   
     7     8     3     6  -23.561  -46.740  4000.0
     1 PRESSURE
     1     1     7     8     3     6     0     0     0.0  -23.561  -46.740   4000.0    587.6
     1     1     7     8     3     5     0     1    -1.0  -23.545  -47.260   3994.4    587.4
     1     1     7     8     3     4     0     2    -2.0  -23.484  -47.764   4020.1    587.9
     1     1     7     8     3     3     0     3    -3.0  -23.382  -48.253   4059.5    584.3
     1     1     7     8     3     2     0     2    -4.0  -23.249  -48.745   4111.7    574.4
     1     1     7     8     3     1     0     1    -5.0  -23.086  -49.238   4193.4    567.1
     1     1     7     8     3     0     0     0    -6.0  -22.890  -49.702   4278.9    568.9
     1     1     7     8     2    23     0     1    -7.0  -22.683  -50.131   4323.8    571.6
     1     1     7     8     2    22     0     2    -8.0  -22.469  -50.545   4342.0    571.7
     1     1     7     8     2    21     0     3    -9.0  -22.231  -50.949   4360.5    571.0
     1     1     7     8     2    20     0     2   -10.0  -21.972  -51.332   4382.5    573.2
     1     1     7     8     2    19     0     1   -11.0  -21.701  -51.681   4380.8    577.9
     1     1     7     8     2    18     0     0   -12.0  -21.415  -51.993   4351.2    582.2
     1     1     7     8     2    17     0     1   -13.0  -21.119  -52.270   4316.2    585.3
     1     1     7     8     2    16     0     2   -14.0  -20.824  -52.508   4298.4    586.4
     1     1     7     8     2    15     0     3   -15.0  -20.529  -52.708   4294.5    586.4
     1     1     7     8     2    14     0     2   -16.0  -20.230  -52.878   4295.3    585.4
     1     1     7     8     2    13     0     1   -17.0  -19.919  -53.021   4283.2    583.9
     1     1     7     8     2    12     0     0   -18.0  -19.600  -53.134   4249.0    580.1
     1     1     7     8     2    11     0     1   -19.0  -19.284  -53.228   4223.4    577.7
     1     1     7     8     2    10     0     2   -20.0  -18.980  -53.319   4216.4    574.4
     1     1     7     8     2     9     0     3   -21.0  -18.690  -53.404   4223.0    572.9
     1     1     7     8     2     8     0     2   -22.0  -18.409  -53.475   4220.4    572.4
     1     1     7     8     2     7     0     1   -23.0  -18.129  -53.516   4202.0    573.9
     1     1     7     8     2     6     0     0   -24.0  -17.848  -53.523   4170.7    575.7
     1     1     7     8     2     5     0     1   -25.0  -17.569  -53.494   4135.4    578.1
     1     1     7     8     2     4     0     2   -26.0  -17.296  -53.426   4107.1    579.7
     1     1     7     8     2     3     0     3   -27.0  -17.033  -53.319   4089.4    581.3
     1     1     7     8     2     2     0     2   -28.0  -16.785  -53.189   4095.6    583.2
     1     1     7     8     2     1     0     1   -29.0  -16.551  -53.051   4129.7    582.4
     1     1     7     8     2     0     0     0   -30.0  -16.329  -52.904   4187.5    579.9
     1     1     7     8     1    23     0     1   -31.0  -16.117  -52.748   4241.9    576.6
     1     1     7     8     1    22     0     2   -32.0  -15.909  -52.581   4264.2    577.6
     1     1     7     8     1    21     0     3   -33.0  -15.703  -52.406   4256.9    579.5
     1     1     7     8     1    20     0     2   -34.0  -15.501  -52.223   4240.0    583.5
     1     1     7     8     1    19     0     1   -35.0  -15.304  -52.033   4226.4    586.5
     1     1     7     8     1    18     0     0   -36.0  -15.114  -51.834   4212.3    588.6
     1     1     7     8     1    17     0     1   -37.0  -14.928  -51.627   4197.4    590.8
     1     1     7     8     1    16     0     2   -38.0  -14.752  -51.418   4181.2    593.6
     1     1     7     8     1    15     0     3   -39.0  -14.590  -51.205   4165.9    597.0
     1     1     7     8     1    14     0     2   -40.0  -14.440  -50.992   4155.3    600.3
     1     1     7     8     1    13     0     1   -41.0  -14.297  -50.775   4141.7    598.4
     1     1     7     8     1    12     0     0   -42.0  -14.163  -50.546   4137.0    595.8
     1     1     7     8     1    11     0     1   -43.0  -14.041  -50.311   4146.5    592.8
     1     1     7     8     1    10     0     2   -44.0  -13.929  -50.079   4175.9    587.6
     1     1     7     8     1     9     0     3   -45.0  -13.830  -49.850   4224.3    581.7
     1     1     7     8     1     8     0     2   -46.0  -13.744  -49.617   4274.9    575.8
     1     1     7     8     1     7     0     1   -47.0  -13.672  -49.378   4315.3    571.4
     1     1     7     8     1     6     0     0   -48.0  -13.616  -49.137   4347.9    567.5
     1     1     7     8     1     5     0     1   -49.0  -13.577  -48.901   4383.9    565.0
     1     1     7     8     1     4     0     2   -50.0  -13.559  -48.673   4432.9    562.3
     1     1     7     8     1     3     0     3   -51.0  -13.559  -48.455   4491.5    558.7
     1     1     7     8     1     2     0     2   -52.0  -13.576  -48.249   4553.7    554.0
     1     1     7     8     1     1     0     1   -53.0  -13.606  -48.056   4617.1    549.3
     1     1     7     8     1     0     0     0   -54.0  -13.651  -47.878   4683.0    543.1
     1     1     7     7    31    23     0     1   -55.0  -13.695  -47.708   4743.9    536.0
     1     1     7     7    31    22     0     2   -56.0  -13.725  -47.537   4787.8    531.1
     1     1     7     7    31    21     0     3   -57.0  -13.743  -47.365   4812.3    527.8
     1     1     7     7    31    20     0     2   -58.0  -13.762  -47.192   4818.3    526.4
     1     1     7     7    31    19     0     1   -59.0  -13.793  -47.021   4808.1    525.9
     1     1     7     7    31    18     0     0   -60.0  -13.834  -46.853   4782.4    526.6
     1     1     7     7    31    17     0     1   -61.0  -13.878  -46.690   4749.6    528.9
     1     1     7     7    31    16     0     2   -62.0  -13.923  -46.536   4720.2    530.6
     1     1     7     7    31    15     0     3   -63.0  -13.968  -46.393   4695.6    532.2
     1     1     7     7    31    14     0     2   -64.0  -14.021  -46.260   4677.8    533.3
     1     1     7     7    31    13     0     1   -65.0  -14.088  -46.139   4667.3    533.6
     1     1     7     7    31    12     0     0   -66.0  -14.170  -46.032   4664.1    533.3
     1     1     7     7    31    11     0     1   -67.0  -14.253  -45.939   4672.7    532.1
     1     1     7     7    31    10     0     2   -68.0  -14.320  -45.862   4698.5    529.4
     1     1     7     7    31     9     0     3   -69.0  -14.372  -45.800   4742.1    525.7
     1     1     7     7    31     8     0     2   -70.0  -14.418  -45.750   4786.6    521.4
     1     1     7     7    31     7     0     1   -71.0  -14.464  -45.704   4814.4    519.3
     1     1     7     7    31     6     0     0   -72.0  -14.509  -45.660   4825.2    518.3
     1     1     7     7    31     5     0     1   -73.0  -14.561  -45.618   4835.2    518.8
     1     1     7     7    31     4     0     2   -74.0  -14.627  -45.580   4860.8    517.2
     1     1     7     7    31     3     0     3   -75.0  -14.708  -45.548   4902.4    514.5
     1     1     7     7    31     2     0     2   -76.0  -14.794  -45.524   4961.2    510.6
     1     1     7     7    31     1     0     1   -77.0  -14.878  -45.513   5037.6    505.5
     1     1     7     7    31     0     0     0   -78.0  -14.961  -45.517   5131.0    499.3
     1     1     7     7    30    23     0     1   -79.0  -15.045  -45.537   5227.3    492.3
     1     1     7     7    30    22     0     2   -80.0  -15.131  -45.571   5310.4    487.8
     1     1     7     7    30    21     0     3   -81.0  -15.221  -45.618   5377.6    484.2
     1     1     7     7    30    20     0     2   -82.0  -15.319  -45.677   5430.8    482.2
     1     1     7     7    30    19     0     1   -83.0  -15.429  -45.749   5471.9    480.8
     1     1     7     7    30    18     0     0   -84.0  -15.551  -45.834   5499.0    480.3
     1     1     7     7    30    17     0     1   -85.0  -15.687  -45.935   5520.7    481.0
     1     1     7     7    30    16     0     2   -86.0  -15.835  -46.057   5546.9    480.4
     1     1     7     7    30    15     0     3   -87.0  -15.996  -46.200   5579.9    477.9
     1     1     7     7    30    14     0     2   -88.0  -16.165  -46.363   5614.1    473.2
     1     1     7     7    30    13     0     1   -89.0  -16.336  -46.543   5643.1    469.4
     1     1     7     7    30    12     0     0   -90.0  -16.513  -46.741   5662.5    466.5
     1     1     7     7    30    11     0     1   -91.0  -16.686  -46.953   5675.3    464.6
     1     1     7     7    30    10     0     2   -92.0  -16.843  -47.179   5687.7    462.4
     1     1     7     7    30     9     0     3   -93.0  -16.983  -47.418   5701.2    459.7
     1     1     7     7    30     8     0     2   -94.0  -17.115  -47.661   5702.9    456.7
     1     1     7     7    30     7     0     1   -95.0  -17.245  -47.900   5674.1    456.9
     1     1     7     7    30     6     0     0   -96.0  -17.373  -48.136   5616.0    461.8
     1     1     7     7    30     5     0     1   -97.0  -17.503  -48.369   5559.2    470.6
     1     1     7     7    30     4     0     2   -98.0  -17.639  -48.602   5533.4    475.5
     1     1     7     7    30     3     0     3   -99.0  -17.779  -48.838   5542.6    478.2
     1     1     7     7    30     2     0     2  -100.0  -17.930  -49.081   5572.6    478.1
     1     1     7     7    30     1     0     1  -101.0  -18.097  -49.333   5597.9    477.6
     1     1     7     7    30     0     0     0  -102.0  -18.272  -49.594   5611.3    477.6
     1     1     7     7    29    23     0     1  -103.0  -18.451  -49.858   5623.3    479.0
     1     1     7     7    29    22     0     2  -104.0  -18.633  -50.126   5646.0    478.8
     1     1     7     7    29    21     0     3  -105.0  -18.819  -50.397   5686.2    477.5
     1     1     7     7    29    20     0     2  -106.0  -19.012  -50.683   5742.9    475.9
     1     1     7     7    29    19     0     1  -107.0  -19.212  -50.992   5803.3    474.7
     1     1     7     7    29    18     0     0  -108.0  -19.411  -51.322   5850.1    471.2
     1     1     7     7    29    17     0     1  -109.0  -19.599  -51.666   5900.7    468.8
     1     1     7     7    29    16     0     2  -110.0  -19.772  -52.023   5967.5    465.7
     1     1     7     7    29    15     0     3  -111.0  -19.932  -52.396   6060.3    463.4
     1     1     7     7    29    14     0     2  -112.0  -20.085  -52.785   6156.5    459.5
     1     1     7     7    29    13     0     1  -113.0  -20.240  -53.196   6236.6    453.7
     1     1     7     7    29    12     0     0  -114.0  -20.397  -53.637   6306.7    445.6
     1     1     7     7    29    11     0     1  -115.0  -20.556  -54.109   6377.5    438.4
     1     1     7     7    29    10     0     2  -116.0  -20.716  -54.612   6442.7    436.8
     1     1     7     7    29     9     0     3  -117.0  -20.863  -55.140   6471.0    437.0
     1     1     7     7    29     8     0     2  -118.0  -20.997  -55.689   6484.1    439.7
     1     1     7     7    29     7     0     1  -119.0  -21.120  -56.257   6492.2    440.7
     1     1     7     7    29     6     0     0  -120.0  -21.223  -56.838   6507.2    441.1
