     7     1
    GDAS     7     7    22     0     0
    GDAS     7     8     8     0     0
    GDAS     7     8    15     0     0
    GDAS     7     8    22     0     0
    GDAS     7     8    29     0     0
    GDAS     7     8     1     0     0
    GDAS     7     7    29     0     0
     1 BACKWARD OMEGA   
     7     8    30     0  -23.561  -46.740  4000.0
     1 PRESSURE
     1     1     7     8    30     0     0     0     0.0  -23.561  -46.740   4000.0    588.6
     1     1     7     8    29    23     0     1    -1.0  -23.468  -47.217   3919.3    591.6
     1     1     7     8    29    22     0     2    -2.0  -23.352  -47.662   3857.2    599.3
     1     1     7     8    29    21     0     3    -3.0  -23.209  -48.082   3811.5    605.5
     1     1     7     8    29    20     0     2    -4.0  -23.052  -48.503   3751.4    603.0
     1     1     7     8    29    19     0     1    -5.0  -22.888  -48.939   3682.2    602.2
     1     1     7     8    29    18     0     0    -6.0  -22.696  -49.368   3641.6    613.8
     1     1     7     8    29    17     0     1    -7.0  -22.480  -49.775   3601.7    623.7
     1     1     7     8    29    16     0     2    -8.0  -22.256  -50.163   3555.7    631.1
     1     1     7     8    29    15     0     3    -9.0  -22.026  -50.530   3515.9    634.9
     1     1     7     8    29    14     0     2   -10.0  -21.798  -50.877   3480.5    638.8
     1     1     7     8    29    13     0     1   -11.0  -21.579  -51.207   3441.6    646.5
     1     1     7     8    29    12     0     0   -12.0  -21.371  -51.522   3401.8    653.5
     1     1     7     8    29    11     0     1   -13.0  -21.168  -51.818   3374.8    657.3
     1     1     7     8    29    10     0     2   -14.0  -20.972  -52.097   3369.6    656.9
     1     1     7     8    29     9     0     3   -15.0  -20.785  -52.370   3376.9    654.9
     1     1     7     8    29     8     0     2   -16.0  -20.600  -52.647   3381.5    654.4
     1     1     7     8    29     7     0     1   -17.0  -20.416  -52.932   3380.5    655.1
     1     1     7     8    29     6     0     0   -18.0  -20.235  -53.228   3367.9    652.7
     1     1     7     8    29     5     0     1   -19.0  -20.049  -53.534   3350.5    649.4
     1     1     7     8    29     4     0     2   -20.0  -19.849  -53.853   3342.2    645.7
     1     1     7     8    29     3     0     3   -21.0  -19.632  -54.193   3366.1    646.1
     1     1     7     8    29     2     0     2   -22.0  -19.393  -54.536   3402.8    647.3
     1     1     7     8    29     1     0     1   -23.0  -19.135  -54.869   3417.5    651.0
     1     1     7     8    29     0     0     0   -24.0  -18.867  -55.186   3395.5    658.3
     1     1     7     8    28    23     0     1   -25.0  -18.595  -55.469   3355.3    668.6
     1     1     7     8    28    22     0     2   -26.0  -18.323  -55.716   3329.6    674.1
     1     1     7     8    28    21     0     3   -27.0  -18.053  -55.946   3324.6    676.4
     1     1     7     8    28    20     0     2   -28.0  -17.782  -56.165   3320.9    674.9
     1     1     7     8    28    19     0     1   -29.0  -17.505  -56.369   3305.8    676.2
     1     1     7     8    28    18     0     0   -30.0  -17.224  -56.558   3282.6    679.0
     1     1     7     8    28    17     0     1   -31.0  -16.942  -56.725   3254.4    682.6
     1     1     7     8    28    16     0     2   -32.0  -16.666  -56.866   3223.7    684.2
     1     1     7     8    28    15     0     3   -33.0  -16.397  -56.987   3194.3    684.7
     1     1     7     8    28    14     0     2   -34.0  -16.144  -57.092   3172.3    684.3
     1     1     7     8    28    13     0     1   -35.0  -15.912  -57.190   3166.5    682.8
     1     1     7     8    28    12     0     0   -36.0  -15.698  -57.282   3172.1    681.2
     1     1     7     8    28    11     0     1   -37.0  -15.492  -57.370   3183.0    678.6
     1     1     7     8    28    10     0     2   -38.0  -15.292  -57.455   3197.2    675.6
     1     1     7     8    28     9     0     3   -39.0  -15.100  -57.541   3214.4    672.0
     1     1     7     8    28     8     0     2   -40.0  -14.926  -57.630   3232.0    667.5
     1     1     7     8    28     7     0     1   -41.0  -14.775  -57.723   3248.8    661.8
     1     1     7     8    28     6     0     0   -42.0  -14.645  -57.820   3266.4    656.4
     1     1     7     8    28     5     0     1   -43.0  -14.527  -57.919   3279.8    651.4
     1     1     7     8    28     4     0     2   -44.0  -14.413  -58.013   3284.1    647.7
     1     1     7     8    28     3     0     3   -45.0  -14.298  -58.100   3282.8    645.5
     1     1     7     8    28     2     0     2   -46.0  -14.180  -58.196   3276.1    643.2
     1     1     7     8    28     1     0     1   -47.0  -14.057  -58.325   3269.4    641.5
     1     1     7     8    28     0     0     0   -48.0  -13.929  -58.490   3276.1    641.5
     1     1     7     8    27    23     0     1   -49.0  -13.781  -58.668   3309.8    641.6
     1     1     7     8    27    22     0     2   -50.0  -13.607  -58.832   3364.3    638.7
     1     1     7     8    27    21     0     3   -51.0  -13.411  -58.972   3420.3    635.7
     1     1     7     8    27    20     0     2   -52.0  -13.211  -59.090   3459.0    635.0
     1     1     7     8    27    19     0     1   -53.0  -13.024  -59.196   3474.1    636.3
     1     1     7     8    27    18     0     0   -54.0  -12.853  -59.289   3474.4    637.8
     1     1     7     8    27    17     0     1   -55.0  -12.696  -59.367   3472.5    639.3
     1     1     7     8    27    16     0     2   -56.0  -12.552  -59.428   3475.5    640.1
     1     1     7     8    27    15     0     3   -57.0  -12.419  -59.474   3487.1    640.2
     1     1     7     8    27    14     0     2   -58.0  -12.294  -59.511   3501.1    638.9
     1     1     7     8    27    13     0     1   -59.0  -12.168  -59.543   3511.0    638.6
     1     1     7     8    27    12     0     0   -60.0  -12.042  -59.564   3518.0    638.6
     1     1     7     8    27    11     0     1   -61.0  -11.921  -59.560   3508.8    639.0
     1     1     7     8    27    10     0     2   -62.0  -11.817  -59.511   3463.4    643.5
     1     1     7     8    27     9     0     3   -63.0  -11.732  -59.415   3375.9    651.3
     1     1     7     8    27     8     0     2   -64.0  -11.677  -59.286   3271.2    663.2
     1     1     7     8    27     7     0     1   -65.0  -11.661  -59.151   3183.7    671.3
     1     1     7     8    27     6     0     0   -66.0  -11.687  -59.012   3121.3    676.9
     1     1     7     8    27     5     0     1   -67.0  -11.729  -58.876   3084.2    679.7
     1     1     7     8    27     4     0     2   -68.0  -11.764  -58.753   3070.0    681.3
     1     1     7     8    27     3     0     3   -69.0  -11.800  -58.646   3078.8    680.8
     1     1     7     8    27     2     0     2   -70.0  -11.831  -58.556   3106.5    678.1
     1     1     7     8    27     1     0     1   -71.0  -11.855  -58.480   3150.4    674.4
     1     1     7     8    27     0     0     0   -72.0  -11.871  -58.424   3210.3    669.3
     1     1     7     8    26    23     0     1   -73.0  -11.878  -58.386   3276.2    662.9
     1     1     7     8    26    22     0     2   -74.0  -11.876  -58.365   3337.8    657.5
     1     1     7     8    26    21     0     3   -75.0  -11.864  -58.359   3393.7    652.7
     1     1     7     8    26    20     0     2   -76.0  -11.847  -58.364   3431.6    649.1
     1     1     7     8    26    19     0     1   -77.0  -11.827  -58.369   3441.1    648.8
     1     1     7     8    26    18     0     0   -78.0  -11.803  -58.370   3423.5    650.7
     1     1     7     8    26    17     0     1   -79.0  -11.776  -58.371   3387.2    654.7
     1     1     7     8    26    16     0     2   -80.0  -11.746  -58.376   3339.8    659.0
     1     1     7     8    26    15     0     3   -81.0  -11.712  -58.382   3280.1    664.4
     1     1     7     8    26    14     0     2   -82.0  -11.670  -58.391   3211.3    670.6
     1     1     7     8    26    13     0     1   -83.0  -11.622  -58.404   3137.5    677.0
     1     1     7     8    26    12     0     0   -84.0  -11.564  -58.416   3059.8    683.8
     1     1     7     8    26    11     0     1   -85.0  -11.477  -58.393   2980.4    690.6
     1     1     7     8    26    10     0     2   -86.0  -11.345  -58.303   2899.8    697.9
     1     1     7     8    26     9     0     3   -87.0  -11.173  -58.141   2813.0    705.5
     1     1     7     8    26     8     0     2   -88.0  -10.979  -57.917   2736.7    714.3
     1     1     7     8    26     7     0     1   -89.0  -10.786  -57.665   2691.1    717.1
     1     1     7     8    26     6     0     0   -90.0  -10.599  -57.402   2668.9    717.3
     1     1     7     8    26     5     0     1   -91.0  -10.428  -57.137   2655.1    717.5
     1     1     7     8    26     4     0     2   -92.0  -10.281  -56.877   2643.1    718.9
     1     1     7     8    26     3     0     3   -93.0  -10.153  -56.625   2632.1    721.2
     1     1     7     8    26     2     0     2   -94.0  -10.046  -56.396   2620.6    723.1
     1     1     7     8    26     1     0     1   -95.0   -9.956  -56.195   2606.6    724.7
     1     1     7     8    26     0     0     0   -96.0   -9.878  -56.019   2585.7    726.3
     1     1     7     8    25    23     0     1   -97.0   -9.804  -55.855   2566.6    727.4
     1     1     7     8    25    22     0     2   -98.0   -9.729  -55.695   2561.5    725.7
     1     1     7     8    25    21     0     3   -99.0   -9.654  -55.536   2569.0    722.7
     1     1     7     8    25    20     0     2  -100.0   -9.582  -55.381   2582.6    719.2
     1     1     7     8    25    19     0     1  -101.0   -9.519  -55.236   2596.5    716.0
     1     1     7     8    25    18     0     0  -102.0   -9.464  -55.101   2609.7    712.9
     1     1     7     8    25    17     0     1  -103.0   -9.422  -54.975   2629.6    710.6
     1     1     7     8    25    16     0     2  -104.0   -9.397  -54.862   2664.8    707.9
     1     1     7     8    25    15     0     3  -105.0   -9.387  -54.765   2711.9    704.1
     1     1     7     8    25    14     0     2  -106.0   -9.382  -54.682   2759.4    699.3
     1     1     7     8    25    13     0     1  -107.0   -9.377  -54.607   2797.7    696.2
     1     1     7     8    25    12     0     0  -108.0   -9.371  -54.540   2827.5    693.7
     1     1     7     8    25    11     0     1  -109.0   -9.350  -54.479   2846.9    691.7
     1     1     7     8    25    10     0     2  -110.0   -9.299  -54.422   2854.4    690.8
     1     1     7     8    25     9     0     3  -111.0   -9.221  -54.366   2850.2    691.0
     1     1     7     8    25     8     0     2  -112.0   -9.123  -54.306   2840.5    692.8
     1     1     7     8    25     7     0     1  -113.0   -9.013  -54.237   2832.8    694.4
     1     1     7     8    25     6     0     0  -114.0   -8.887  -54.157   2828.1    695.9
     1     1     7     8    25     5     0     1  -115.0   -8.760  -54.056   2823.6    697.4
     1     1     7     8    25     4     0     2  -116.0   -8.642  -53.931   2811.8    699.2
     1     1     7     8    25     3     0     3  -117.0   -8.534  -53.784   2787.3    701.8
     1     1     7     8    25     2     0     2  -118.0   -8.438  -53.625   2752.1    705.2
     1     1     7     8    25     1     0     1  -119.0   -8.360  -53.460   2709.4    709.0
     1     1     7     8    25     0     0     0  -120.0   -8.301  -53.284   2658.4    713.6
