     7     1
    GDAS     7     7    22     0     0
    GDAS     7     8     8     0     0
    GDAS     7     8    15     0     0
    GDAS     7     8    22     0     0
    GDAS     7     8    29     0     0
    GDAS     7     8     1     0     0
    GDAS     7     7    29     0     0
     1 BACKWARD OMEGA   
     7     8    18    18  -23.561  -46.740  4000.0
     1 PRESSURE
     1     1     7     8    18    18     0     0     0.0  -23.561  -46.740   4000.0    585.7
     1     1     7     8    18    17     0     1    -1.0  -23.292  -46.814   4011.8    578.9
     1     1     7     8    18    16     0     2    -2.0  -23.041  -46.859   4023.9    573.8
     1     1     7     8    18    15     0     3    -3.0  -22.809  -46.875   4030.1    571.4
     1     1     7     8    18    14     0     2    -4.0  -22.586  -46.863   4032.7    570.1
     1     1     7     8    18    13     0     1    -5.0  -22.368  -46.828   4044.1    567.1
     1     1     7     8    18    12     0     0    -6.0  -22.158  -46.769   4066.7    563.1
     1     1     7     8    18    11     0     1    -7.0  -21.963  -46.688   4085.4    558.6
     1     1     7     8    18    10     0     2    -8.0  -21.789  -46.595   4085.1    558.4
     1     1     7     8    18     9     0     3    -9.0  -21.642  -46.500   4062.1    559.7
     1     1     7     8    18     8     0     2   -10.0  -21.513  -46.398   4026.5    563.0
     1     1     7     8    18     7     0     1   -11.0  -21.388  -46.284   3991.3    565.8
     1     1     7     8    18     6     0     0   -12.0  -21.268  -46.154   3962.8    568.1
     1     1     7     8    18     5     0     1   -13.0  -21.148  -45.997   3952.2    569.8
     1     1     7     8    18     4     0     2   -14.0  -21.026  -45.804   3969.8    569.6
     1     1     7     8    18     3     0     3   -15.0  -20.898  -45.580   4010.6    566.6
     1     1     7     8    18     2     0     2   -16.0  -20.771  -45.336   4061.5    562.8
     1     1     7     8    18     1     0     1   -17.0  -20.656  -45.075   4108.2    560.7
     1     1     7     8    18     0     0     0   -18.0  -20.557  -44.798   4138.1    557.8
     1     1     7     8    17    23     0     1   -19.0  -20.470  -44.523   4154.0    554.3
     1     1     7     8    17    22     0     2   -20.0  -20.396  -44.258   4162.9    550.6
     1     1     7     8    17    21     0     3   -21.0  -20.347  -43.990   4168.1    547.1
     1     1     7     8    17    20     0     2   -22.0  -20.323  -43.715   4192.6    551.7
     1     1     7     8    17    19     0     1   -23.0  -20.321  -43.435   4212.4    557.0
     1     1     7     8    17    18     0     0   -24.0  -20.340  -43.151   4227.8    562.6
     1     1     7     8    17    17     0     1   -25.0  -20.379  -42.854   4235.1    566.5
     1     1     7     8    17    16     0     2   -26.0  -20.441  -42.544   4235.6    568.3
     1     1     7     8    17    15     0     3   -27.0  -20.527  -42.225   4236.9    570.8
     1     1     7     8    17    14     0     2   -28.0  -20.637  -41.914   4249.8    574.6
     1     1     7     8    17    13     0     1   -29.0  -20.768  -41.624   4290.1    580.8
     1     1     7     8    17    12     0     0   -30.0  -20.917  -41.351   4354.2    587.6
     1     1     7     8    17    11     0     1   -31.0  -21.073  -41.091   4433.8    592.9
     1     1     7     8    17    10     0     2   -32.0  -21.230  -40.845   4507.8    592.0
     1     1     7     8    17     9     0     3   -33.0  -21.395  -40.618   4581.7    587.8
     1     1     7     8    17     8     0     2   -34.0  -21.573  -40.408   4655.2    583.0
     1     1     7     8    17     7     0     1   -35.0  -21.767  -40.207   4723.7    578.4
     1     1     7     8    17     6     0     0   -36.0  -21.977  -40.013   4790.4    573.0
     1     1     7     8    17     5     0     1   -37.0  -22.197  -39.829   4864.2    568.6
     1     1     7     8    17     4     0     2   -38.0  -22.414  -39.662   4943.4    563.6
     1     1     7     8    17     3     0     3   -39.0  -22.624  -39.516   5029.6    558.1
     1     1     7     8    17     2     0     2   -40.0  -22.832  -39.393   5110.9    551.3
     1     1     7     8    17     1     0     1   -41.0  -23.038  -39.288   5175.0    546.9
     1     1     7     8    17     0     0     0   -42.0  -23.239  -39.200   5226.7    543.5
     1     1     7     8    16    23     0     1   -43.0  -23.430  -39.130   5263.2    540.8
     1     1     7     8    16    22     0     2   -44.0  -23.606  -39.074   5276.7    539.8
     1     1     7     8    16    21     0     3   -45.0  -23.768  -39.024   5260.3    540.8
     1     1     7     8    16    20     0     2   -46.0  -23.922  -38.972   5243.2    544.5
     1     1     7     8    16    19     0     1   -47.0  -24.080  -38.919   5259.0    543.8
     1     1     7     8    16    18     0     0   -48.0  -24.245  -38.866   5310.9    540.4
     1     1     7     8    16    17     0     1   -49.0  -24.412  -38.815   5373.1    534.4
     1     1     7     8    16    16     0     2   -50.0  -24.575  -38.757   5416.3    531.6
     1     1     7     8    16    15     0     3   -51.0  -24.737  -38.690   5440.0    530.2
     1     1     7     8    16    14     0     2   -52.0  -24.901  -38.624   5455.3    529.9
     1     1     7     8    16    13     0     1   -53.0  -25.069  -38.567   5473.2    528.6
     1     1     7     8    16    12     0     0   -54.0  -25.243  -38.520   5493.1    527.4
     1     1     7     8    16    11     0     1   -55.0  -25.420  -38.488   5515.7    525.5
     1     1     7     8    16    10     0     2   -56.0  -25.596  -38.477   5541.0    523.5
     1     1     7     8    16     9     0     3   -57.0  -25.767  -38.488   5568.2    521.4
     1     1     7     8    16     8     0     2   -58.0  -25.927  -38.514   5605.9    519.4
     1     1     7     8    16     7     0     1   -59.0  -26.072  -38.551   5663.5    515.6
     1     1     7     8    16     6     0     0   -60.0  -26.204  -38.597   5740.7    510.4
     1     1     7     8    16     5     0     1   -61.0  -26.332  -38.647   5821.5    504.5
     1     1     7     8    16     4     0     2   -62.0  -26.463  -38.694   5891.1    500.4
     1     1     7     8    16     3     0     3   -63.0  -26.598  -38.737   5949.7    497.0
     1     1     7     8    16     2     0     2   -64.0  -26.736  -38.777   5993.3    494.0
     1     1     7     8    16     1     0     1   -65.0  -26.877  -38.814   6016.5    492.5
     1     1     7     8    16     0     0     0   -66.0  -27.018  -38.844   6017.1    492.5
     1     1     7     8    15    23     0     1   -67.0  -27.164  -38.876   6011.9    493.8
     1     1     7     8    15    22     0     2   -68.0  -27.317  -38.923   6020.9    493.1
     1     1     7     8    15    21     0     3   -69.0  -27.474  -38.986   6046.9    491.2
     1     1     7     8    15    20     0     2   -70.0  -27.632  -39.070   6085.6    488.2
     1     1     7     8    15    19     0     1   -71.0  -27.787  -39.178   6132.5    485.2
     1     1     7     8    15    18     0     0   -72.0  -27.934  -39.307   6188.5    481.7
     1     1     7     8    15    17     0     1   -73.0  -28.075  -39.458   6250.9    478.1
     1     1     7     8    15    16     0     2   -74.0  -28.212  -39.634   6316.1    474.6
     1     1     7     8    15    15     0     3   -75.0  -28.346  -39.839   6383.6    470.9
     1     1     7     8    15    14     0     2   -76.0  -28.476  -40.071   6439.6    466.8
     1     1     7     8    15    13     0     1   -77.0  -28.602  -40.320   6466.3    464.8
     1     1     7     8    15    12     0     0   -78.0  -28.719  -40.579   6459.2    465.0
     1     1     7     8    15    11     0     1   -79.0  -28.820  -40.848   6434.8    467.4
     1     1     7     8    15    10     0     2   -80.0  -28.914  -41.130   6412.2    468.5
     1     1     7     8    15     9     0     3   -81.0  -29.004  -41.426   6388.9    469.6
     1     1     7     8    15     8     0     2   -82.0  -29.078  -41.733   6381.8    471.1
     1     1     7     8    15     7     0     1   -83.0  -29.134  -42.056   6409.8    469.1
     1     1     7     8    15     6     0     0   -84.0  -29.179  -42.407   6462.6    465.3
     1     1     7     8    15     5     0     1   -85.0  -29.218  -42.781   6521.5    461.2
     1     1     7     8    15     4     0     2   -86.0  -29.254  -43.163   6587.3    457.6
     1     1     7     8    15     3     0     3   -87.0  -29.288  -43.562   6673.0    452.4
     1     1     7     8    15     2     0     2   -88.0  -29.312  -43.989   6756.3    445.3
     1     1     7     8    15     1     0     1   -89.0  -29.321  -44.439   6807.0    442.1
     1     1     7     8    15     0     0     0   -90.0  -29.312  -44.902   6813.8    441.9
     1     1     7     8    14    23     0     1   -91.0  -29.276  -45.365   6808.2    443.7
     1     1     7     8    14    22     0     2   -92.0  -29.212  -45.823   6823.7    441.6
     1     1     7     8    14    21     0     3   -93.0  -29.112  -46.275   6848.0    439.1
     1     1     7     8    14    20     0     2   -94.0  -28.989  -46.729   6842.5    438.3
     1     1     7     8    14    19     0     1   -95.0  -28.851  -47.189   6779.2    441.8
     1     1     7     8    14    18     0     0   -96.0  -28.691  -47.635   6664.7    448.1
     1     1     7     8    14    17     0     1   -97.0  -28.508  -48.059   6543.7    458.2
     1     1     7     8    14    16     0     2   -98.0  -28.301  -48.480   6421.7    457.6
     1     1     7     8    14    15     0     3   -99.0  -28.063  -48.903   6315.8    447.8
     1     1     7     8    14    14     0     2  -100.0  -27.799  -49.348   6241.3    435.0
     1     1     7     8    14    13     0     1  -101.0  -27.524  -49.812   6172.1    428.0
     1     1     7     8    14    12     0     0  -102.0  -27.249  -50.248   6127.7    429.4
     1     1     7     8    14    11     0     1  -103.0  -26.991  -50.663   6053.5    431.2
     1     1     7     8    14    10     0     2  -104.0  -26.763  -51.096   5960.7    434.7
     1     1     7     8    14     9     0     3  -105.0  -26.571  -51.558   5879.0    445.0
     1     1     7     8    14     8     0     2  -106.0  -26.383  -52.034   5766.4    454.1
     1     1     7     8    14     7     0     1  -107.0  -26.170  -52.502   5661.1    468.8
     1     1     7     8    14     6     0     0  -108.0  -25.934  -52.958   5554.5    481.7
     1     1     7     8    14     5     0     1  -109.0  -25.676  -53.382   5474.0    493.2
     1     1     7     8    14     4     0     2  -110.0  -25.403  -53.764   5443.6    498.7
     1     1     7     8    14     3     0     3  -111.0  -25.127  -54.107   5450.6    502.0
     1     1     7     8    14     2     0     2  -112.0  -24.864  -54.430   5487.7    504.5
     1     1     7     8    14     1     0     1  -113.0  -24.617  -54.756   5544.7    504.8
     1     1     7     8    14     0     0     0  -114.0  -24.383  -55.095   5628.1    500.7
     1     1     7     8    13    23     0     1  -115.0  -24.152  -55.438   5720.7    494.3
     1     1     7     8    13    22     0     2  -116.0  -23.913  -55.771   5796.6    491.9
     1     1     7     8    13    21     0     3  -117.0  -23.665  -56.099   5833.5    488.8
     1     1     7     8    13    20     0     2  -118.0  -23.410  -56.419   5818.8    489.3
     1     1     7     8    13    19     0     1  -119.0  -23.152  -56.719   5762.7    494.6
     1     1     7     8    13    18     0     0  -120.0  -22.895  -57.000   5681.0    502.2
