     7     1
    GDAS     7     7    22     0     0
    GDAS     7     8     8     0     0
    GDAS     7     8    15     0     0
    GDAS     7     8    22     0     0
    GDAS     7     8    29     0     0
    GDAS     7     8     1     0     0
    GDAS     7     7    29     0     0
     1 BACKWARD OMEGA   
     7     8     8    18  -23.561  -46.740  4000.0
     1 PRESSURE
     1     1     7     8     8    18     0     0     0.0  -23.561  -46.740   4000.0    587.2
     1     1     7     8     8    17     0     1    -1.0  -23.391  -47.090   3986.3    583.5
     1     1     7     8     8    16     0     2    -2.0  -23.208  -47.446   3956.2    588.0
     1     1     7     8     8    15     0     3    -3.0  -23.016  -47.789   3898.5    597.6
     1     1     7     8     8    14     0     2    -4.0  -22.817  -48.118   3820.0    605.9
     1     1     7     8     8    13     0     1    -5.0  -22.615  -48.449   3749.7    607.6
     1     1     7     8     8    12     0     0    -6.0  -22.414  -48.787   3711.2    610.3
     1     1     7     8     8    11     0     1    -7.0  -22.200  -49.115   3705.9    614.0
     1     1     7     8     8    10     0     2    -8.0  -21.960  -49.412   3716.9    616.6
     1     1     7     8     8     9     0     3    -9.0  -21.700  -49.687   3726.1    615.8
     1     1     7     8     8     8     0     2   -10.0  -21.435  -49.946   3725.5    615.7
     1     1     7     8     8     7     0     1   -11.0  -21.173  -50.191   3712.6    618.8
     1     1     7     8     8     6     0     0   -12.0  -20.914  -50.420   3698.6    623.0
     1     1     7     8     8     5     0     1   -13.0  -20.657  -50.632   3691.3    626.1
     1     1     7     8     8     4     0     2   -14.0  -20.401  -50.829   3693.6    627.3
     1     1     7     8     8     3     0     3   -15.0  -20.141  -51.011   3700.8    627.3
     1     1     7     8     8     2     0     2   -16.0  -19.879  -51.181   3706.9    625.0
     1     1     7     8     8     1     0     1   -17.0  -19.615  -51.345   3717.3    621.3
     1     1     7     8     8     0     0     0   -18.0  -19.348  -51.501   3741.2    616.0
     1     1     7     8     7    23     0     1   -19.0  -19.080  -51.650   3772.0    608.4
     1     1     7     8     7    22     0     2   -20.0  -18.809  -51.790   3794.1    601.9
     1     1     7     8     7    21     0     3   -21.0  -18.533  -51.916   3797.2    597.9
     1     1     7     8     7    20     0     2   -22.0  -18.250  -52.024   3781.9    597.1
     1     1     7     8     7    19     0     1   -23.0  -17.965  -52.112   3753.2    597.7
     1     1     7     8     7    18     0     0   -24.0  -17.686  -52.181   3716.7    600.8
     1     1     7     8     7    17     0     1   -25.0  -17.415  -52.225   3691.9    604.4
     1     1     7     8     7    16     0     2   -26.0  -17.149  -52.236   3700.3    604.1
     1     1     7     8     7    15     0     3   -27.0  -16.882  -52.214   3748.0    602.9
     1     1     7     8     7    14     0     2   -28.0  -16.619  -52.172   3804.4    602.0
     1     1     7     8     7    13     0     1   -29.0  -16.366  -52.112   3832.1    605.9
     1     1     7     8     7    12     0     0   -30.0  -16.123  -52.028   3829.8    612.5
     1     1     7     8     7    11     0     1   -31.0  -15.891  -51.922   3806.1    618.6
     1     1     7     8     7    10     0     2   -32.0  -15.665  -51.807   3784.5    620.2
     1     1     7     8     7     9     0     3   -33.0  -15.437  -51.683   3776.4    620.9
     1     1     7     8     7     8     0     2   -34.0  -15.196  -51.542   3778.5    621.6
     1     1     7     8     7     7     0     1   -35.0  -14.930  -51.371   3784.0    622.7
     1     1     7     8     7     6     0     0   -36.0  -14.639  -51.173   3787.1    624.3
     1     1     7     8     7     5     0     1   -37.0  -14.335  -50.948   3792.7    626.7
     1     1     7     8     7     4     0     2   -38.0  -14.025  -50.679   3798.8    624.2
     1     1     7     8     7     3     0     3   -39.0  -13.714  -50.377   3811.3    620.0
     1     1     7     8     7     2     0     2   -40.0  -13.405  -50.059   3832.8    615.5
     1     1     7     8     7     1     0     1   -41.0  -13.102  -49.710   3866.8    611.0
     1     1     7     8     7     0     0     0   -42.0  -12.801  -49.326   3914.1    606.2
     1     1     7     8     6    23     0     1   -43.0  -12.511  -48.923   3956.5    602.3
     1     1     7     8     6    22     0     2   -44.0  -12.243  -48.499   3979.8    604.6
     1     1     7     8     6    21     0     3   -45.0  -12.001  -48.042   3975.5    606.3
     1     1     7     8     6    20     0     2   -46.0  -11.785  -47.573   3946.2    602.8
     1     1     7     8     6    19     0     1   -47.0  -11.593  -47.118   3922.5    597.2
     1     1     7     8     6    18     0     0   -48.0  -11.416  -46.676   3911.3    591.7
     1     1     7     8     6    17     0     1   -49.0  -11.248  -46.243   3903.5    586.4
     1     1     7     8     6    16     0     2   -50.0  -11.090  -45.805   3891.2    587.2
     1     1     7     8     6    15     0     3   -51.0  -10.949  -45.353   3874.8    594.6
     1     1     7     8     6    14     0     2   -52.0  -10.832  -44.897   3856.3    602.2
     1     1     7     8     6    13     0     1   -53.0  -10.742  -44.449   3844.5    605.1
     1     1     7     8     6    12     0     0   -54.0  -10.679  -44.006   3840.6    607.3
     1     1     7     8     6    11     0     1   -55.0  -10.631  -43.565   3835.6    607.6
     1     1     7     8     6    10     0     2   -56.0  -10.585  -43.127   3828.9    608.3
     1     1     7     8     6     9     0     3   -57.0  -10.531  -42.694   3820.4    607.3
     1     1     7     8     6     8     0     2   -58.0  -10.469  -42.258   3812.9    605.7
     1     1     7     8     6     7     0     1   -59.0  -10.396  -41.811   3797.6    603.5
     1     1     7     8     6     6     0     0   -60.0  -10.308  -41.358   3760.0    599.7
     1     1     7     8     6     5     0     1   -61.0  -10.213  -40.897   3703.2    600.0
     1     1     7     8     6     4     0     2   -62.0  -10.117  -40.441   3646.3    611.1
     1     1     7     8     6     3     0     3   -63.0  -10.019  -40.005   3576.6    622.9
     1     1     7     8     6     2     0     2   -64.0   -9.925  -39.580   3521.9    632.6
     1     1     7     8     6     1     0     1   -65.0   -9.845  -39.145   3506.5    636.7
     1     1     7     8     6     0     0     0   -66.0   -9.779  -38.701   3530.1    639.5
     1     1     7     8     5    23     0     1   -67.0   -9.735  -38.253   3580.2    640.1
     1     1     7     8     5    22     0     2   -68.0   -9.719  -37.800   3644.9    637.6
     1     1     7     8     5    21     0     3   -69.0   -9.724  -37.340   3731.5    630.2
     1     1     7     8     5    20     0     2   -70.0   -9.748  -36.881   3843.7    622.3
     1     1     7     8     5    19     0     1   -71.0   -9.783  -36.433   3958.5    618.4
     1     1     7     8     5    18     0     0   -72.0   -9.814  -36.006   4038.9    617.2
     1     1     7     8     5    17     0     1   -73.0   -9.845  -35.593   4071.1    619.1
     1     1     7     8     5    16     0     2   -74.0   -9.882  -35.188   4058.5    624.2
     1     1     7     8     5    15     0     3   -75.0   -9.924  -34.792   4017.9    630.0
     1     1     7     8     5    14     0     2   -76.0   -9.978  -34.396   3983.1    634.3
     1     1     7     8     5    13     0     1   -77.0  -10.053  -33.998   3973.4    635.0
     1     1     7     8     5    12     0     0   -78.0  -10.150  -33.609   3978.0    633.7
     1     1     7     8     5    11     0     1   -79.0  -10.267  -33.235   3988.1    631.9
     1     1     7     8     5    10     0     2   -80.0  -10.394  -32.870   3996.2    630.5
     1     1     7     8     5     9     0     3   -81.0  -10.523  -32.510   3992.5    630.6
     1     1     7     8     5     8     0     2   -82.0  -10.646  -32.156   3973.5    632.5
     1     1     7     8     5     7     0     1   -83.0  -10.766  -31.814   3944.0    635.0
     1     1     7     8     5     6     0     0   -84.0  -10.882  -31.480   3906.3    637.8
     1     1     7     8     5     5     0     1   -85.0  -10.994  -31.159   3873.2    641.8
     1     1     7     8     5     4     0     2   -86.0  -11.111  -30.856   3861.5    643.3
     1     1     7     8     5     3     0     3   -87.0  -11.238  -30.571   3873.4    642.6
     1     1     7     8     5     2     0     2   -88.0  -11.377  -30.299   3897.6    640.0
     1     1     7     8     5     1     0     1   -89.0  -11.524  -30.030   3926.3    638.0
     1     1     7     8     5     0     0     0   -90.0  -11.676  -29.764   3963.2    635.3
     1     1     7     8     4    23     0     1   -91.0  -11.836  -29.503   4002.6    631.5
     1     1     7     8     4    22     0     2   -92.0  -12.010  -29.244   4036.9    628.7
     1     1     7     8     4    21     0     3   -93.0  -12.195  -28.990   4064.1    626.1
     1     1     7     8     4    20     0     2   -94.0  -12.381  -28.743   4089.7    624.5
     1     1     7     8     4    19     0     1   -95.0  -12.562  -28.502   4119.2    622.4
     1     1     7     8     4    18     0     0   -96.0  -12.737  -28.266   4153.1    620.1
     1     1     7     8     4    17     0     1   -97.0  -12.905  -28.031   4185.0    617.6
     1     1     7     8     4    16     0     2   -98.0  -13.063  -27.799   4203.0    615.8
     1     1     7     8     4    15     0     3   -99.0  -13.213  -27.570   4202.9    615.6
     1     1     7     8     4    14     0     2  -100.0  -13.359  -27.341   4197.1    617.1
     1     1     7     8     4    13     0     1  -101.0  -13.505  -27.113   4200.0    616.9
     1     1     7     8     4    12     0     0  -102.0  -13.651  -26.888   4211.4    616.4
     1     1     7     8     4    11     0     1  -103.0  -13.797  -26.670   4230.5    614.9
     1     1     7     8     4    10     0     2  -104.0  -13.942  -26.461   4259.7    612.8
     1     1     7     8     4     9     0     3  -105.0  -14.083  -26.260   4304.5    609.4
     1     1     7     8     4     8     0     2  -106.0  -14.221  -26.066   4359.3    604.6
     1     1     7     8     4     7     0     1  -107.0  -14.353  -25.875   4416.8    600.3
     1     1     7     8     4     6     0     0  -108.0  -14.480  -25.685   4478.9    595.6
     1     1     7     8     4     5     0     1  -109.0  -14.608  -25.500   4537.2    590.8
     1     1     7     8     4     4     0     2  -110.0  -14.742  -25.317   4581.0    587.7
     1     1     7     8     4     3     0     3  -111.0  -14.886  -25.132   4606.2    585.8
     1     1     7     8     4     2     0     2  -112.0  -15.036  -24.947   4618.5    585.7
     1     1     7     8     4     1     0     1  -113.0  -15.188  -24.764   4626.8    585.4
     1     1     7     8     4     0     0     0  -114.0  -15.338  -24.584   4632.7    585.2
     1     1     7     8     3    23     0     1  -115.0  -15.484  -24.405   4637.0    584.6
     1     1     7     8     3    22     0     2  -116.0  -15.622  -24.225   4640.4    584.1
     1     1     7     8     3    21     0     3  -117.0  -15.754  -24.040   4643.5    583.6
     1     1     7     8     3    20     0     2  -118.0  -15.882  -23.851   4650.3    583.3
     1     1     7     8     3    19     0     1  -119.0  -16.012  -23.659   4664.2    582.3
     1     1     7     8     3    18     0     0  -120.0  -16.146  -23.468   4684.5    580.8
