     7     1
    GDAS     7     7    22     0     0
    GDAS     7     8     8     0     0
    GDAS     7     8    15     0     0
    GDAS     7     8    22     0     0
    GDAS     7     8    29     0     0
    GDAS     7     8     1     0     0
    GDAS     7     7    29     0     0
     1 BACKWARD OMEGA   
     7     8    20     0  -23.561  -46.740  4000.0
     1 PRESSURE
     1     1     7     8    20     0     0     0     0.0  -23.561  -46.740   4000.0    585.1
     1     1     7     8    19    23     0     1    -1.0  -23.381  -47.088   4001.1    580.4
     1     1     7     8    19    22     0     2    -2.0  -23.203  -47.401   4001.3    582.2
     1     1     7     8    19    21     0     3    -3.0  -23.027  -47.669   3993.4    586.5
     1     1     7     8    19    20     0     2    -4.0  -22.862  -47.900   3978.9    591.2
     1     1     7     8    19    19     0     1    -5.0  -22.719  -48.109   3959.9    592.1
     1     1     7     8    19    18     0     0    -6.0  -22.595  -48.299   3940.4    591.5
     1     1     7     8    19    17     0     1    -7.0  -22.488  -48.469   3924.4    592.0
     1     1     7     8    19    16     0     2    -8.0  -22.399  -48.621   3909.7    593.5
     1     1     7     8    19    15     0     3    -9.0  -22.331  -48.752   3896.2    595.3
     1     1     7     8    19    14     0     2   -10.0  -22.282  -48.877   3886.1    596.8
     1     1     7     8    19    13     0     1   -11.0  -22.250  -49.012   3881.8    597.7
     1     1     7     8    19    12     0     0   -12.0  -22.235  -49.162   3885.2    598.6
     1     1     7     8    19    11     0     1   -13.0  -22.216  -49.339   3894.3    598.8
     1     1     7     8    19    10     0     2   -14.0  -22.176  -49.554   3906.7    599.1
     1     1     7     8    19     9     0     3   -15.0  -22.116  -49.813   3919.1    599.4
     1     1     7     8    19     8     0     2   -16.0  -22.030  -50.096   3931.1    599.8
     1     1     7     8    19     7     0     1   -17.0  -21.911  -50.379   3945.5    599.2
     1     1     7     8    19     6     0     0   -18.0  -21.762  -50.660   3965.6    599.0
     1     1     7     8    19     5     0     1   -19.0  -21.590  -50.926   3980.7    599.4
     1     1     7     8    19     4     0     2   -20.0  -21.394  -51.157   3981.3    602.9
     1     1     7     8    19     3     0     3   -21.0  -21.176  -51.350   3965.4    606.5
     1     1     7     8    19     2     0     2   -22.0  -20.945  -51.507   3940.6    609.6
     1     1     7     8    19     1     0     1   -23.0  -20.709  -51.627   3916.6    610.6
     1     1     7     8    19     0     0     0   -24.0  -20.471  -51.712   3898.4    611.0
     1     1     7     8    18    23     0     1   -25.0  -20.241  -51.765   3883.5    610.6
     1     1     7     8    18    22     0     2   -26.0  -20.028  -51.788   3867.8    610.7
     1     1     7     8    18    21     0     3   -27.0  -19.830  -51.782   3851.6    609.7
     1     1     7     8    18    20     0     2   -28.0  -19.647  -51.754   3839.1    608.4
     1     1     7     8    18    19     0     1   -29.0  -19.483  -51.707   3827.0    607.4
     1     1     7     8    18    18     0     0   -30.0  -19.336  -51.642   3811.4    607.1
     1     1     7     8    18    17     0     1   -31.0  -19.207  -51.559   3795.3    608.4
     1     1     7     8    18    16     0     2   -32.0  -19.099  -51.457   3784.1    609.4
     1     1     7     8    18    15     0     3   -33.0  -19.006  -51.334   3778.2    610.5
     1     1     7     8    18    14     0     2   -34.0  -18.928  -51.197   3782.4    610.7
     1     1     7     8    18    13     0     1   -35.0  -18.865  -51.054   3801.3    609.4
     1     1     7     8    18    12     0     0   -36.0  -18.819  -50.907   3832.2    606.4
     1     1     7     8    18    11     0     1   -37.0  -18.774  -50.763   3868.1    602.1
     1     1     7     8    18    10     0     2   -38.0  -18.716  -50.631   3901.1    598.6
     1     1     7     8    18     9     0     3   -39.0  -18.645  -50.512   3929.1    595.5
     1     1     7     8    18     8     0     2   -40.0  -18.561  -50.400   3959.9    593.2
     1     1     7     8    18     7     0     1   -41.0  -18.462  -50.290   4004.3    589.5
     1     1     7     8    18     6     0     0   -42.0  -18.350  -50.185   4066.4    584.7
     1     1     7     8    18     5     0     1   -43.0  -18.232  -50.086   4140.4    579.0
     1     1     7     8    18     4     0     2   -44.0  -18.113  -49.990   4214.9    573.7
     1     1     7     8    18     3     0     3   -45.0  -17.988  -49.892   4279.7    568.3
     1     1     7     8    18     2     0     2   -46.0  -17.855  -49.786   4332.7    563.2
     1     1     7     8    18     1     0     1   -47.0  -17.713  -49.663   4378.5    558.2
     1     1     7     8    18     0     0     0   -48.0  -17.563  -49.518   4419.7    553.2
     1     1     7     8    17    23     0     1   -49.0  -17.403  -49.350   4453.0    547.9
     1     1     7     8    17    22     0     2   -50.0  -17.239  -49.158   4475.2    543.2
     1     1     7     8    17    21     0     3   -51.0  -17.077  -48.936   4489.0    538.7
     1     1     7     8    17    20     0     2   -52.0  -16.918  -48.685   4498.2    534.7
     1     1     7     8    17    19     0     1   -53.0  -16.757  -48.415   4506.0    531.2
     1     1     7     8    17    18     0     0   -54.0  -16.596  -48.124   4513.9    527.9
     1     1     7     8    17    17     0     1   -55.0  -16.434  -47.818   4523.5    527.4
     1     1     7     8    17    16     0     2   -56.0  -16.275  -47.505   4522.5    530.1
     1     1     7     8    17    15     0     3   -57.0  -16.125  -47.186   4505.2    533.6
     1     1     7     8    17    14     0     2   -58.0  -15.989  -46.863   4488.6    538.5
     1     1     7     8    17    13     0     1   -59.0  -15.872  -46.529   4490.0    544.0
     1     1     7     8    17    12     0     0   -60.0  -15.777  -46.179   4500.1    547.8
     1     1     7     8    17    11     0     1   -61.0  -15.707  -45.809   4510.7    548.4
     1     1     7     8    17    10     0     2   -62.0  -15.663  -45.420   4521.4    547.3
     1     1     7     8    17     9     0     3   -63.0  -15.648  -45.019   4536.7    546.1
     1     1     7     8    17     8     0     2   -64.0  -15.655  -44.620   4552.7    545.5
     1     1     7     8    17     7     0     1   -65.0  -15.669  -44.227   4564.6    544.9
     1     1     7     8    17     6     0     0   -66.0  -15.689  -43.836   4565.3    543.6
     1     1     7     8    17     5     0     1   -67.0  -15.721  -43.437   4557.1    541.4
     1     1     7     8    17     4     0     2   -68.0  -15.773  -43.025   4549.3    538.9
     1     1     7     8    17     3     0     3   -69.0  -15.850  -42.595   4539.7    537.1
     1     1     7     8    17     2     0     2   -70.0  -15.958  -42.149   4524.3    535.9
     1     1     7     8    17     1     0     1   -71.0  -16.091  -41.700   4527.7    540.5
     1     1     7     8    17     0     0     0   -72.0  -16.253  -41.249   4543.3    546.1
     1     1     7     8    16    23     0     1   -73.0  -16.439  -40.791   4565.8    551.4
     1     1     7     8    16    22     0     2   -74.0  -16.641  -40.324   4598.3    558.6
     1     1     7     8    16    21     0     3   -75.0  -16.857  -39.851   4634.2    565.4
     1     1     7     8    16    20     0     2   -76.0  -17.080  -39.385   4679.9    573.2
     1     1     7     8    16    19     0     1   -77.0  -17.312  -38.936   4734.2    577.0
     1     1     7     8    16    18     0     0   -78.0  -17.561  -38.507   4777.5    574.1
     1     1     7     8    16    17     0     1   -79.0  -17.836  -38.097   4827.3    572.1
     1     1     7     8    16    16     0     2   -80.0  -18.143  -37.699   4888.1    567.6
     1     1     7     8    16    15     0     3   -81.0  -18.479  -37.323   4959.8    562.7
     1     1     7     8    16    14     0     2   -82.0  -18.846  -36.975   5033.8    557.2
     1     1     7     8    16    13     0     1   -83.0  -19.238  -36.654   5104.6    553.0
     1     1     7     8    16    12     0     0   -84.0  -19.649  -36.357   5183.3    548.1
     1     1     7     8    16    11     0     1   -85.0  -20.092  -36.073   5280.6    541.2
     1     1     7     8    16    10     0     2   -86.0  -20.580  -35.793   5395.2    532.1
     1     1     7     8    16     9     0     3   -87.0  -21.117  -35.527   5523.0    522.9
     1     1     7     8    16     8     0     2   -88.0  -21.691  -35.290   5649.8    514.0
     1     1     7     8    16     7     0     1   -89.0  -22.279  -35.087   5776.2    506.7
     1     1     7     8    16     6     0     0   -90.0  -22.877  -34.932   5926.3    496.9
     1     1     7     8    16     5     0     1   -91.0  -23.492  -34.820   6100.2    485.6
     1     1     7     8    16     4     0     2   -92.0  -24.130  -34.740   6264.9    475.4
     1     1     7     8    16     3     0     3   -93.0  -24.785  -34.701   6393.9    466.8
     1     1     7     8    16     2     0     2   -94.0  -25.448  -34.708   6498.5    461.6
     1     1     7     8    16     1     0     1   -95.0  -26.115  -34.769   6606.8    455.9
     1     1     7     8    16     0     0     0   -96.0  -26.779  -34.888   6736.1    448.5
     1     1     7     8    15    23     0     1   -97.0  -27.423  -35.079   6868.0    438.6
     1     1     7     8    15    22     0     2   -98.0  -28.050  -35.339   6976.0    432.0
     1     1     7     8    15    21     0     3   -99.0  -28.667  -35.639   7068.3    427.5
     1     1     7     8    15    20     0     2  -100.0  -29.262  -35.979   7149.6    423.4
     1     1     7     8    15    19     0     1  -101.0  -29.829  -36.380   7229.3    418.9
     1     1     7     8    15    18     0     0  -102.0  -30.387  -36.833   7309.6    414.1
     1     1     7     8    15    17     0     1  -103.0  -30.920  -37.339   7392.0    409.6
     1     1     7     8    15    16     0     2  -104.0  -31.401  -37.920   7486.3    404.0
     1     1     7     8    15    15     0     3  -105.0  -31.844  -38.604   7603.5    397.8
     1     1     7     8    15    14     0     2  -106.0  -32.251  -39.402   7694.8    391.9
     1     1     7     8    15    13     0     1  -107.0  -32.580  -40.262   7730.9    389.8
     1     1     7     8    15    12     0     0  -108.0  -32.827  -41.202   7711.1    390.5
     1     1     7     8    15    11     0     1  -109.0  -32.985  -42.227   7696.9    392.0
     1     1     7     8    15    10     0     2  -110.0  -33.043  -43.310   7704.4    390.3
     1     1     7     8    15     9     0     3  -111.0  -32.995  -44.430   7692.8    390.6
     1     1     7     8    15     8     0     2  -112.0  -32.853  -45.519   7653.8    393.2
     1     1     7     8    15     7     0     1  -113.0  -32.625  -46.565   7685.1    391.6
     1     1     7     8    15     6     0     0  -114.0  -32.320  -47.622   7771.9    384.9
     1     1     7     8    15     5     0     1  -115.0  -31.964  -48.710   7682.7    389.2
     1     1     7     8    15     4     0     2  -116.0  -31.560  -49.711   7410.9    405.5
     1     1     7     8    15     3     0     3  -117.0  -31.117  -50.650   7154.9    421.4
     1     1     7     8    15     2     0     2  -118.0  -30.625  -51.628   7045.3    424.3
     1     1     7     8    15     1     0     1  -119.0  -30.061  -52.569   7068.4    420.0
     1     1     7     8    15     0     0     0  -120.0  -29.434  -53.461   7051.7    409.9
