     7     1
    GDAS     7     7    22     0     0
    GDAS     7     8     8     0     0
    GDAS     7     8    15     0     0
    GDAS     7     8    22     0     0
    GDAS     7     8    29     0     0
    GDAS     7     8     1     0     0
    GDAS     7     7    29     0     0
     1 BACKWARD OMEGA   
     7     8    14    12  -23.561  -46.740  4000.0
     1 PRESSURE
     1     1     7     8    14    12     0     0     0.0  -23.561  -46.740   4000.0    589.9
     1     1     7     8    14    11     0     1    -1.0  -23.507  -46.619   3990.6    589.8
     1     1     7     8    14    10     0     2    -2.0  -23.447  -46.488   3984.5    588.2
     1     1     7     8    14     9     0     3    -3.0  -23.383  -46.348   3979.4    585.6
     1     1     7     8    14     8     0     2    -4.0  -23.331  -46.206   3976.9    582.9
     1     1     7     8    14     7     0     1    -5.0  -23.301  -46.070   3980.8    580.4
     1     1     7     8    14     6     0     0    -6.0  -23.291  -45.943   3993.4    579.1
     1     1     7     8    14     5     0     1    -7.0  -23.292  -45.816   4024.1    579.4
     1     1     7     8    14     4     0     2    -8.0  -23.299  -45.683   4080.0    577.7
     1     1     7     8    14     3     0     3    -9.0  -23.316  -45.545   4160.4    574.9
     1     1     7     8    14     2     0     2   -10.0  -23.343  -45.402   4256.1    570.7
     1     1     7     8    14     1     0     1   -11.0  -23.378  -45.250   4359.9    567.5
     1     1     7     8    14     0     0     0   -12.0  -23.421  -45.089   4477.2    563.8
     1     1     7     8    13    23     0     1   -13.0  -23.488  -44.934   4599.3    559.8
     1     1     7     8    13    22     0     2   -14.0  -23.584  -44.794   4707.9    559.4
     1     1     7     8    13    21     0     3   -15.0  -23.704  -44.666   4798.1    560.1
     1     1     7     8    13    20     0     2   -16.0  -23.829  -44.552   4881.2    561.7
     1     1     7     8    13    19     0     1   -17.0  -23.950  -44.458   4970.5    560.5
     1     1     7     8    13    18     0     0   -18.0  -24.072  -44.385   5059.7    556.0
     1     1     7     8    13    17     0     1   -19.0  -24.209  -44.319   5144.7    549.8
     1     1     7     8    13    16     0     2   -20.0  -24.372  -44.247   5221.3    544.6
     1     1     7     8    13    15     0     3   -21.0  -24.559  -44.164   5287.3    540.2
     1     1     7     8    13    14     0     2   -22.0  -24.767  -44.079   5339.2    536.4
     1     1     7     8    13    13     0     1   -23.0  -24.992  -44.002   5375.2    533.9
     1     1     7     8    13    12     0     0   -24.0  -25.232  -43.932   5398.7    532.3
     1     1     7     8    13    11     0     1   -25.0  -25.493  -43.876   5429.4    531.0
     1     1     7     8    13    10     0     2   -26.0  -25.781  -43.836   5488.4    526.7
     1     1     7     8    13     9     0     3   -27.0  -26.099  -43.810   5584.7    520.1
     1     1     7     8    13     8     0     2   -28.0  -26.439  -43.813   5714.6    510.7
     1     1     7     8    13     7     0     1   -29.0  -26.789  -43.854   5858.4    500.7
     1     1     7     8    13     6     0     0   -30.0  -27.153  -43.930   5998.2    490.9
     1     1     7     8    13     5     0     1   -31.0  -27.536  -44.027   6131.0    482.9
     1     1     7     8    13     4     0     2   -32.0  -27.942  -44.143   6271.8    474.3
     1     1     7     8    13     3     0     3   -33.0  -28.374  -44.297   6426.0    464.2
     1     1     7     8    13     2     0     2   -34.0  -28.823  -44.503   6581.8    453.6
     1     1     7     8    13     1     0     1   -35.0  -29.280  -44.771   6722.5    445.0
     1     1     7     8    13     0     0     0   -36.0  -29.747  -45.101   6840.3    437.8
     1     1     7     8    12    23     0     1   -37.0  -30.208  -45.490   6937.0    431.8
     1     1     7     8    12    22     0     2   -38.0  -30.656  -45.935   7020.9    426.4
     1     1     7     8    12    21     0     3   -39.0  -31.082  -46.447   7115.1    421.2
     1     1     7     8    12    20     0     2   -40.0  -31.484  -47.026   7202.8    415.1
     1     1     7     8    12    19     0     1   -41.0  -31.862  -47.655   7244.4    411.7
     1     1     7     8    12    18     0     0   -42.0  -32.204  -48.331   7244.2    411.4
     1     1     7     8    12    17     0     1   -43.0  -32.512  -49.046   7217.9    414.4
     1     1     7     8    12    16     0     2   -44.0  -32.790  -49.796   7194.1    416.3
     1     1     7     8    12    15     0     3   -45.0  -33.026  -50.598   7180.3    416.9
     1     1     7     8    12    14     0     2   -46.0  -33.207  -51.451   7194.8    415.8
     1     1     7     8    12    13     0     1   -47.0  -33.348  -52.322   7209.3    414.7
     1     1     7     8    12    12     0     0   -48.0  -33.434  -53.205   7162.8    416.0
     1     1     7     8    12    11     0     1   -49.0  -33.464  -54.094   7073.1    419.7
     1     1     7     8    12    10     0     2   -50.0  -33.468  -54.988   6955.9    418.0
     1     1     7     8    12     9     0     3   -51.0  -33.425  -55.865   6912.8    425.7
     1     1     7     8    12     8     0     2   -52.0  -33.337  -56.708   6863.5    429.3
     1     1     7     8    12     7     0     1   -53.0  -33.221  -57.539   6848.7    432.1
     1     1     7     8    12     6     0     0   -54.0  -33.059  -58.358   6842.6    433.9
     1     1     7     8    12     5     0     1   -55.0  -32.879  -59.157   6818.8    434.7
     1     1     7     8    12     4     0     2   -56.0  -32.714  -59.923   6781.8    437.9
     1     1     7     8    12     3     0     3   -57.0  -32.545  -60.651   6724.0    440.3
     1     1     7     8    12     2     0     2   -58.0  -32.367  -61.363   6681.6    442.6
     1     1     7     8    12     1     0     1   -59.0  -32.186  -62.091   6638.9    441.8
     1     1     7     8    12     0     0     0   -60.0  -31.997  -62.832   6563.7    443.5
     1     1     7     8    11    23     0     1   -61.0  -31.802  -63.589   6398.1    442.7
     1     1     7     8    11    22     0     2   -62.0  -31.608  -64.417   6225.8    433.4
     1     1     7     8    11    21     0     3   -63.0  -31.389  -65.327   6210.3    431.9
     1     1     7     8    11    20     0     2   -64.0  -31.125  -66.237   6262.6    436.7
     1     1     7     8    11    19     0     1   -65.0  -30.818  -67.206   6077.9    422.5
     1     1     7     8    11    18     0     0   -66.0  -30.471  -68.237   5906.0    412.2
     1     1     7     8    11    17     0     1   -67.0  -30.032  -69.482   5502.3    344.6
     1     1     7     8    11    16     0     2   -68.0  -29.445  -70.850   5881.9    411.2
     1     1     7     8    11    15     0     3   -69.0  -28.854  -71.672   5911.4    474.6
     1     1     7     8    11    14     0     2   -70.0  -28.303  -72.279   5745.5    502.1
     1     1     7     8    11    13     0     1   -71.0  -27.788  -72.826   5573.5    515.1
     1     1     7     8    11    12     0     0   -72.0  -27.303  -73.352   5432.8    522.5
     1     1     7     8    11    11     0     1   -73.0  -26.843  -73.851   5310.9    531.9
     1     1     7     8    11    10     0     2   -74.0  -26.414  -74.324   5210.8    539.9
     1     1     7     8    11     9     0     3   -75.0  -26.021  -74.796   5138.1    543.9
     1     1     7     8    11     8     0     2   -76.0  -25.650  -75.260   5091.2    546.3
     1     1     7     8    11     7     0     1   -77.0  -25.289  -75.694   5062.1    550.6
     1     1     7     8    11     6     0     0   -78.0  -24.938  -76.108   5037.2    553.5
     1     1     7     8    11     5     0     1   -79.0  -24.597  -76.501   4995.2    554.1
     1     1     7     8    11     4     0     2   -80.0  -24.257  -76.871   4949.4    557.4
     1     1     7     8    11     3     0     3   -81.0  -23.918  -77.229   4910.2    561.2
     1     1     7     8    11     2     0     2   -82.0  -23.591  -77.567   4888.4    563.1
     1     1     7     8    11     1     0     1   -83.0  -23.279  -77.878   4885.6    562.4
     1     1     7     8    11     0     0     0   -84.0  -22.978  -78.174   4896.2    561.6
     1     1     7     8    10    23     0     1   -85.0  -22.694  -78.455   4902.8    561.3
     1     1     7     8    10    22     0     2   -86.0  -22.431  -78.707   4894.4    562.4
     1     1     7     8    10    21     0     3   -87.0  -22.180  -78.923   4876.7    563.8
     1     1     7     8    10    20     0     2   -88.0  -21.942  -79.111   4860.1    565.3
     1     1     7     8    10    19     0     1   -89.0  -21.716  -79.280   4852.0    565.7
     1     1     7     8    10    18     0     0   -90.0  -21.502  -79.424   4848.1    566.1
     1     1     7     8    10    17     0     1   -91.0  -21.300  -79.553   4848.7    566.4
     1     1     7     8    10    16     0     2   -92.0  -21.110  -79.672   4853.2    566.2
     1     1     7     8    10    15     0     3   -93.0  -20.928  -79.777   4856.2    566.2
     1     1     7     8    10    14     0     2   -94.0  -20.759  -79.870   4848.8    566.3
     1     1     7     8    10    13     0     1   -95.0  -20.604  -79.951   4827.5    568.0
     1     1     7     8    10    12     0     0   -96.0  -20.456  -80.015   4797.1    570.2
     1     1     7     8    10    11     0     1   -97.0  -20.331  -80.068   4774.4    572.6
     1     1     7     8    10    10     0     2   -98.0  -20.242  -80.115   4773.0    572.4
     1     1     7     8    10     9     0     3   -99.0  -20.189  -80.150   4791.0    570.9
     1     1     7     8    10     8     0     2  -100.0  -20.161  -80.174   4812.2    568.5
     1     1     7     8    10     7     0     1  -101.0  -20.149  -80.189   4822.0    568.1
     1     1     7     8    10     6     0     0  -102.0  -20.156  -80.193   4820.5    568.5
     1     1     7     8    10     5     0     1  -103.0  -20.184  -80.190   4817.4    569.4
     1     1     7     8    10     4     0     2  -104.0  -20.235  -80.186   4821.3    569.1
     1     1     7     8    10     3     0     3  -105.0  -20.311  -80.183   4832.4    568.2
     1     1     7     8    10     2     0     2  -106.0  -20.411  -80.192   4856.7    566.8
     1     1     7     8    10     1     0     1  -107.0  -20.535  -80.224   4898.8    563.5
     1     1     7     8    10     0     0     0  -108.0  -20.683  -80.285   4957.3    559.1
     1     1     7     8     9    23     0     1  -109.0  -20.856  -80.379   5020.7    553.5
     1     1     7     8     9    22     0     2  -110.0  -21.053  -80.500   5077.4    549.0
     1     1     7     8     9    21     0     3  -111.0  -21.275  -80.649   5133.9    545.1
     1     1     7     8     9    20     0     2  -112.0  -21.510  -80.823   5194.2    541.0
     1     1     7     8     9    19     0     1  -113.0  -21.751  -81.016   5259.8    537.2
     1     1     7     8     9    18     0     0  -114.0  -21.998  -81.224   5340.9    532.6
     1     1     7     8     9    17     0     1  -115.0  -22.261  -81.448   5455.5    525.6
     1     1     7     8     9    16     0     2  -116.0  -22.558  -81.693   5606.1    514.4
     1     1     7     8     9    15     0     3  -117.0  -22.900  -81.966   5772.5    501.5
     1     1     7     8     9    14     0     2  -118.0  -23.288  -82.273   5944.1    489.6
     1     1     7     8     9    13     0     1  -119.0  -23.724  -82.611   6113.9    479.0
     1     1     7     8     9    12     0     0  -120.0  -24.219  -82.982   6281.5    468.1
