     7     1
    GDAS     7     7    22     0     0
    GDAS     7     8     8     0     0
    GDAS     7     8    15     0     0
    GDAS     7     8    22     0     0
    GDAS     7     8    29     0     0
    GDAS     7     8     1     0     0
    GDAS     7     7    29     0     0
     1 BACKWARD OMEGA   
     7     8    14    18  -23.561  -46.740  4000.0
     1 PRESSURE
     1     1     7     8    14    18     0     0     0.0  -23.561  -46.740   4000.0    589.1
     1     1     7     8    14    17     0     1    -1.0  -23.525  -46.563   4015.6    588.6
     1     1     7     8    14    16     0     2    -2.0  -23.497  -46.379   4032.1    588.1
     1     1     7     8    14    15     0     3    -3.0  -23.478  -46.192   4056.2    587.1
     1     1     7     8    14    14     0     2    -4.0  -23.473  -46.009   4084.8    585.0
     1     1     7     8    14    13     0     1    -5.0  -23.478  -45.837   4112.7    585.1
     1     1     7     8    14    12     0     0    -6.0  -23.491  -45.673   4138.3    586.1
     1     1     7     8    14    11     0     1    -7.0  -23.506  -45.509   4162.4    586.7
     1     1     7     8    14    10     0     2    -8.0  -23.515  -45.341   4183.4    587.0
     1     1     7     8    14     9     0     3    -9.0  -23.521  -45.169   4198.4    587.7
     1     1     7     8    14     8     0     2   -10.0  -23.534  -44.998   4208.6    589.6
     1     1     7     8    14     7     0     1   -11.0  -23.557  -44.831   4220.4    593.0
     1     1     7     8    14     6     0     0   -12.0  -23.586  -44.667   4232.8    596.3
     1     1     7     8    14     5     0     1   -13.0  -23.617  -44.501   4255.5    599.5
     1     1     7     8    14     4     0     2   -14.0  -23.648  -44.337   4296.1    600.2
     1     1     7     8    14     3     0     3   -15.0  -23.683  -44.177   4351.5    599.4
     1     1     7     8    14     2     0     2   -16.0  -23.723  -44.021   4418.1    597.1
     1     1     7     8    14     1     0     1   -17.0  -23.773  -43.866   4494.3    593.6
     1     1     7     8    14     0     0     0   -18.0  -23.835  -43.714   4587.7    588.5
     1     1     7     8    13    23     0     1   -19.0  -23.922  -43.569   4690.4    581.3
     1     1     7     8    13    22     0     2   -20.0  -24.042  -43.432   4787.7    574.9
     1     1     7     8    13    21     0     3   -21.0  -24.193  -43.301   4875.3    568.2
     1     1     7     8    13    20     0     2   -22.0  -24.361  -43.184   4957.1    562.7
     1     1     7     8    13    19     0     1   -23.0  -24.534  -43.085   5037.1    557.0
     1     1     7     8    13    18     0     0   -24.0  -24.715  -43.002   5116.5    551.5
     1     1     7     8    13    17     0     1   -25.0  -24.913  -42.920   5197.7    546.1
     1     1     7     8    13    16     0     2   -26.0  -25.138  -42.830   5279.3    540.1
     1     1     7     8    13    15     0     3   -27.0  -25.383  -42.733   5354.8    534.6
     1     1     7     8    13    14     0     2   -28.0  -25.651  -42.639   5417.7    529.8
     1     1     7     8    13    13     0     1   -29.0  -25.940  -42.562   5469.5    526.5
     1     1     7     8    13    12     0     0   -30.0  -26.254  -42.499   5527.3    523.5
     1     1     7     8    13    11     0     1   -31.0  -26.589  -42.454   5620.2    518.3
     1     1     7     8    13    10     0     2   -32.0  -26.944  -42.428   5769.3    508.4
     1     1     7     8    13     9     0     3   -33.0  -27.321  -42.418   5963.1    494.3
     1     1     7     8    13     8     0     2   -34.0  -27.720  -42.431   6166.4    479.4
     1     1     7     8    13     7     0     1   -35.0  -28.134  -42.476   6355.7    467.1
     1     1     7     8    13     6     0     0   -36.0  -28.563  -42.554   6537.9    456.3
     1     1     7     8    13     5     0     1   -37.0  -29.012  -42.673   6719.1    445.6
     1     1     7     8    13     4     0     2   -38.0  -29.491  -42.850   6892.9    434.8
     1     1     7     8    13     3     0     3   -39.0  -29.998  -43.088   7061.4    425.2
     1     1     7     8    13     2     0     2   -40.0  -30.519  -43.386   7224.2    415.1
     1     1     7     8    13     1     0     1   -41.0  -31.047  -43.747   7376.5    405.4
     1     1     7     8    13     0     0     0   -42.0  -31.587  -44.164   7515.5    396.7
     1     1     7     8    12    23     0     1   -43.0  -32.127  -44.647   7634.0    390.4
     1     1     7     8    12    22     0     2   -44.0  -32.655  -45.205   7723.1    384.8
     1     1     7     8    12    21     0     3   -45.0  -33.158  -45.836   7778.1    381.5
     1     1     7     8    12    20     0     2   -46.0  -33.616  -46.530   7793.5    380.7
     1     1     7     8    12    19     0     1   -47.0  -34.023  -47.289   7799.1    380.5
     1     1     7     8    12    18     0     0   -48.0  -34.381  -48.116   7805.1    380.3
     1     1     7     8    12    17     0     1   -49.0  -34.700  -49.000   7805.9    380.5
     1     1     7     8    12    16     0     2   -50.0  -34.979  -49.943   7786.8    380.4
     1     1     7     8    12    15     0     3   -51.0  -35.190  -50.965   7736.3    384.2
     1     1     7     8    12    14     0     2   -52.0  -35.325  -52.023   7678.4    386.7
     1     1     7     8    12    13     0     1   -53.0  -35.399  -53.070   7677.2    387.5
     1     1     7     8    12    12     0     0   -54.0  -35.394  -54.119   7674.8    386.1
     1     1     7     8    12    11     0     1   -55.0  -35.336  -55.148   7638.0    388.6
     1     1     7     8    12    10     0     2   -56.0  -35.259  -56.154   7545.9    392.9
     1     1     7     8    12     9     0     3   -57.0  -35.136  -57.140   7444.4    399.4
     1     1     7     8    12     8     0     2   -58.0  -34.964  -58.114   7355.3    403.6
     1     1     7     8    12     7     0     1   -59.0  -34.747  -59.085   7298.1    406.4
     1     1     7     8    12     6     0     0   -60.0  -34.479  -60.039   7231.4    408.6
     1     1     7     8    12     5     0     1   -61.0  -34.189  -60.978   7148.9    411.8
     1     1     7     8    12     4     0     2   -62.0  -33.893  -61.896   7077.5    416.2
     1     1     7     8    12     3     0     3   -63.0  -33.581  -62.773   7024.0    416.4
     1     1     7     8    12     2     0     2   -64.0  -33.267  -63.650   6948.1    415.6
     1     1     7     8    12     1     0     1   -65.0  -32.944  -64.569   6699.9    405.7
     1     1     7     8    12     0     0     0   -66.0  -32.592  -65.581   6537.1    406.3
     1     1     7     8    11    23     0     1   -67.0  -32.203  -66.591   6623.7    418.6
     1     1     7     8    11    22     0     2   -68.0  -31.774  -67.627   6643.7    410.0
     1     1     7     8    11    21     0     3   -69.0  -31.297  -68.806   6373.3    370.5
     1     1     7     8    11    20     0     2   -70.0  -30.695  -70.382   6113.3    324.7
     1     1     7     8    11    19     0     1   -71.0  -29.969  -71.650   6737.4    420.3
     1     1     7     8    11    18     0     0   -72.0  -29.255  -72.597   6585.6    449.9
     1     1     7     8    11    17     0     1   -73.0  -28.570  -73.463   6375.2    462.3
     1     1     7     8    11    16     0     2   -74.0  -27.909  -74.282   6187.3    472.7
     1     1     7     8    11    15     0     3   -75.0  -27.261  -75.043   6024.7    483.2
     1     1     7     8    11    14     0     2   -76.0  -26.634  -75.773   5897.1    492.2
     1     1     7     8    11    13     0     1   -77.0  -26.040  -76.484   5785.8    498.4
     1     1     7     8    11    12     0     0   -78.0  -25.469  -77.151   5666.0    505.5
     1     1     7     8    11    11     0     1   -79.0  -24.927  -77.777   5563.2    514.9
     1     1     7     8    11    10     0     2   -80.0  -24.427  -78.388   5489.0    519.5
     1     1     7     8    11     9     0     3   -81.0  -23.964  -78.971   5439.2    523.1
     1     1     7     8    11     8     0     2   -82.0  -23.529  -79.528   5392.3    526.2
     1     1     7     8    11     7     0     1   -83.0  -23.118  -80.059   5336.0    528.9
     1     1     7     8    11     6     0     0   -84.0  -22.731  -80.551   5279.6    535.2
     1     1     7     8    11     5     0     1   -85.0  -22.366  -81.015   5228.5    540.3
     1     1     7     8    11     4     0     2   -86.0  -22.011  -81.453   5191.7    541.8
     1     1     7     8    11     3     0     3   -87.0  -21.665  -81.865   5170.3    543.2
     1     1     7     8    11     2     0     2   -88.0  -21.343  -82.260   5157.6    543.8
     1     1     7     8    11     1     0     1   -89.0  -21.045  -82.638   5153.2    543.6
     1     1     7     8    11     0     0     0   -90.0  -20.766  -83.002   5167.1    542.5
     1     1     7     8    10    23     0     1   -91.0  -20.509  -83.356   5201.2    540.2
     1     1     7     8    10    22     0     2   -92.0  -20.275  -83.697   5243.9    537.9
     1     1     7     8    10    21     0     3   -93.0  -20.057  -84.014   5297.6    534.9
     1     1     7     8    10    20     0     2   -94.0  -19.848  -84.317   5347.4    530.4
     1     1     7     8    10    19     0     1   -95.0  -19.646  -84.616   5380.9    528.3
     1     1     7     8    10    18     0     0   -96.0  -19.454  -84.900   5396.3    527.4
     1     1     7     8    10    17     0     1   -97.0  -19.274  -85.171   5404.8    528.2
     1     1     7     8    10    16     0     2   -98.0  -19.109  -85.436   5418.5    527.7
     1     1     7     8    10    15     0     3   -99.0  -18.955  -85.696   5435.8    526.7
     1     1     7     8    10    14     0     2  -100.0  -18.808  -85.954   5455.7    525.0
     1     1     7     8    10    13     0     1  -101.0  -18.663  -86.213   5479.1    523.1
     1     1     7     8    10    12     0     0  -102.0  -18.523  -86.471   5508.2    521.0
     1     1     7     8    10    11     0     1  -103.0  -18.380  -86.722   5547.6    518.7
     1     1     7     8    10    10     0     2  -104.0  -18.227  -86.966   5600.0    515.4
     1     1     7     8    10     9     0     3  -105.0  -18.062  -87.206   5663.0    511.0
     1     1     7     8    10     8     0     2  -106.0  -17.885  -87.447   5713.6    506.0
     1     1     7     8    10     7     0     1  -107.0  -17.703  -87.687   5730.5    505.1
     1     1     7     8    10     6     0     0  -108.0  -17.521  -87.918   5714.2    506.5
     1     1     7     8    10     5     0     1  -109.0  -17.343  -88.137   5683.4    509.9
     1     1     7     8    10     4     0     2  -110.0  -17.168  -88.351   5654.4    511.7
     1     1     7     8    10     3     0     3  -111.0  -16.996  -88.567   5624.5    513.3
     1     1     7     8    10     2     0     2  -112.0  -16.823  -88.779   5603.3    514.9
     1     1     7     8    10     1     0     1  -113.0  -16.642  -88.984   5599.9    514.9
     1     1     7     8    10     0     0     0  -114.0  -16.447  -89.186   5615.8    514.1
     1     1     7     8     9    23     0     1  -115.0  -16.244  -89.383   5635.5    512.1
     1     1     7     8     9    22     0     2  -116.0  -16.045  -89.567   5643.0    511.7
     1     1     7     8     9    21     0     3  -117.0  -15.851  -89.739   5637.0    512.1
     1     1     7     8     9    20     0     2  -118.0  -15.658  -89.897   5620.8    513.7
     1     1     7     8     9    19     0     1  -119.0  -15.465  -90.037   5599.1    515.5
     1     1     7     8     9    18     0     0  -120.0  -15.271  -90.159   5574.9    517.5
