     7     1
    GDAS     7     7    22     0     0
    GDAS     7     8     8     0     0
    GDAS     7     8    15     0     0
    GDAS     7     8    22     0     0
    GDAS     7     8    29     0     0
    GDAS     7     8     1     0     0
    GDAS     7     7    29     0     0
     1 BACKWARD OMEGA   
     7     8    24     0  -23.561  -46.740  4000.0
     1 PRESSURE
     1     1     7     8    24     0     0     0     0.0  -23.561  -46.740   4000.0    586.1
     1     1     7     8    23    23     0     1    -1.0  -23.494  -46.830   4087.9    576.6
     1     1     7     8    23    22     0     2    -2.0  -23.428  -46.918   4153.8    570.1
     1     1     7     8    23    21     0     3    -3.0  -23.362  -47.000   4198.4    565.8
     1     1     7     8    23    20     0     2    -4.0  -23.295  -47.074   4240.3    564.1
     1     1     7     8    23    19     0     1    -5.0  -23.228  -47.141   4294.7    560.3
     1     1     7     8    23    18     0     0    -6.0  -23.163  -47.198   4359.6    555.9
     1     1     7     8    23    17     0     1    -7.0  -23.113  -47.245   4425.3    551.3
     1     1     7     8    23    16     0     2    -8.0  -23.094  -47.281   4482.9    548.0
     1     1     7     8    23    15     0     3    -9.0  -23.103  -47.310   4532.5    545.3
     1     1     7     8    23    14     0     2   -10.0  -23.143  -47.340   4573.9    543.0
     1     1     7     8    23    13     0     1   -11.0  -23.213  -47.382   4606.3    541.5
     1     1     7     8    23    12     0     0   -12.0  -23.315  -47.438   4628.6    540.7
     1     1     7     8    23    11     0     1   -13.0  -23.437  -47.524   4654.6    540.2
     1     1     7     8    23    10     0     2   -14.0  -23.567  -47.658   4694.7    537.1
     1     1     7     8    23     9     0     3   -15.0  -23.708  -47.842   4740.3    532.8
     1     1     7     8    23     8     0     2   -16.0  -23.848  -48.069   4791.1    527.7
     1     1     7     8    23     7     0     1   -17.0  -23.979  -48.319   4862.5    520.7
     1     1     7     8    23     6     0     0   -18.0  -24.098  -48.588   4963.4    514.0
     1     1     7     8    23     5     0     1   -19.0  -24.213  -48.869   5048.8    506.0
     1     1     7     8    23     4     0     2   -20.0  -24.324  -49.157   5091.2    502.0
     1     1     7     8    23     3     0     3   -21.0  -24.422  -49.449   5098.1    499.7
     1     1     7     8    23     2     0     2   -22.0  -24.508  -49.743   5079.5    498.2
     1     1     7     8    23     1     0     1   -23.0  -24.589  -50.037   5045.8    496.9
     1     1     7     8    23     0     0     0   -24.0  -24.663  -50.335   5012.6    499.3
     1     1     7     8    22    23     0     1   -25.0  -24.732  -50.654   4992.2    501.8
     1     1     7     8    22    22     0     2   -26.0  -24.806  -51.004   5009.3    500.8
     1     1     7     8    22    21     0     3   -27.0  -24.894  -51.386   5064.4    497.3
     1     1     7     8    22    20     0     2   -28.0  -24.985  -51.794   5107.1    492.3
     1     1     7     8    22    19     0     1   -29.0  -25.056  -52.215   5108.1    495.6
     1     1     7     8    22    18     0     0   -30.0  -25.095  -52.648   5070.3    504.9
     1     1     7     8    22    17     0     1   -31.0  -25.087  -53.080   5015.3    516.5
     1     1     7     8    22    16     0     2   -32.0  -25.029  -53.499   4971.9    524.5
     1     1     7     8    22    15     0     3   -33.0  -24.926  -53.903   4957.2    530.8
     1     1     7     8    22    14     0     2   -34.0  -24.803  -54.294   4962.6    535.7
     1     1     7     8    22    13     0     1   -35.0  -24.679  -54.682   4972.1    539.8
     1     1     7     8    22    12     0     0   -36.0  -24.558  -55.075   4984.7    541.4
     1     1     7     8    22    11     0     1   -37.0  -24.420  -55.488   4979.3    541.0
     1     1     7     8    22    10     0     2   -38.0  -24.239  -55.928   4937.8    546.6
     1     1     7     8    22     9     0     3   -39.0  -24.022  -56.393   4858.3    556.0
     1     1     7     8    22     8     0     2   -40.0  -23.793  -56.870   4765.6    564.6
     1     1     7     8    22     7     0     1   -41.0  -23.562  -57.345   4695.4    572.1
     1     1     7     8    22     6     0     0   -42.0  -23.318  -57.819   4642.1    579.1
     1     1     7     8    22     5     0     1   -43.0  -23.051  -58.294   4577.7    582.8
     1     1     7     8    22     4     0     2   -44.0  -22.762  -58.762   4495.7    585.0
     1     1     7     8    22     3     0     3   -45.0  -22.460  -59.219   4419.7    591.5
     1     1     7     8    22     2     0     2   -46.0  -22.156  -59.658   4338.0    597.4
     1     1     7     8    22     1     0     1   -47.0  -21.853  -60.070   4240.7    602.9
     1     1     7     8    22     0     0     0   -48.0  -21.545  -60.462   4140.7    609.1
     1     1     7     8    21    23     0     1   -49.0  -21.232  -60.833   4054.4    615.2
     1     1     7     8    21    22     0     2   -50.0  -20.909  -61.177   3987.7    618.2
     1     1     7     8    21    21     0     3   -51.0  -20.587  -61.503   3940.6    615.8
     1     1     7     8    21    20     0     2   -52.0  -20.277  -61.803   3913.1    611.4
     1     1     7     8    21    19     0     1   -53.0  -19.983  -62.068   3896.9    606.6
     1     1     7     8    21    18     0     0   -54.0  -19.698  -62.306   3896.3    604.8
     1     1     7     8    21    17     0     1   -55.0  -19.435  -62.521   3898.0    604.1
     1     1     7     8    21    16     0     2   -56.0  -19.202  -62.711   3886.2    606.0
     1     1     7     8    21    15     0     3   -57.0  -18.991  -62.878   3849.7    610.8
     1     1     7     8    21    14     0     2   -58.0  -18.804  -63.042   3799.9    613.4
     1     1     7     8    21    13     0     1   -59.0  -18.657  -63.215   3765.1    603.8
     1     1     7     8    21    12     0     0   -60.0  -18.562  -63.390   3771.2    590.9
     1     1     7     8    21    11     0     1   -61.0  -18.493  -63.565   3798.4    574.5
     1     1     7     8    21    10     0     2   -62.0  -18.418  -63.746   3819.9    559.5
     1     1     7     8    21     9     0     3   -63.0  -18.337  -63.938   3826.5    544.9
     1     1     7     8    21     8     0     2   -64.0  -18.259  -64.144   3822.1    530.8
     1     1     7     8    21     7     0     1   -65.0  -18.191  -64.371   3820.4    514.8
     1     1     7     8    21     6     0     0   -66.0  -18.125  -64.620   3819.8    497.9
     1     1     7     8    21     5     0     1   -67.0  -18.058  -64.897   3821.7    480.5
     1     1     7     8    21     4     0     2   -68.0  -17.987  -65.207   3845.1    467.4
     1     1     7     8    21     3     0     3   -69.0  -17.910  -65.558   3886.6    458.1
     1     1     7     8    21     2     0     2   -70.0  -17.819  -65.954   3915.8    441.3
     1     1     7     8    21     1     0     1   -71.0  -17.712  -66.396   3942.9    419.5
     1     1     7     8    21     0     0     0   -72.0  -17.595  -66.883   3994.0    394.2
     1     1     7     8    20    23     0     1   -73.0  -17.474  -67.400   4122.3    382.8
     1     1     7     8    20    22     0     2   -74.0  -17.357  -67.921   4233.7    376.4
     1     1     7     8    20    21     0     3   -75.0  -17.247  -68.445   4266.3    365.7
     1     1     7     8    20    20     0     2   -76.0  -17.135  -68.969   4269.5    360.2
     1     1     7     8    20    19     0     1   -77.0  -17.005  -69.488   4241.3    353.8
     1     1     7     8    20    18     0     0   -78.0  -16.852  -70.007   4202.3    348.0
     1     1     7     8    20    17     0     1   -79.0  -16.686  -70.482   4320.1    373.6
     1     1     7     8    20    16     0     2   -80.0  -16.522  -70.906   4360.1    381.0
     1     1     7     8    20    15     0     3   -81.0  -16.361  -71.304   4437.6    393.1
     1     1     7     8    20    14     0     2   -82.0  -16.181  -71.679   4510.6    400.1
     1     1     7     8    20    13     0     1   -83.0  -15.957  -72.038   4541.3    396.6
     1     1     7     8    20    12     0     0   -84.0  -15.732  -72.389   4563.9    393.4
     1     1     7     8    20    11     0     1   -85.0  -15.537  -72.743   4579.5    386.4
     1     1     7     8    20    10     0     2   -86.0  -15.353  -73.103   4580.0    378.1
     1     1     7     8    20     9     0     3   -87.0  -15.162  -73.474   4573.7    371.0
     1     1     7     8    20     8     0     2   -88.0  -14.949  -73.847   4572.6    364.9
     1     1     7     8    20     7     0     1   -89.0  -14.732  -74.195   4690.5    381.4
     1     1     7     8    20     6     0     0   -90.0  -14.522  -74.502   4788.9    394.3
     1     1     7     8    20     5     0     1   -91.0  -14.324  -74.775   4837.1    395.7
     1     1     7     8    20     4     0     2   -92.0  -14.143  -75.026   4876.5    390.3
     1     1     7     8    20     3     0     3   -93.0  -13.986  -75.260   5026.3    402.0
     1     1     7     8    20     2     0     2   -94.0  -13.844  -75.469   5181.4    414.3
     1     1     7     8    20     1     0     1   -95.0  -13.702  -75.654   5296.8    423.6
     1     1     7     8    20     0     0     0   -96.0  -13.559  -75.820   5388.2    429.0
     1     1     7     8    19    23     0     1   -97.0  -13.414  -75.976   5461.0    431.2
     1     1     7     8    19    22     0     2   -98.0  -13.268  -76.125   5491.7    430.7
     1     1     7     8    19    21     0     3   -99.0  -13.120  -76.267   5510.8    434.3
     1     1     7     8    19    20     0     2  -100.0  -12.971  -76.387   5530.6    440.7
     1     1     7     8    19    19     0     1  -101.0  -12.819  -76.479   5547.9    441.2
     1     1     7     8    19    18     0     0  -102.0  -12.663  -76.546   5571.3    438.1
     1     1     7     8    19    17     0     1  -103.0  -12.508  -76.595   5598.5    432.1
     1     1     7     8    19    16     0     2  -104.0  -12.356  -76.630   5624.1    425.0
     1     1     7     8    19    15     0     3  -105.0  -12.209  -76.653   5647.2    416.8
     1     1     7     8    19    14     0     2  -106.0  -12.065  -76.669   5679.7    407.5
     1     1     7     8    19    13     0     1  -107.0  -11.921  -76.684   5733.0    396.8
     1     1     7     8    19    12     0     0  -108.0  -11.774  -76.700   5797.8    385.2
     1     1     7     8    19    11     0     1  -109.0  -11.614  -76.714   5835.0    372.7
     1     1     7     8    19    10     0     2  -110.0  -11.433  -76.724   5812.0    362.5
     1     1     7     8    19     9     0     3  -111.0  -11.231  -76.725   5737.6    352.4
     1     1     7     8    19     8     0     2  -112.0  -11.013  -76.716   5649.9    342.5
     1     1     7     8    19     7     0     1  -113.0  -10.783  -76.688   5616.1    335.8
     1     1     7     8    19     6     0     0  -114.0  -10.542  -76.634   5600.6    329.8
     1     1     7     8    19     5     0     1  -115.0  -10.292  -76.550   5602.0    326.9
     1     1     7     8    19     4     0     2  -116.0  -10.045  -76.437   5635.0    329.7
     1     1     7     8    19     3     0     3  -117.0   -9.817  -76.300   5767.5    345.1
     1     1     7     8    19     2     0     2  -118.0   -9.626  -76.148   5931.5    363.0
     1     1     7     8    19     1     0     1  -119.0   -9.478  -75.989   6093.8    381.4
     1     1     7     8    19     0     0     0  -120.0   -9.370  -75.831   6206.4    394.8
