     7     1
    GDAS     7     7    22     0     0
    GDAS     7     8     8     0     0
    GDAS     7     8    15     0     0
    GDAS     7     8    22     0     0
    GDAS     7     8    29     0     0
    GDAS     7     8     1     0     0
    GDAS     7     7    29     0     0
     1 BACKWARD OMEGA   
     7     8    21    12  -23.561  -46.740  4000.0
     1 PRESSURE
     1     1     7     8    21    12     0     0     0.0  -23.561  -46.740   4000.0    586.5
     1     1     7     8    21    11     0     1    -1.0  -23.836  -47.078   4002.7    587.4
     1     1     7     8    21    10     0     2    -2.0  -24.098  -47.433   4044.4    587.2
     1     1     7     8    21     9     0     3    -3.0  -24.351  -47.797   4122.1    587.1
     1     1     7     8    21     8     0     2    -4.0  -24.600  -48.169   4189.9    583.5
     1     1     7     8    21     7     0     1    -5.0  -24.846  -48.559   4216.8    577.7
     1     1     7     8    21     6     0     0    -6.0  -25.098  -48.979   4209.0    568.3
     1     1     7     8    21     5     0     1    -7.0  -25.355  -49.429   4221.3    561.1
     1     1     7     8    21     4     0     2    -8.0  -25.618  -49.910   4286.6    546.5
     1     1     7     8    21     3     0     3    -9.0  -25.878  -50.425   4430.9    535.8
     1     1     7     8    21     2     0     2   -10.0  -26.130  -50.961   4552.5    525.1
     1     1     7     8    21     1     0     1   -11.0  -26.379  -51.500   4605.2    521.3
     1     1     7     8    21     0     0     0   -12.0  -26.630  -52.041   4668.7    522.9
     1     1     7     8    20    23     0     1   -13.0  -26.899  -52.599   4786.1    531.8
     1     1     7     8    20    22     0     2   -14.0  -27.195  -53.189   4895.5    533.8
     1     1     7     8    20    21     0     3   -15.0  -27.510  -53.810   4961.1    528.6
     1     1     7     8    20    20     0     2   -16.0  -27.829  -54.452   5012.8    531.6
     1     1     7     8    20    19     0     1   -17.0  -28.143  -55.101   5042.8    537.0
     1     1     7     8    20    18     0     0   -18.0  -28.453  -55.754   5065.2    541.5
     1     1     7     8    20    17     0     1   -19.0  -28.760  -56.411   5110.6    542.7
     1     1     7     8    20    16     0     2   -20.0  -29.055  -57.074   5185.1    534.9
     1     1     7     8    20    15     0     3   -21.0  -29.328  -57.737   5324.9    529.0
     1     1     7     8    20    14     0     2   -22.0  -29.586  -58.400   5469.7    517.2
     1     1     7     8    20    13     0     1   -23.0  -29.837  -59.061   5598.0    507.5
     1     1     7     8    20    12     0     0   -24.0  -30.083  -59.718   5716.3    501.3
     1     1     7     8    20    11     0     1   -25.0  -30.340  -60.384   5818.8    493.6
     1     1     7     8    20    10     0     2   -26.0  -30.619  -61.070   5917.0    486.3
     1     1     7     8    20     9     0     3   -27.0  -30.905  -61.772   5985.8    476.9
     1     1     7     8    20     8     0     2   -28.0  -31.186  -62.476   6060.0    474.1
     1     1     7     8    20     7     0     1   -29.0  -31.459  -63.173   6115.9    467.6
     1     1     7     8    20     6     0     0   -30.0  -31.716  -63.875   6128.7    448.7
     1     1     7     8    20     5     0     1   -31.0  -31.975  -64.596   6179.4    428.7
     1     1     7     8    20     4     0     2   -32.0  -32.244  -65.334   6302.0    417.7
     1     1     7     8    20     3     0     3   -33.0  -32.486  -66.064   6442.3    415.5
     1     1     7     8    20     2     0     2   -34.0  -32.709  -66.786   6559.7    411.8
     1     1     7     8    20     1     0     1   -35.0  -32.940  -67.513   6752.9    407.6
     1     1     7     8    20     0     0     0   -36.0  -33.182  -68.256   6840.2    388.8
     1     1     7     8    19    23     0     1   -37.0  -33.478  -69.135   6592.5    338.2
     1     1     7     8    19    22     0     2   -38.0  -33.838  -70.221   6443.2    319.2
     1     1     7     8    19    21     0     3   -39.0  -34.116  -71.180   6983.5    395.0
     1     1     7     8    19    20     0     2   -40.0  -34.330  -72.016   7090.5    414.2
     1     1     7     8    19    19     0     1   -41.0  -34.536  -72.839   7118.6    412.4
     1     1     7     8    19    18     0     0   -42.0  -34.739  -73.684   7161.8    412.4
     1     1     7     8    19    17     0     1   -43.0  -34.925  -74.538   7178.1    411.4
     1     1     7     8    19    16     0     2   -44.0  -35.097  -75.421   7220.1    408.0
     1     1     7     8    19    15     0     3   -45.0  -35.253  -76.317   7315.3    403.9
     1     1     7     8    19    14     0     2   -46.0  -35.388  -77.254   7406.1    395.9
     1     1     7     8    19    13     0     1   -47.0  -35.512  -78.239   7510.1    392.9
     1     1     7     8    19    12     0     0   -48.0  -35.618  -79.266   7548.3    388.3
     1     1     7     8    19    11     0     1   -49.0  -35.700  -80.324   7561.6    389.2
     1     1     7     8    19    10     0     2   -50.0  -35.755  -81.423   7553.5    388.3
     1     1     7     8    19     9     0     3   -51.0  -35.787  -82.551   7549.5    388.6
     1     1     7     8    19     8     0     2   -52.0  -35.790  -83.688   7556.9    388.6
     1     1     7     8    19     7     0     1   -53.0  -35.764  -84.831   7552.2    388.2
     1     1     7     8    19     6     0     0   -54.0  -35.709  -85.973   7515.0    391.4
     1     1     7     8    19     5     0     1   -55.0  -35.624  -87.097   7418.6    396.2
     1     1     7     8    19     4     0     2   -56.0  -35.505  -88.216   7328.1    402.7
     1     1     7     8    19     3     0     3   -57.0  -35.347  -89.349   7250.2    406.6
     1     1     7     8    19     2     0     2   -58.0  -35.162  -90.481   7183.1    410.7
     1     1     7     8    19     1     0     1   -59.0  -34.971  -91.597   7106.1    415.3
     1     1     7     8    19     0     0     0   -60.0  -34.778  -92.683   6993.5    421.6
     1     1     7     8    18    23     0     1   -61.0  -34.596  -93.711   6864.6    430.1
     1     1     7     8    18    22     0     2   -62.0  -34.443  -94.685   6755.2    437.0
     1     1     7     8    18    21     0     3   -63.0  -34.331  -95.640   6679.8    441.6
     1     1     7     8    18    20     0     2   -64.0  -34.243  -96.597   6633.3    444.8
     1     1     7     8    18    19     0     1   -65.0  -34.160  -97.557   6603.2    446.9
     1     1     7     8    18    18     0     0   -66.0  -34.090  -98.531   6589.6    448.4
     1     1     7     8    18    17     0     1   -67.0  -34.038  -99.518   6584.7    448.3
     1     1     7     8    18    16     0     2   -68.0  -33.996 -100.511   6577.0    448.8
     1     1     7     8    18    15     0     3   -69.0  -33.974 -101.507   6569.3    449.9
     1     1     7     8    18    14     0     2   -70.0  -33.963 -102.515   6558.2    450.4
     1     1     7     8    18    13     0     1   -71.0  -33.947 -103.550   6535.9    451.6
     1     1     7     8    18    12     0     0   -72.0  -33.931 -104.621   6507.2    453.5
     1     1     7     8    18    11     0     1   -73.0  -33.913 -105.718   6492.0    454.4
     1     1     7     8    18    10     0     2   -74.0  -33.886 -106.847   6481.8    454.9
     1     1     7     8    18     9     0     3   -75.0  -33.845 -108.014   6452.7    456.6
     1     1     7     8    18     8     0     2   -76.0  -33.793 -109.203   6411.7    459.7
     1     1     7     8    18     7     0     1   -77.0  -33.750 -110.410   6400.0    460.9
     1     1     7     8    18     6     0     0   -78.0  -33.731 -111.649   6445.4    458.3
     1     1     7     8    18     5     0     1   -79.0  -33.709 -112.941   6529.7    452.5
     1     1     7     8    18     4     0     2   -80.0  -33.662 -114.293   6623.1    446.3
     1     1     7     8    18     3     0     3   -81.0  -33.591 -115.691   6691.6    441.3
     1     1     7     8    18     2     0     2   -82.0  -33.500 -117.105   6696.0    441.3
     1     1     7     8    18     1     0     1   -83.0  -33.380 -118.533   6679.7    442.7
     1     1     7     8    18     0     0     0   -84.0  -33.218 -119.960   6670.3    443.2
     1     1     7     8    17    23     0     1   -85.0  -33.015 -121.363   6656.4    444.4
     1     1     7     8    17    22     0     2   -86.0  -32.797 -122.731   6638.2    445.6
     1     1     7     8    17    21     0     3   -87.0  -32.595 -124.049   6600.9    448.1
     1     1     7     8    17    20     0     2   -88.0  -32.382 -125.327   6562.5    451.1
     1     1     7     8    17    19     0     1   -89.0  -32.137 -126.584   6572.9    450.7
     1     1     7     8    17    18     0     0   -90.0  -31.912 -127.821   6638.4    446.6
     1     1     7     8    17    17     0     1   -91.0  -31.692 -129.018   6718.2    441.4
     1     1     7     8    17    16     0     2   -92.0  -31.435 -130.168   6803.8    436.7
     1     1     7     8    17    15     0     3   -93.0  -31.168 -131.310   6948.7    428.3
     1     1     7     8    17    14     0     2   -94.0  -30.883 -132.464   7119.3    417.4
     1     1     7     8    17    13     0     1   -95.0  -30.542 -133.603   7225.8    411.1
     1     1     7     8    17    12     0     0   -96.0  -30.156 -134.703   7251.3    409.6
     1     1     7     8    17    11     0     1   -97.0  -29.747 -135.752   7236.0    411.6
     1     1     7     8    17    10     0     2   -98.0  -29.311 -136.742   7238.0    411.5
     1     1     7     8    17     9     0     3   -99.0  -28.852 -137.662   7234.1    411.9
     1     1     7     8    17     8     0     2  -100.0  -28.382 -138.497   7184.9    414.5
     1     1     7     8    17     7     0     1  -101.0  -27.905 -139.236   7082.1    420.6
     1     1     7     8    17     6     0     0  -102.0  -27.432 -139.905   6939.9    428.9
     1     1     7     8    17     5     0     1  -103.0  -26.970 -140.505   6750.8    438.9
     1     1     7     8    17     4     0     2  -104.0  -26.531 -141.046   6546.3    453.4
     1     1     7     8    17     3     0     3  -105.0  -26.103 -141.540   6338.9    465.2
     1     1     7     8    17     2     0     2  -106.0  -25.717 -141.990   6174.0    479.2
     1     1     7     8    17     1     0     1  -107.0  -25.386 -142.423   6083.4    484.0
     1     1     7     8    17     0     0     0  -108.0  -25.088 -142.821   6063.2    485.8
     1     1     7     8    16    23     0     1  -109.0  -24.820 -143.210   6069.3    482.3
     1     1     7     8    16    22     0     2  -110.0  -24.603 -143.608   6035.7    484.9
     1     1     7     8    16    21     0     3  -111.0  -24.432 -144.002   5977.2    489.9
     1     1     7     8    16    20     0     2  -112.0  -24.297 -144.385   5914.1    494.2
     1     1     7     8    16    19     0     1  -113.0  -24.189 -144.766   5862.5    498.4
     1     1     7     8    16    18     0     0  -114.0  -24.098 -145.160   5840.7    500.0
     1     1     7     8    16    17     0     1  -115.0  -24.019 -145.575   5832.5    499.0
     1     1     7     8    16    16     0     2  -116.0  -23.949 -146.025   5822.2    499.9
     1     1     7     8    16    15     0     3  -117.0  -23.876 -146.515   5810.3    500.3
     1     1     7     8    16    14     0     2  -118.0  -23.791 -147.013   5801.4    501.5
     1     1     7     8    16    13     0     1  -119.0  -23.699 -147.499   5804.0    501.2
     1     1     7     8    16    12     0     0  -120.0  -23.606 -147.981   5803.5    500.5
