     7     1
    GDAS     7     7    22     0     0
    GDAS     7     8     8     0     0
    GDAS     7     8    15     0     0
    GDAS     7     8    22     0     0
    GDAS     7     8    29     0     0
    GDAS     7     8     1     0     0
    GDAS     7     7    29     0     0
     1 BACKWARD OMEGA   
     7     8    11    18  -23.561  -46.740  4000.0
     1 PRESSURE
     1     1     7     8    11    18     0     0     0.0  -23.561  -46.740   4000.0    588.8
     1     1     7     8    11    17     0     1    -1.0  -23.453  -47.036   3982.3    587.8
     1     1     7     8    11    16     0     2    -2.0  -23.348  -47.308   3991.9    587.7
     1     1     7     8    11    15     0     3    -3.0  -23.250  -47.560   4012.3    588.7
     1     1     7     8    11    14     0     2    -4.0  -23.166  -47.802   4042.9    589.4
     1     1     7     8    11    13     0     1    -5.0  -23.103  -48.044   4083.6    589.1
     1     1     7     8    11    12     0     0    -6.0  -23.065  -48.299   4129.9    581.8
     1     1     7     8    11    11     0     1    -7.0  -23.043  -48.583   4175.8    571.6
     1     1     7     8    11    10     0     2    -8.0  -23.022  -48.893   4191.8    564.1
     1     1     7     8    11     9     0     3    -9.0  -22.996  -49.216   4187.2    565.8
     1     1     7     8    11     8     0     2   -10.0  -22.949  -49.545   4165.7    574.8
     1     1     7     8    11     7     0     1   -11.0  -22.870  -49.879   4134.8    583.5
     1     1     7     8    11     6     0     0   -12.0  -22.758  -50.216   4093.1    589.2
     1     1     7     8    11     5     0     1   -13.0  -22.614  -50.545   4041.7    593.6
     1     1     7     8    11     4     0     2   -14.0  -22.437  -50.852   3980.6    598.8
     1     1     7     8    11     3     0     3   -15.0  -22.229  -51.125   3911.9    605.8
     1     1     7     8    11     2     0     2   -16.0  -22.003  -51.351   3848.0    615.1
     1     1     7     8    11     1     0     1   -17.0  -21.786  -51.537   3805.5    622.2
     1     1     7     8    11     0     0     0   -18.0  -21.585  -51.701   3791.5    625.2
     1     1     7     8    10    23     0     1   -19.0  -21.394  -51.855   3793.5    624.5
     1     1     7     8    10    22     0     2   -20.0  -21.205  -52.005   3795.7    623.9
     1     1     7     8    10    21     0     3   -21.0  -21.020  -52.153   3795.7    623.0
     1     1     7     8    10    20     0     2   -22.0  -20.831  -52.296   3794.3    622.9
     1     1     7     8    10    19     0     1   -23.0  -20.630  -52.427   3791.4    622.9
     1     1     7     8    10    18     0     0   -24.0  -20.417  -52.545   3783.8    623.2
     1     1     7     8    10    17     0     1   -25.0  -20.197  -52.652   3769.2    624.2
     1     1     7     8    10    16     0     2   -26.0  -19.977  -52.752   3750.1    625.7
     1     1     7     8    10    15     0     3   -27.0  -19.753  -52.844   3728.7    624.2
     1     1     7     8    10    14     0     2   -28.0  -19.516  -52.916   3706.4    620.9
     1     1     7     8    10    13     0     1   -29.0  -19.263  -52.954   3673.1    618.3
     1     1     7     8    10    12     0     0   -30.0  -18.996  -52.956   3623.6    616.5
     1     1     7     8    10    11     0     1   -31.0  -18.732  -52.923   3567.1    618.8
     1     1     7     8    10    10     0     2   -32.0  -18.482  -52.855   3505.0    621.4
     1     1     7     8    10     9     0     3   -33.0  -18.244  -52.756   3443.0    624.2
     1     1     7     8    10     8     0     2   -34.0  -18.015  -52.637   3403.6    627.0
     1     1     7     8    10     7     0     1   -35.0  -17.785  -52.501   3409.8    626.9
     1     1     7     8    10     6     0     0   -36.0  -17.550  -52.341   3454.1    623.1
     1     1     7     8    10     5     0     1   -37.0  -17.314  -52.149   3513.8    616.3
     1     1     7     8    10     4     0     2   -38.0  -17.081  -51.923   3564.3    611.2
     1     1     7     8    10     3     0     3   -39.0  -16.848  -51.660   3604.6    613.1
     1     1     7     8    10     2     0     2   -40.0  -16.617  -51.374   3613.8    618.0
     1     1     7     8    10     1     0     1   -41.0  -16.407  -51.077   3594.7    624.1
     1     1     7     8    10     0     0     0   -42.0  -16.230  -50.761   3564.2    626.2
     1     1     7     8     9    23     0     1   -43.0  -16.084  -50.434   3547.6    623.6
     1     1     7     8     9    22     0     2   -44.0  -15.972  -50.104   3546.8    616.9
     1     1     7     8     9    21     0     3   -45.0  -15.893  -49.776   3547.8    611.0
     1     1     7     8     9    20     0     2   -46.0  -15.824  -49.447   3533.9    607.2
     1     1     7     8     9    19     0     1   -47.0  -15.760  -49.108   3499.0    606.1
     1     1     7     8     9    18     0     0   -48.0  -15.704  -48.756   3453.7    607.2
     1     1     7     8     9    17     0     1   -49.0  -15.655  -48.393   3410.3    608.9
     1     1     7     8     9    16     0     2   -50.0  -15.622  -48.023   3374.6    608.6
     1     1     7     8     9    15     0     3   -51.0  -15.608  -47.649   3359.3    613.8
     1     1     7     8     9    14     0     2   -52.0  -15.598  -47.273   3361.2    618.3
     1     1     7     8     9    13     0     1   -53.0  -15.595  -46.898   3385.6    620.5
     1     1     7     8     9    12     0     0   -54.0  -15.605  -46.525   3423.8    621.4
     1     1     7     8     9    11     0     1   -55.0  -15.598  -46.169   3464.1    621.8
     1     1     7     8     9    10     0     2   -56.0  -15.558  -45.840   3501.2    620.4
     1     1     7     8     9     9     0     3   -57.0  -15.500  -45.535   3539.0    616.9
     1     1     7     8     9     8     0     2   -58.0  -15.436  -45.238   3582.7    613.1
     1     1     7     8     9     7     0     1   -59.0  -15.370  -44.932   3633.6    609.2
     1     1     7     8     9     6     0     0   -60.0  -15.299  -44.616   3692.1    606.6
     1     1     7     8     9     5     0     1   -61.0  -15.227  -44.291   3752.9    605.7
     1     1     7     8     9     4     0     2   -62.0  -15.156  -43.965   3816.2    605.0
     1     1     7     8     9     3     0     3   -63.0  -15.087  -43.647   3871.7    598.4
     1     1     7     8     9     2     0     2   -64.0  -15.022  -43.342   3927.6    590.7
     1     1     7     8     9     1     0     1   -65.0  -14.959  -43.048   3971.3    584.1
     1     1     7     8     9     0     0     0   -66.0  -14.893  -42.757   4001.1    579.7
     1     1     7     8     8    23     0     1   -67.0  -14.829  -42.465   4019.8    576.2
     1     1     7     8     8    22     0     2   -68.0  -14.768  -42.175   4028.1    573.5
     1     1     7     8     8    21     0     3   -69.0  -14.706  -41.890   4029.8    573.6
     1     1     7     8     8    20     0     2   -70.0  -14.644  -41.603   4029.7    577.8
     1     1     7     8     8    19     0     1   -71.0  -14.576  -41.311   4022.1    583.1
     1     1     7     8     8    18     0     0   -72.0  -14.494  -41.013   4008.6    589.7
     1     1     7     8     8    17     0     1   -73.0  -14.401  -40.693   4010.6    597.5
     1     1     7     8     8    16     0     2   -74.0  -14.307  -40.339   4046.7    600.3
     1     1     7     8     8    15     0     3   -75.0  -14.214  -39.951   4114.7    600.4
     1     1     7     8     8    14     0     2   -76.0  -14.117  -39.533   4181.7    602.1
     1     1     7     8     8    13     0     1   -77.0  -14.011  -39.083   4207.1    610.5
     1     1     7     8     8    12     0     0   -78.0  -13.897  -38.612   4183.9    615.5
     1     1     7     8     8    11     0     1   -79.0  -13.788  -38.133   4163.8    621.9
     1     1     7     8     8    10     0     2   -80.0  -13.696  -37.643   4172.4    621.1
     1     1     7     8     8     9     0     3   -81.0  -13.620  -37.146   4198.2    617.3
     1     1     7     8     8     8     0     2   -82.0  -13.564  -36.647   4218.9    614.2
     1     1     7     8     8     7     0     1   -83.0  -13.525  -36.145   4217.4    614.8
     1     1     7     8     8     6     0     0   -84.0  -13.502  -35.639   4203.5    616.3
     1     1     7     8     8     5     0     1   -85.0  -13.496  -35.126   4186.8    617.3
     1     1     7     8     8     4     0     2   -86.0  -13.509  -34.608   4168.1    619.1
     1     1     7     8     8     3     0     3   -87.0  -13.545  -34.088   4143.5    621.4
     1     1     7     8     8     2     0     2   -88.0  -13.602  -33.574   4127.2    624.1
     1     1     7     8     8     1     0     1   -89.0  -13.675  -33.074   4137.2    623.2
     1     1     7     8     8     0     0     0   -90.0  -13.761  -32.589   4166.7    621.0
     1     1     7     8     7    23     0     1   -91.0  -13.860  -32.125   4192.1    617.7
     1     1     7     8     7    22     0     2   -92.0  -13.970  -31.688   4204.0    617.2
     1     1     7     8     7    21     0     3   -93.0  -14.092  -31.276   4216.9    616.5
     1     1     7     8     7    20     0     2   -94.0  -14.227  -30.883   4243.6    615.0
     1     1     7     8     7    19     0     1   -95.0  -14.372  -30.506   4285.9    611.5
     1     1     7     8     7    18     0     0   -96.0  -14.522  -30.148   4336.8    607.4
     1     1     7     8     7    17     0     1   -97.0  -14.675  -29.809   4384.0    603.3
     1     1     7     8     7    16     0     2   -98.0  -14.827  -29.483   4419.7    600.7
     1     1     7     8     7    15     0     3   -99.0  -14.974  -29.168   4447.1    598.9
     1     1     7     8     7    14     0     2  -100.0  -15.115  -28.860   4468.9    597.6
     1     1     7     8     7    13     0     1  -101.0  -15.249  -28.549   4485.3    596.6
     1     1     7     8     7    12     0     0  -102.0  -15.378  -28.235   4495.8    596.1
     1     1     7     8     7    11     0     1  -103.0  -15.493  -27.923   4506.2    595.5
     1     1     7     8     7    10     0     2  -104.0  -15.590  -27.619   4525.1    594.0
     1     1     7     8     7     9     0     3  -105.0  -15.668  -27.322   4555.1    591.4
     1     1     7     8     7     8     0     2  -106.0  -15.735  -27.029   4587.4    588.3
     1     1     7     8     7     7     0     1  -107.0  -15.796  -26.739   4613.0    586.3
     1     1     7     8     7     6     0     0  -108.0  -15.852  -26.450   4632.9    584.8
     1     1     7     8     7     5     0     1  -109.0  -15.903  -26.162   4659.2    583.9
     1     1     7     8     7     4     0     2  -110.0  -15.947  -25.872   4700.2    581.0
     1     1     7     8     7     3     0     3  -111.0  -15.985  -25.578   4750.4    577.3
     1     1     7     8     7     2     0     2  -112.0  -16.018  -25.274   4805.4    573.3
     1     1     7     8     7     1     0     1  -113.0  -16.047  -24.963   4863.9    569.2
     1     1     7     8     7     0     0     0  -114.0  -16.078  -24.646   4923.4    564.9
     1     1     7     8     6    23     0     1  -115.0  -16.120  -24.335   4973.8    560.6
     1     1     7     8     6    22     0     2  -116.0  -16.174  -24.038   5008.6    558.1
     1     1     7     8     6    21     0     3  -117.0  -16.235  -23.757   5033.3    556.4
     1     1     7     8     6    20     0     2  -118.0  -16.296  -23.485   5059.9    555.2
     1     1     7     8     6    19     0     1  -119.0  -16.350  -23.220   5097.4    552.5
     1     1     7     8     6    18     0     0  -120.0  -16.399  -22.962   5145.1    549.1
