     7     1
    GDAS     7     7    22     0     0
    GDAS     7     8     8     0     0
    GDAS     7     8    15     0     0
    GDAS     7     8    22     0     0
    GDAS     7     8    29     0     0
    GDAS     7     8     1     0     0
    GDAS     7     7    29     0     0
     1 BACKWARD OMEGA   
     7     8     1     6  -23.561  -46.740  4000.0
     1 PRESSURE
     1     1     7     8     1     6     0     0     0.0  -23.561  -46.740   4000.0    584.1
     1     1     7     8     1     5     0     1    -1.0  -23.668  -47.041   4044.0    580.1
     1     1     7     8     1     4     0     2    -2.0  -23.802  -47.360   4095.5    577.2
     1     1     7     8     1     3     0     3    -3.0  -23.959  -47.693   4145.0    572.4
     1     1     7     8     1     2     0     2    -4.0  -24.128  -48.039   4201.7    569.6
     1     1     7     8     1     1     0     1    -5.0  -24.300  -48.399   4250.6    566.9
     1     1     7     8     1     0     0     0    -6.0  -24.480  -48.787   4286.5    561.7
     1     1     7     7    31    23     0     1    -7.0  -24.673  -49.220   4326.7    553.6
     1     1     7     7    31    22     0     2    -8.0  -24.879  -49.711   4389.6    541.0
     1     1     7     7    31    21     0     3    -9.0  -25.090  -50.262   4496.1    527.5
     1     1     7     7    31    20     0     2   -10.0  -25.293  -50.854   4633.9    518.5
     1     1     7     7    31    19     0     1   -11.0  -25.487  -51.464   4753.1    512.0
     1     1     7     7    31    18     0     0   -12.0  -25.673  -52.084   4855.0    505.9
     1     1     7     7    31    17     0     1   -13.0  -25.859  -52.690   4963.2    509.0
     1     1     7     7    31    16     0     2   -14.0  -26.049  -53.265   5042.2    513.4
     1     1     7     7    31    15     0     3   -15.0  -26.236  -53.826   5099.5    517.2
     1     1     7     7    31    14     0     2   -16.0  -26.428  -54.385   5166.0    520.2
     1     1     7     7    31    13     0     1   -17.0  -26.628  -54.948   5255.1    519.5
     1     1     7     7    31    12     0     0   -18.0  -26.817  -55.519   5365.4    516.1
     1     1     7     7    31    11     0     1   -19.0  -26.989  -56.079   5487.4    511.7
     1     1     7     7    31    10     0     2   -20.0  -27.157  -56.606   5584.1    507.3
     1     1     7     7    31     9     0     3   -21.0  -27.327  -57.102   5664.8    502.9
     1     1     7     7    31     8     0     2   -22.0  -27.510  -57.579   5742.5    498.6
     1     1     7     7    31     7     0     1   -23.0  -27.708  -58.050   5842.5    491.2
     1     1     7     7    31     6     0     0   -24.0  -27.907  -58.508   5965.5    483.7
     1     1     7     7    31     5     0     1   -25.0  -28.122  -58.949   6087.4    475.5
     1     1     7     7    31     4     0     2   -26.0  -28.378  -59.370   6193.5    469.6
     1     1     7     7    31     3     0     3   -27.0  -28.673  -59.768   6294.4    464.9
     1     1     7     7    31     2     0     2   -28.0  -29.020  -60.165   6409.0    459.7
     1     1     7     7    31     1     0     1   -29.0  -29.426  -60.597   6556.4    447.9
     1     1     7     7    31     0     0     0   -30.0  -29.880  -61.070   6758.1    433.8
     1     1     7     7    30    23     0     1   -31.0  -30.362  -61.587   6987.5    419.2
     1     1     7     7    30    22     0     2   -32.0  -30.852  -62.155   7178.7    404.6
     1     1     7     7    30    21     0     3   -33.0  -31.333  -62.772   7346.3    397.1
     1     1     7     7    30    20     0     2   -34.0  -31.807  -63.439   7411.6    384.0
     1     1     7     7    30    19     0     1   -35.0  -32.292  -64.158   7465.4    369.1
     1     1     7     7    30    18     0     0   -36.0  -32.753  -64.901   7447.0    350.2
     1     1     7     7    30    17     0     1   -37.0  -33.199  -65.661   7496.3    346.8
     1     1     7     7    30    16     0     2   -38.0  -33.669  -66.456   7626.8    354.4
     1     1     7     7    30    15     0     3   -39.0  -34.150  -67.288   7814.9    350.9
     1     1     7     7    30    14     0     2   -40.0  -34.624  -68.214   7911.5    328.5
     1     1     7     7    30    13     0     1   -41.0  -35.076  -69.248   7727.4    297.8
     1     1     7     7    30    12     0     0   -42.0  -35.449  -70.274   7503.5    284.9
     1     1     7     7    30    11     0     1   -43.0  -35.828  -71.326   7870.3    319.8
     1     1     7     7    30    10     0     2   -44.0  -36.232  -72.518   8299.8    340.6
     1     1     7     7    30     9     0     3   -45.0  -36.600  -73.838   8345.3    344.6
     1     1     7     7    30     8     0     2   -46.0  -36.915  -75.270   8276.3    349.8
     1     1     7     7    30     7     0     1   -47.0  -37.215  -76.808   8353.0    345.1
     1     1     7     7    30     6     0     0   -48.0  -37.523  -78.434   8520.1    336.3
     1     1     7     7    30     5     0     1   -49.0  -37.761  -80.155   8780.4    323.5
     1     1     7     7    30     4     0     2   -50.0  -37.938  -81.968   9132.5    306.1
     1     1     7     7    30     3     0     3   -51.0  -38.123  -83.858   9481.5    289.3
     1     1     7     7    30     2     0     2   -52.0  -38.271  -85.919   9594.6    284.0
     1     1     7     7    30     1     0     1   -53.0  -38.254  -88.080   9475.4    289.3
     1     1     7     7    30     0     0     0   -54.0  -38.058  -90.237   9238.5    299.7
     1     1     7     7    29    23     0     1   -55.0  -37.725  -92.385   8953.7    313.6
     1     1     7     7    29    22     0     2   -56.0  -37.314  -94.463   8702.4    325.7
     1     1     7     7    29    21     0     3   -57.0  -36.787  -96.387   8387.4    341.5
     1     1     7     7    29    20     0     2   -58.0  -36.187  -98.151   8048.4    358.8
     1     1     7     7    29    19     0     1   -59.0  -35.531  -99.735   7668.8    379.4
     1     1     7     7    29    18     0     0   -60.0  -34.925 -101.177   7268.6    402.1
     1     1     7     7    29    17     0     1   -61.0  -34.357 -102.479   6950.6    421.1
     1     1     7     7    29    16     0     2   -62.0  -33.793 -103.656   6692.9    436.2
     1     1     7     7    29    15     0     3   -63.0  -33.295 -104.787   6463.2    449.4
     1     1     7     7    29    14     0     2   -64.0  -32.850 -105.938   6255.5    462.9
     1     1     7     7    29    13     0     1   -65.0  -32.428 -107.106   6086.9    472.9
     1     1     7     7    29    12     0     0   -66.0  -32.041 -108.316   5952.6    482.5
     1     1     7     7    29    11     0     1   -67.0  -31.644 -109.609   5937.3    482.8
     1     1     7     7    29    10     0     2   -68.0  -31.201 -110.852   6024.7    477.2
     1     1     7     7    29     9     0     3   -69.0  -30.626 -112.092   6179.5    466.2
     1     1     7     7    29     8     0     2   -70.0  -29.915 -113.230   6199.9    464.7
     1     1     7     7    29     7     0     1   -71.0  -29.240 -114.303   6037.6    477.3
     1     1     7     7    29     6     0     0   -72.0  -28.621 -115.362   5882.8    487.5
     1     1     7     7    29     5     0     1   -73.0  -27.992 -116.419   5696.6    501.1
     1     1     7     7    29     4     0     2   -74.0  -27.282 -117.425   5510.1    511.9
     1     1     7     7    29     3     0     3   -75.0  -26.613 -118.310   5177.7    535.1
     1     1     7     7    29     2     0     2   -76.0  -26.108 -119.268   4920.7    557.4
     1     1     7     7    29     1     0     1   -77.0  -25.596 -120.250   4841.3    560.4
     1     1     7     7    29     0     0     0   -78.0  -25.099 -121.150   4692.2    572.0
     1     1     7     7    28    23     0     1   -79.0  -24.707 -122.071   4528.2    584.6
     1     1     7     7    28    22     0     2   -80.0  -24.433 -123.007   4313.6    600.4
     1     1     7     7    28    21     0     3   -81.0  -24.317 -123.994   4070.0    621.3
     1     1     7     7    28    20     0     2   -82.0  -24.277 -125.053   3930.6    632.6
     1     1     7     7    28    19     0     1   -83.0  -24.170 -126.111   3856.8    638.5
     1     1     7     7    28    18     0     0   -84.0  -24.011 -127.152   3856.1    639.9
     1     1     7     7    28    17     0     1   -85.0  -23.766 -128.114   3944.3    631.3
     1     1     7     7    28    16     0     2   -86.0  -23.441 -128.961   4001.3    626.6
     1     1     7     7    28    15     0     3   -87.0  -23.059 -129.741   3975.5    627.5
     1     1     7     7    28    14     0     2   -88.0  -22.646 -130.475   3912.2    634.0
     1     1     7     7    28    13     0     1   -89.0  -22.247 -131.140   3854.1    640.8
     1     1     7     7    28    12     0     0   -90.0  -21.875 -131.743   3829.7    644.1
     1     1     7     7    28    11     0     1   -91.0  -21.535 -132.305   3823.5    642.9
     1     1     7     7    28    10     0     2   -92.0  -21.217 -132.832   3810.8    644.4
     1     1     7     7    28     9     0     3   -93.0  -20.919 -133.325   3787.6    646.4
     1     1     7     7    28     8     0     2   -94.0  -20.641 -133.773   3736.6    649.5
     1     1     7     7    28     7     0     1   -95.0  -20.369 -134.162   3652.6    657.1
     1     1     7     7    28     6     0     0   -96.0  -20.082 -134.497   3548.4    666.0
     1     1     7     7    28     5     0     1   -97.0  -19.784 -134.769   3435.6    675.9
     1     1     7     7    28     4     0     2   -98.0  -19.498 -134.974   3329.6    685.2
     1     1     7     7    28     3     0     3   -99.0  -19.235 -135.111   3245.8    693.0
     1     1     7     7    28     2     0     2  -100.0  -18.995 -135.191   3192.5    697.5
     1     1     7     7    28     1     0     1  -101.0  -18.781 -135.233   3161.2    699.5
     1     1     7     7    28     0     0     0  -102.0  -18.591 -135.263   3141.1    701.1
     1     1     7     7    27    23     0     1  -103.0  -18.428 -135.278   3127.1    702.3
     1     1     7     7    27    22     0     2  -104.0  -18.293 -135.278   3117.8    703.6
     1     1     7     7    27    21     0     3  -105.0  -18.181 -135.263   3117.2    704.2
     1     1     7     7    27    20     0     2  -106.0  -18.093 -135.240   3123.6    703.4
     1     1     7     7    27    19     0     1  -107.0  -18.023 -135.215   3133.0    702.6
     1     1     7     7    27    18     0     0  -108.0  -17.970 -135.193   3144.2    701.7
     1     1     7     7    27    17     0     1  -109.0  -17.928 -135.172   3152.3    700.2
     1     1     7     7    27    16     0     2  -110.0  -17.895 -135.151   3152.7    699.8
     1     1     7     7    27    15     0     3  -111.0  -17.871 -135.129   3144.8    700.0
     1     1     7     7    27    14     0     2  -112.0  -17.846 -135.107   3137.7    701.3
     1     1     7     7    27    13     0     1  -113.0  -17.817 -135.088   3140.4    701.1
     1     1     7     7    27    12     0     0  -114.0  -17.784 -135.071   3153.2    700.0
     1     1     7     7    27    11     0     1  -115.0  -17.757 -135.053   3170.8    698.3
     1     1     7     7    27    10     0     2  -116.0  -17.742 -135.035   3188.1    697.1
     1     1     7     7    27     9     0     3  -117.0  -17.738 -135.016   3204.9    695.9
     1     1     7     7    27     8     0     2  -118.0  -17.742 -134.995   3215.5    694.6
     1     1     7     7    27     7     0     1  -119.0  -17.753 -134.973   3214.4    694.7
     1     1     7     7    27     6     0     0  -120.0  -17.772 -134.951   3201.7    695.8
