     7     1
    GDAS     7     7    22     0     0
    GDAS     7     8     8     0     0
    GDAS     7     8    15     0     0
    GDAS     7     8    22     0     0
    GDAS     7     8    29     0     0
    GDAS     7     8     1     0     0
    GDAS     7     7    29     0     0
     1 BACKWARD OMEGA   
     7     8     4     0  -23.561  -46.740  4000.0
     1 PRESSURE
     1     1     7     8     4     0     0     0     0.0  -23.561  -46.740   4000.0    588.6
     1     1     7     8     3    23     0     1    -1.0  -23.407  -47.119   4024.5    583.1
     1     1     7     8     3    22     0     2    -2.0  -23.240  -47.510   4052.4    582.8
     1     1     7     8     3    21     0     3    -3.0  -23.066  -47.897   4059.2    587.1
     1     1     7     8     3    20     0     2    -4.0  -22.884  -48.271   4019.3    588.1
     1     1     7     8     3    19     0     1    -5.0  -22.683  -48.632   3964.3    588.8
     1     1     7     8     3    18     0     0    -6.0  -22.469  -48.976   3914.6    593.3
     1     1     7     8     3    17     0     1    -7.0  -22.253  -49.295   3890.0    602.1
     1     1     7     8     3    16     0     2    -8.0  -22.044  -49.589   3887.1    606.4
     1     1     7     8     3    15     0     3    -9.0  -21.835  -49.861   3903.2    606.3
     1     1     7     8     3    14     0     2   -10.0  -21.626  -50.118   3929.3    604.2
     1     1     7     8     3    13     0     1   -11.0  -21.421  -50.364   3957.1    603.9
     1     1     7     8     3    12     0     0   -12.0  -21.221  -50.605   3990.3    604.1
     1     1     7     8     3    11     0     1   -13.0  -21.028  -50.840   4032.2    604.0
     1     1     7     8     3    10     0     2   -14.0  -20.835  -51.069   4074.2    601.6
     1     1     7     8     3     9     0     3   -15.0  -20.637  -51.287   4110.1    597.6
     1     1     7     8     3     8     0     2   -16.0  -20.424  -51.496   4143.1    594.5
     1     1     7     8     3     7     0     1   -17.0  -20.191  -51.696   4176.5    591.0
     1     1     7     8     3     6     0     0   -18.0  -19.939  -51.887   4214.5    586.6
     1     1     7     8     3     5     0     1   -19.0  -19.670  -52.052   4249.4    579.9
     1     1     7     8     3     4     0     2   -20.0  -19.392  -52.175   4274.8    574.5
     1     1     7     8     3     3     0     3   -21.0  -19.107  -52.258   4285.3    569.8
     1     1     7     8     3     2     0     2   -22.0  -18.812  -52.303   4282.9    566.9
     1     1     7     8     3     1     0     1   -23.0  -18.505  -52.306   4269.8    565.8
     1     1     7     8     3     0     0     0   -24.0  -18.183  -52.265   4249.4    565.0
     1     1     7     8     2    23     0     1   -25.0  -17.848  -52.186   4242.8    564.9
     1     1     7     8     2    22     0     2   -26.0  -17.507  -52.077   4267.7    562.3
     1     1     7     8     2    21     0     3   -27.0  -17.171  -51.938   4323.0    557.3
     1     1     7     8     2    20     0     2   -28.0  -16.843  -51.769   4391.6    554.9
     1     1     7     8     2    19     0     1   -29.0  -16.526  -51.573   4437.9    558.9
     1     1     7     8     2    18     0     0   -30.0  -16.224  -51.359   4449.8    563.9
     1     1     7     8     2    17     0     1   -31.0  -15.947  -51.134   4438.0    569.1
     1     1     7     8     2    16     0     2   -32.0  -15.701  -50.901   4413.0    571.3
     1     1     7     8     2    15     0     3   -33.0  -15.483  -50.653   4384.4    571.0
     1     1     7     8     2    14     0     2   -34.0  -15.288  -50.390   4359.9    569.0
     1     1     7     8     2    13     0     1   -35.0  -15.111  -50.112   4337.8    566.1
     1     1     7     8     2    12     0     0   -36.0  -14.951  -49.821   4323.3    564.7
     1     1     7     8     2    11     0     1   -37.0  -14.810  -49.520   4311.9    564.6
     1     1     7     8     2    10     0     2   -38.0  -14.694  -49.218   4296.8    564.7
     1     1     7     8     2     9     0     3   -39.0  -14.603  -48.920   4279.6    564.3
     1     1     7     8     2     8     0     2   -40.0  -14.531  -48.627   4262.0    563.1
     1     1     7     8     2     7     0     1   -41.0  -14.468  -48.336   4249.3    561.6
     1     1     7     8     2     6     0     0   -42.0  -14.407  -48.049   4241.6    560.1
     1     1     7     8     2     5     0     1   -43.0  -14.347  -47.764   4243.4    561.1
     1     1     7     8     2     4     0     2   -44.0  -14.286  -47.481   4247.3    562.3
     1     1     7     8     2     3     0     3   -45.0  -14.226  -47.204   4254.8    562.6
     1     1     7     8     2     2     0     2   -46.0  -14.170  -46.929   4264.0    561.7
     1     1     7     8     2     1     0     1   -47.0  -14.122  -46.656   4269.4    561.2
     1     1     7     8     2     0     0     0   -48.0  -14.080  -46.386   4268.1    561.4
     1     1     7     8     1    23     0     1   -49.0  -14.039  -46.119   4266.3    561.8
     1     1     7     8     1    22     0     2   -50.0  -13.996  -45.856   4271.2    560.9
     1     1     7     8     1    21     0     3   -51.0  -13.955  -45.598   4288.1    558.4
     1     1     7     8     1    20     0     2   -52.0  -13.920  -45.344   4313.0    555.2
     1     1     7     8     1    19     0     1   -53.0  -13.891  -45.092   4334.3    552.7
     1     1     7     8     1    18     0     0   -54.0  -13.861  -44.842   4354.7    553.9
     1     1     7     8     1    17     0     1   -55.0  -13.828  -44.592   4369.7    557.9
     1     1     7     8     1    16     0     2   -56.0  -13.793  -44.341   4378.3    562.1
     1     1     7     8     1    15     0     3   -57.0  -13.755  -44.089   4386.1    566.3
     1     1     7     8     1    14     0     2   -58.0  -13.721  -43.839   4389.3    566.6
     1     1     7     8     1    13     0     1   -59.0  -13.701  -43.601   4396.8    564.2
     1     1     7     8     1    12     0     0   -60.0  -13.694  -43.379   4412.5    561.5
     1     1     7     8     1    11     0     1   -61.0  -13.710  -43.179   4432.1    558.0
     1     1     7     8     1    10     0     2   -62.0  -13.758  -43.007   4452.9    554.6
     1     1     7     8     1     9     0     3   -63.0  -13.835  -42.868   4477.1    551.1
     1     1     7     8     1     8     0     2   -64.0  -13.922  -42.754   4517.1    548.3
     1     1     7     8     1     7     0     1   -65.0  -14.005  -42.655   4584.2    543.5
     1     1     7     8     1     6     0     0   -66.0  -14.081  -42.571   4677.1    536.6
     1     1     7     8     1     5     0     1   -67.0  -14.149  -42.495   4780.7    528.0
     1     1     7     8     1     4     0     2   -68.0  -14.206  -42.420   4875.3    521.2
     1     1     7     8     1     3     0     3   -69.0  -14.253  -42.345   4959.4    515.3
     1     1     7     8     1     2     0     2   -70.0  -14.301  -42.277   5029.2    509.7
     1     1     7     8     1     1     0     1   -71.0  -14.364  -42.226   5080.3    505.5
     1     1     7     8     1     0     0     0   -72.0  -14.439  -42.191   5111.2    502.5
     1     1     7     7    31    23     0     1   -73.0  -14.521  -42.170   5127.2    500.6
     1     1     7     7    31    22     0     2   -74.0  -14.607  -42.163   5133.7    499.0
     1     1     7     7    31    21     0     3   -75.0  -14.692  -42.166   5130.2    498.1
     1     1     7     7    31    20     0     2   -76.0  -14.775  -42.181   5116.6    498.5
     1     1     7     7    31    19     0     1   -77.0  -14.853  -42.206   5093.6    499.6
     1     1     7     7    31    18     0     0   -78.0  -14.927  -42.241   5061.6    501.5
     1     1     7     7    31    17     0     1   -79.0  -14.999  -42.278   5033.6    503.9
     1     1     7     7    31    16     0     2   -80.0  -15.074  -42.319   5024.6    504.9
     1     1     7     7    31    15     0     3   -81.0  -15.153  -42.366   5032.6    504.8
     1     1     7     7    31    14     0     2   -82.0  -15.242  -42.422   5053.5    503.4
     1     1     7     7    31    13     0     1   -83.0  -15.348  -42.488   5082.9    501.7
     1     1     7     7    31    12     0     0   -84.0  -15.468  -42.569   5119.0    499.6
     1     1     7     7    31    11     0     1   -85.0  -15.594  -42.670   5158.6    496.7
     1     1     7     7    31    10     0     2   -86.0  -15.719  -42.789   5204.9    493.9
     1     1     7     7    31     9     0     3   -87.0  -15.839  -42.927   5269.5    490.1
     1     1     7     7    31     8     0     2   -88.0  -15.952  -43.081   5348.8    484.8
     1     1     7     7    31     7     0     1   -89.0  -16.053  -43.243   5425.4    480.3
     1     1     7     7    31     6     0     0   -90.0  -16.144  -43.411   5487.8    476.6
     1     1     7     7    31     5     0     1   -91.0  -16.232  -43.575   5544.5    474.3
     1     1     7     7    31     4     0     2   -92.0  -16.323  -43.734   5607.7    470.5
     1     1     7     7    31     3     0     3   -93.0  -16.414  -43.893   5676.9    466.0
     1     1     7     7    31     2     0     2   -94.0  -16.507  -44.057   5745.9    461.0
     1     1     7     7    31     1     0     1   -95.0  -16.606  -44.234   5814.7    458.0
     1     1     7     7    31     0     0     0   -96.0  -16.708  -44.421   5885.2    455.3
     1     1     7     7    30    23     0     1   -97.0  -16.810  -44.624   5958.2    452.5
     1     1     7     7    30    22     0     2   -98.0  -16.908  -44.841   6031.4    450.4
     1     1     7     7    30    21     0     3   -99.0  -16.994  -45.065   6099.6    448.3
     1     1     7     7    30    20     0     2  -100.0  -17.081  -45.303   6158.1    444.6
     1     1     7     7    30    19     0     1  -101.0  -17.177  -45.565   6220.0    440.2
     1     1     7     7    30    18     0     0  -102.0  -17.273  -45.845   6280.4    435.8
     1     1     7     7    30    17     0     1  -103.0  -17.370  -46.133   6334.5    431.6
     1     1     7     7    30    16     0     2  -104.0  -17.475  -46.425   6385.4    427.1
     1     1     7     7    30    15     0     3  -105.0  -17.584  -46.718   6439.3    423.1
     1     1     7     7    30    14     0     2  -106.0  -17.692  -47.020   6489.7    418.9
     1     1     7     7    30    13     0     1  -107.0  -17.800  -47.334   6530.2    416.1
     1     1     7     7    30    12     0     0  -108.0  -17.909  -47.655   6567.8    414.2
     1     1     7     7    30    11     0     1  -109.0  -18.021  -47.980   6609.3    412.4
     1     1     7     7    30    10     0     2  -110.0  -18.146  -48.312   6651.8    410.3
     1     1     7     7    30     9     0     3  -111.0  -18.295  -48.655   6680.1    409.8
     1     1     7     7    30     8     0     2  -112.0  -18.469  -49.012   6676.5    411.2
     1     1     7     7    30     7     0     1  -113.0  -18.667  -49.386   6646.0    415.8
     1     1     7     7    30     6     0     0  -114.0  -18.889  -49.779   6626.2    420.1
     1     1     7     7    30     5     0     1  -115.0  -19.124  -50.192   6634.2    423.2
     1     1     7     7    30     4     0     2  -116.0  -19.353  -50.622   6655.7    424.1
     1     1     7     7    30     3     0     3  -117.0  -19.573  -51.055   6667.5    425.5
     1     1     7     7    30     2     0     2  -118.0  -19.784  -51.493   6655.3    426.2
     1     1     7     7    30     1     0     1  -119.0  -19.989  -51.933   6643.6    427.9
     1     1     7     7    30     0     0     0  -120.0  -20.193  -52.371   6650.8    430.0
