     7     1
    GDAS     7     7    22     0     0
    GDAS     7     8     8     0     0
    GDAS     7     8    15     0     0
    GDAS     7     8    22     0     0
    GDAS     7     8    29     0     0
    GDAS     7     8     1     0     0
    GDAS     7     7    29     0     0
     1 BACKWARD OMEGA   
     7     8     2     0  -23.561  -46.740  4000.0
     1 PRESSURE
     1     1     7     8     2     0     0     0     0.0  -23.561  -46.740   4000.0    586.9
     1     1     7     8     1    23     0     1    -1.0  -23.489  -47.008   4011.9    582.2
     1     1     7     8     1    22     0     2    -2.0  -23.403  -47.266   4029.8    581.5
     1     1     7     8     1    21     0     3    -3.0  -23.306  -47.506   4050.5    581.5
     1     1     7     8     1    20     0     2    -4.0  -23.204  -47.731   4069.1    582.3
     1     1     7     8     1    19     0     1    -5.0  -23.104  -47.942   4077.5    585.1
     1     1     7     8     1    18     0     0    -6.0  -23.009  -48.141   4062.5    585.5
     1     1     7     8     1    17     0     1    -7.0  -22.925  -48.339   4040.5    584.9
     1     1     7     8     1    16     0     2    -8.0  -22.852  -48.542   4034.4    582.8
     1     1     7     8     1    15     0     3    -9.0  -22.787  -48.749   4046.1    580.0
     1     1     7     8     1    14     0     2   -10.0  -22.728  -48.959   4068.6    575.9
     1     1     7     8     1    13     0     1   -11.0  -22.676  -49.162   4101.2    576.0
     1     1     7     8     1    12     0     0   -12.0  -22.634  -49.355   4134.6    576.5
     1     1     7     8     1    11     0     1   -13.0  -22.597  -49.539   4163.7    576.5
     1     1     7     8     1    10     0     2   -14.0  -22.564  -49.718   4186.3    576.9
     1     1     7     8     1     9     0     3   -15.0  -22.534  -49.891   4206.2    577.3
     1     1     7     8     1     8     0     2   -16.0  -22.513  -50.060   4217.2    577.3
     1     1     7     8     1     7     0     1   -17.0  -22.502  -50.224   4210.4    577.8
     1     1     7     8     1     6     0     0   -18.0  -22.501  -50.381   4187.6    579.6
     1     1     7     8     1     5     0     1   -19.0  -22.512  -50.535   4169.2    582.8
     1     1     7     8     1     4     0     2   -20.0  -22.538  -50.687   4174.8    582.8
     1     1     7     8     1     3     0     3   -21.0  -22.580  -50.838   4204.8    581.0
     1     1     7     8     1     2     0     2   -22.0  -22.637  -50.998   4251.5    577.0
     1     1     7     8     1     1     0     1   -23.0  -22.708  -51.170   4309.9    574.3
     1     1     7     8     1     0     0     0   -24.0  -22.792  -51.355   4379.4    570.7
     1     1     7     7    31    23     0     1   -25.0  -22.900  -51.559   4455.8    565.7
     1     1     7     7    31    22     0     2   -26.0  -23.038  -51.794   4527.3    560.6
     1     1     7     7    31    21     0     3   -27.0  -23.209  -52.060   4577.5    556.0
     1     1     7     7    31    20     0     2   -28.0  -23.399  -52.357   4604.6    554.1
     1     1     7     7    31    19     0     1   -29.0  -23.600  -52.681   4620.1    553.2
     1     1     7     7    31    18     0     0   -30.0  -23.810  -53.029   4626.3    553.7
     1     1     7     7    31    17     0     1   -31.0  -24.029  -53.392   4632.9    556.1
     1     1     7     7    31    16     0     2   -32.0  -24.249  -53.762   4643.8    556.5
     1     1     7     7    31    15     0     3   -33.0  -24.468  -54.136   4663.1    555.9
     1     1     7     7    31    14     0     2   -34.0  -24.684  -54.529   4698.9    555.6
     1     1     7     7    31    13     0     1   -35.0  -24.902  -54.957   4763.0    556.5
     1     1     7     7    31    12     0     0   -36.0  -25.120  -55.419   4830.9    551.0
     1     1     7     7    31    11     0     1   -37.0  -25.310  -55.896   4899.3    542.9
     1     1     7     7    31    10     0     2   -38.0  -25.465  -56.359   4973.2    542.4
     1     1     7     7    31     9     0     3   -39.0  -25.595  -56.806   5042.4    543.9
     1     1     7     7    31     8     0     2   -40.0  -25.728  -57.242   5100.3    542.1
     1     1     7     7    31     7     0     1   -41.0  -25.892  -57.668   5155.9    536.2
     1     1     7     7    31     6     0     0   -42.0  -26.081  -58.083   5217.3    531.1
     1     1     7     7    31     5     0     1   -43.0  -26.301  -58.482   5293.3    529.2
     1     1     7     7    31     4     0     2   -44.0  -26.558  -58.859   5375.7    525.1
     1     1     7     7    31     3     0     3   -45.0  -26.844  -59.212   5471.4    518.7
     1     1     7     7    31     2     0     2   -46.0  -27.167  -59.563   5606.4    509.2
     1     1     7     7    31     1     0     1   -47.0  -27.545  -59.928   5792.8    496.7
     1     1     7     7    31     0     0     0   -48.0  -27.992  -60.296   6036.5    481.7
     1     1     7     7    30    23     0     1   -49.0  -28.504  -60.679   6296.0    461.5
     1     1     7     7    30    22     0     2   -50.0  -29.079  -61.089   6551.1    444.3
     1     1     7     7    30    21     0     3   -51.0  -29.708  -61.520   6869.0    428.1
     1     1     7     7    30    20     0     2   -52.0  -30.356  -62.001   7182.1    405.9
     1     1     7     7    30    19     0     1   -53.0  -31.015  -62.554   7449.3    390.8
     1     1     7     7    30    18     0     0   -54.0  -31.718  -63.149   7656.0    376.6
     1     1     7     7    30    17     0     1   -55.0  -32.425  -63.788   7789.3    358.2
     1     1     7     7    30    16     0     2   -56.0  -33.107  -64.479   7834.4    344.4
     1     1     7     7    30    15     0     3   -57.0  -33.821  -65.224   7871.2    344.2
     1     1     7     7    30    14     0     2   -58.0  -34.520  -66.058   7857.7    348.6
     1     1     7     7    30    13     0     1   -59.0  -35.168  -67.031   7972.3    350.6
     1     1     7     7    30    12     0     0   -60.0  -35.821  -68.187   7826.5    316.8
     1     1     7     7    30    11     0     1   -61.0  -36.419  -69.468   7587.9    301.2
     1     1     7     7    30    10     0     2   -62.0  -36.991  -70.841   7384.6    305.5
     1     1     7     7    30     9     0     3   -63.0  -37.495  -72.482   7834.0    349.8
     1     1     7     7    30     8     0     2   -64.0  -37.858  -74.285   8029.1    357.7
     1     1     7     7    30     7     0     1   -65.0  -38.165  -76.119   8231.9    348.3
     1     1     7     7    30     6     0     0   -66.0  -38.492  -78.045   8466.5    335.5
     1     1     7     7    30     5     0     1   -67.0  -38.738  -80.100   8581.9    330.4
     1     1     7     7    30     4     0     2   -68.0  -38.880  -82.243   8570.4    330.2
     1     1     7     7    30     3     0     3   -69.0  -38.959  -84.400   8366.3    340.1
     1     1     7     7    30     2     0     2   -70.0  -38.914  -86.557   8085.0    354.6
     1     1     7     7    30     1     0     1   -71.0  -38.807  -88.718   7877.3    365.4
     1     1     7     7    30     0     0     0   -72.0  -38.661  -90.899   7795.6    368.6
     1     1     7     7    29    23     0     1   -73.0  -38.426  -93.102   7716.3    372.8
     1     1     7     7    29    22     0     2   -74.0  -38.175  -95.296   7677.3    374.7
     1     1     7     7    29    21     0     3   -75.0  -37.889  -97.541   7719.0    372.1
     1     1     7     7    29    20     0     2   -76.0  -37.454  -99.782   7732.9    371.3
     1     1     7     7    29    19     0     1   -77.0  -36.967 -101.978   7717.7    373.0
     1     1     7     7    29    18     0     0   -78.0  -36.407 -104.127   7733.0    372.8
     1     1     7     7    29    17     0     1   -79.0  -35.692 -106.227   7784.4    368.8
     1     1     7     7    29    16     0     2   -80.0  -34.927 -108.287   7781.2    368.9
     1     1     7     7    29    15     0     3   -81.0  -34.152 -110.273   7683.3    374.9
     1     1     7     7    29    14     0     2   -82.0  -33.352 -112.133   7627.5    379.0
     1     1     7     7    29    13     0     1   -83.0  -32.488 -113.911   7744.7    372.2
     1     1     7     7    29    12     0     0   -84.0  -31.519 -115.614   7841.9    367.2
     1     1     7     7    29    11     0     1   -85.0  -30.496 -117.156   7875.6    366.9
     1     1     7     7    29    10     0     2   -86.0  -29.531 -118.599   7893.8    366.1
     1     1     7     7    29     9     0     3   -87.0  -28.660 -119.968   7856.0    370.8
     1     1     7     7    29     8     0     2   -88.0  -27.908 -121.322   7919.3    366.8
     1     1     7     7    29     7     0     1   -89.0  -27.303 -122.709   7900.7    367.9
     1     1     7     7    29     6     0     0   -90.0  -26.825 -124.117   7821.6    372.2
     1     1     7     7    29     5     0     1   -91.0  -26.474 -125.560   7689.4    379.4
     1     1     7     7    29     4     0     2   -92.0  -26.260 -127.028   7569.2    386.9
     1     1     7     7    29     3     0     3   -93.0  -26.163 -128.525   7482.2    390.4
     1     1     7     7    29     2     0     2   -94.0  -26.163 -130.025   7341.8    398.8
     1     1     7     7    29     1     0     1   -95.0  -26.271 -131.532   7237.3    404.4
     1     1     7     7    29     0     0     0   -96.0  -26.461 -133.034   7188.3    407.1
     1     1     7     7    28    23     0     1   -97.0  -26.722 -134.496   7162.6    408.7
     1     1     7     7    28    22     0     2   -98.0  -27.097 -135.927   7133.9    411.0
     1     1     7     7    28    21     0     3   -99.0  -27.559 -137.341   7166.9    409.5
     1     1     7     7    28    20     0     2  -100.0  -28.086 -138.744   7232.1    405.3
     1     1     7     7    28    19     0     1  -101.0  -28.667 -140.080   7292.0    402.5
     1     1     7     7    28    18     0     0  -102.0  -29.286 -141.356   7400.4    396.8
     1     1     7     7    28    17     0     1  -103.0  -29.941 -142.577   7582.1    386.2
     1     1     7     7    28    16     0     2  -104.0  -30.653 -143.771   7787.2    374.5
     1     1     7     7    28    15     0     3  -105.0  -31.402 -144.950   7963.2    364.7
     1     1     7     7    28    14     0     2  -106.0  -32.140 -146.101   8117.2    357.0
     1     1     7     7    28    13     0     1  -107.0  -32.865 -147.241   8292.1    348.3
     1     1     7     7    28    12     0     0  -108.0  -33.600 -148.416   8530.7    336.1
     1     1     7     7    28    11     0     1  -109.0  -34.356 -149.693   8789.6    322.5
     1     1     7     7    28    10     0     2  -110.0  -35.128 -151.081   8999.5    312.2
     1     1     7     7    28     9     0     3  -111.0  -35.948 -152.591   9173.1    304.1
     1     1     7     7    28     8     0     2  -112.0  -36.713 -154.241   9395.7    293.7
     1     1     7     7    28     7     0     1  -113.0  -37.294 -156.081   9665.1    281.2
     1     1     7     7    28     6     0     0  -114.0  -37.692 -158.107   9856.5    273.0
     1     1     7     7    28     5     0     1  -115.0  -37.888 -160.233   9987.4    267.5
     1     1     7     7    28     4     0     2  -116.0  -37.840 -162.434  10075.7    263.9
     1     1     7     7    28     3     0     3  -117.0  -37.531 -164.667  10111.6    262.6
     1     1     7     7    28     2     0     2  -118.0  -36.971 -166.790  10086.3    264.0
     1     1     7     7    28     1     0     1  -119.0  -36.216 -168.694  10024.6    267.1
     1     1     7     7    28     0     0     0  -120.0  -35.264 -170.360   9914.8    272.0
