     7     1
    GDAS     7     7    22     0     0
    GDAS     7     8     8     0     0
    GDAS     7     8    15     0     0
    GDAS     7     8    22     0     0
    GDAS     7     8    29     0     0
    GDAS     7     8     1     0     0
    GDAS     7     7    29     0     0
     1 BACKWARD OMEGA   
     7     8    30    18  -23.561  -46.740  4000.0
     1 PRESSURE
     1     1     7     8    30    18     0     0     0.0  -23.561  -46.740   4000.0    588.5
     1     1     7     8    30    17     0     1    -1.0  -23.543  -46.973   4026.9    583.6
     1     1     7     8    30    16     0     2    -2.0  -23.546  -47.246   4040.5    583.2
     1     1     7     8    30    15     0     3    -3.0  -23.575  -47.557   4034.3    585.0
     1     1     7     8    30    14     0     2    -4.0  -23.611  -47.909   4012.1    587.4
     1     1     7     8    30    13     0     1    -5.0  -23.635  -48.302   3969.7    587.3
     1     1     7     8    30    12     0     0    -6.0  -23.650  -48.727   3914.6    587.1
     1     1     7     8    30    11     0     1    -7.0  -23.638  -49.173   3850.2    589.4
     1     1     7     8    30    10     0     2    -8.0  -23.580  -49.636   3780.0    597.7
     1     1     7     8    30     9     0     3    -9.0  -23.477  -50.115   3701.7    608.2
     1     1     7     8    30     8     0     2   -10.0  -23.324  -50.585   3612.7    619.7
     1     1     7     8    30     7     0     1   -11.0  -23.114  -51.017   3521.9    632.4
     1     1     7     8    30     6     0     0   -12.0  -22.856  -51.409   3434.6    644.8
     1     1     7     8    30     5     0     1   -13.0  -22.580  -51.766   3374.3    656.7
     1     1     7     8    30     4     0     2   -14.0  -22.307  -52.100   3358.4    662.2
     1     1     7     8    30     3     0     3   -15.0  -22.038  -52.420   3369.7    661.4
     1     1     7     8    30     2     0     2   -16.0  -21.774  -52.731   3386.8    656.9
     1     1     7     8    30     1     0     1   -17.0  -21.515  -53.026   3391.3    655.8
     1     1     7     8    30     0     0     0   -18.0  -21.259  -53.297   3374.6    655.8
     1     1     7     8    29    23     0     1   -19.0  -21.006  -53.542   3343.2    655.7
     1     1     7     8    29    22     0     2   -20.0  -20.755  -53.761   3321.3    653.9
     1     1     7     8    29    21     0     3   -21.0  -20.507  -53.948   3327.8    649.4
     1     1     7     8    29    20     0     2   -22.0  -20.270  -54.120   3361.5    644.7
     1     1     7     8    29    19     0     1   -23.0  -20.043  -54.294   3401.7    642.4
     1     1     7     8    29    18     0     0   -24.0  -19.817  -54.466   3436.6    642.3
     1     1     7     8    29    17     0     1   -25.0  -19.591  -54.628   3462.2    643.8
     1     1     7     8    29    16     0     2   -26.0  -19.371  -54.780   3483.8    645.3
     1     1     7     8    29    15     0     3   -27.0  -19.158  -54.923   3506.2    646.7
     1     1     7     8    29    14     0     2   -28.0  -18.953  -55.062   3524.5    647.5
     1     1     7     8    29    13     0     1   -29.0  -18.752  -55.198   3531.3    650.1
     1     1     7     8    29    12     0     0   -30.0  -18.553  -55.333   3528.6    653.2
     1     1     7     8    29    11     0     1   -31.0  -18.353  -55.453   3529.3    655.6
     1     1     7     8    29    10     0     2   -32.0  -18.149  -55.545   3539.9    655.4
     1     1     7     8    29     9     0     3   -33.0  -17.945  -55.621   3555.6    654.2
     1     1     7     8    29     8     0     2   -34.0  -17.747  -55.692   3560.8    652.7
     1     1     7     8    29     7     0     1   -35.0  -17.554  -55.765   3543.3    654.0
     1     1     7     8    29     6     0     0   -36.0  -17.362  -55.840   3502.5    657.1
     1     1     7     8    29     5     0     1   -37.0  -17.165  -55.911   3447.1    662.3
     1     1     7     8    29     4     0     2   -38.0  -16.963  -55.973   3387.5    667.2
     1     1     7     8    29     3     0     3   -39.0  -16.753  -56.021   3329.3    672.5
     1     1     7     8    29     2     0     2   -40.0  -16.537  -56.053   3276.6    676.3
     1     1     7     8    29     1     0     1   -41.0  -16.325  -56.071   3226.0    679.2
     1     1     7     8    29     0     0     0   -42.0  -16.120  -56.073   3167.2    682.8
     1     1     7     8    28    23     0     1   -43.0  -15.934  -56.063   3110.8    687.3
     1     1     7     8    28    22     0     2   -44.0  -15.782  -56.057   3075.8    688.7
     1     1     7     8    28    21     0     3   -45.0  -15.665  -56.059   3067.4    688.0
     1     1     7     8    28    20     0     2   -46.0  -15.563  -56.076   3080.5    686.0
     1     1     7     8    28    19     0     1   -47.0  -15.455  -56.112   3112.1    683.1
     1     1     7     8    28    18     0     0   -48.0  -15.347  -56.169   3164.1    678.6
     1     1     7     8    28    17     0     1   -49.0  -15.237  -56.236   3225.0    672.6
     1     1     7     8    28    16     0     2   -50.0  -15.117  -56.298   3281.2    668.0
     1     1     7     8    28    15     0     3   -51.0  -14.986  -56.355   3330.6    663.9
     1     1     7     8    28    14     0     2   -52.0  -14.855  -56.409   3368.1    658.9
     1     1     7     8    28    13     0     1   -53.0  -14.737  -56.461   3390.4    655.2
     1     1     7     8    28    12     0     0   -54.0  -14.625  -56.514   3392.8    653.2
     1     1     7     8    28    11     0     1   -55.0  -14.505  -56.565   3386.0    652.8
     1     1     7     8    28    10     0     2   -56.0  -14.371  -56.613   3383.0    650.8
     1     1     7     8    28     9     0     3   -57.0  -14.227  -56.662   3385.9    648.1
     1     1     7     8    28     8     0     2   -58.0  -14.084  -56.710   3387.3    645.2
     1     1     7     8    28     7     0     1   -59.0  -13.947  -56.752   3383.0    644.8
     1     1     7     8    28     6     0     0   -60.0  -13.808  -56.780   3377.8    646.2
     1     1     7     8    28     5     0     1   -61.0  -13.665  -56.791   3370.0    648.0
     1     1     7     8    28     4     0     2   -62.0  -13.519  -56.787   3361.2    650.0
     1     1     7     8    28     3     0     3   -63.0  -13.371  -56.766   3354.7    651.9
     1     1     7     8    28     2     0     2   -64.0  -13.222  -56.745   3350.1    652.7
     1     1     7     8    28     1     0     1   -65.0  -13.070  -56.736   3343.9    653.9
     1     1     7     8    28     0     0     0   -66.0  -12.913  -56.737   3333.4    654.8
     1     1     7     8    27    23     0     1   -67.0  -12.748  -56.727   3334.8    655.6
     1     1     7     8    27    22     0     2   -68.0  -12.575  -56.697   3362.9    652.6
     1     1     7     8    27    21     0     3   -69.0  -12.395  -56.651   3408.7    648.2
     1     1     7     8    27    20     0     2   -70.0  -12.216  -56.594   3448.6    643.8
     1     1     7     8    27    19     0     1   -71.0  -12.044  -56.531   3463.4    642.9
     1     1     7     8    27    18     0     0   -72.0  -11.880  -56.467   3454.9    644.6
     1     1     7     8    27    17     0     1   -73.0  -11.730  -56.391   3441.2    648.0
     1     1     7     8    27    16     0     2   -74.0  -11.594  -56.299   3441.4    649.3
     1     1     7     8    27    15     0     3   -75.0  -11.471  -56.199   3463.6    648.8
     1     1     7     8    27    14     0     2   -76.0  -11.357  -56.099   3498.5    645.5
     1     1     7     8    27    13     0     1   -77.0  -11.253  -55.992   3532.9    643.3
     1     1     7     8    27    12     0     0   -78.0  -11.161  -55.882   3566.5    640.8
     1     1     7     8    27    11     0     1   -79.0  -11.080  -55.768   3595.7    638.0
     1     1     7     8    27    10     0     2   -80.0  -11.007  -55.650   3615.4    635.9
     1     1     7     8    27     9     0     3   -81.0  -10.941  -55.528   3621.0    634.9
     1     1     7     8    27     8     0     2   -82.0  -10.882  -55.394   3615.5    635.7
     1     1     7     8    27     7     0     1   -83.0  -10.830  -55.240   3603.6    636.3
     1     1     7     8    27     6     0     0   -84.0  -10.786  -55.068   3584.3    637.5
     1     1     7     8    27     5     0     1   -85.0  -10.749  -54.889   3564.7    640.0
     1     1     7     8    27     4     0     2   -86.0  -10.718  -54.718   3551.2    641.5
     1     1     7     8    27     3     0     3   -87.0  -10.692  -54.553   3539.7    642.6
     1     1     7     8    27     2     0     2   -88.0  -10.674  -54.402   3523.7    643.5
     1     1     7     8    27     1     0     1   -89.0  -10.666  -54.271   3502.1    645.2
     1     1     7     8    27     0     0     0   -90.0  -10.667  -54.156   3479.6    647.1
     1     1     7     8    26    23     0     1   -91.0  -10.672  -54.052   3450.3    648.5
     1     1     7     8    26    22     0     2   -92.0  -10.673  -53.956   3405.5    651.8
     1     1     7     8    26    21     0     3   -93.0  -10.671  -53.867   3345.2    656.6
     1     1     7     8    26    20     0     2   -94.0  -10.666  -53.781   3279.6    663.3
     1     1     7     8    26    19     0     1   -95.0  -10.658  -53.696   3220.2    668.6
     1     1     7     8    26    18     0     0   -96.0  -10.648  -53.611   3168.6    673.4
     1     1     7     8    26    17     0     1   -97.0  -10.635  -53.527   3127.8    677.4
     1     1     7     8    26    16     0     2   -98.0  -10.621  -53.451   3099.1    680.2
     1     1     7     8    26    15     0     3   -99.0  -10.604  -53.381   3080.4    682.1
     1     1     7     8    26    14     0     2  -100.0  -10.582  -53.323   3066.2    683.1
     1     1     7     8    26    13     0     1  -101.0  -10.554  -53.282   3052.7    684.3
     1     1     7     8    26    12     0     0  -102.0  -10.519  -53.259   3041.3    685.3
     1     1     7     8    26    11     0     1  -103.0  -10.469  -53.246   3038.4    685.3
     1     1     7     8    26    10     0     2  -104.0  -10.395  -53.238   3048.9    683.6
     1     1     7     8    26     9     0     3  -105.0  -10.297  -53.231   3071.6    680.8
     1     1     7     8    26     8     0     2  -106.0  -10.186  -53.227   3102.1    677.8
     1     1     7     8    26     7     0     1  -107.0  -10.075  -53.226   3136.9    674.6
     1     1     7     8    26     6     0     0  -108.0   -9.961  -53.230   3174.5    671.1
     1     1     7     8    26     5     0     1  -109.0   -9.850  -53.231   3211.5    668.0
     1     1     7     8    26     4     0     2  -110.0   -9.742  -53.222   3246.3    665.4
     1     1     7     8    26     3     0     3  -111.0   -9.638  -53.206   3279.7    663.1
     1     1     7     8    26     2     0     2  -112.0   -9.538  -53.185   3312.2    660.2
     1     1     7     8    26     1     0     1  -113.0   -9.442  -53.160   3343.6    657.5
     1     1     7     8    26     0     0     0  -114.0   -9.348  -53.131   3374.5    654.7
     1     1     7     8    25    23     0     1  -115.0   -9.263  -53.095   3406.7    651.8
     1     1     7     8    25    22     0     2  -116.0   -9.191  -53.051   3442.9    648.4
     1     1     7     8    25    21     0     3  -117.0   -9.130  -52.996   3483.9    644.7
     1     1     7     8    25    20     0     2  -118.0   -9.077  -52.939   3526.5    640.9
     1     1     7     8    25    19     0     1  -119.0   -9.026  -52.885   3566.6    637.6
     1     1     7     8    25    18     0     0  -120.0   -8.976  -52.832   3603.0    634.8
