     7     1
    GDAS     7     7    22     0     0
    GDAS     7     8     8     0     0
    GDAS     7     8    15     0     0
    GDAS     7     8    22     0     0
    GDAS     7     8    29     0     0
    GDAS     7     8     1     0     0
    GDAS     7     7    29     0     0
     1 BACKWARD OMEGA   
     7     8     6    18  -23.561  -46.740  4000.0
     1 PRESSURE
     1     1     7     8     6    18     0     0     0.0  -23.561  -46.740   4000.0    586.9
     1     1     7     8     6    17     0     1    -1.0  -23.375  -46.979   4012.1    580.4
     1     1     7     8     6    16     0     2    -2.0  -23.197  -47.211   3995.4    582.3
     1     1     7     8     6    15     0     3    -3.0  -23.032  -47.431   3945.9    588.9
     1     1     7     8     6    14     0     2    -4.0  -22.873  -47.638   3890.6    597.3
     1     1     7     8     6    13     0     1    -5.0  -22.710  -47.838   3853.5    602.1
     1     1     7     8     6    12     0     0    -6.0  -22.546  -48.034   3829.7    605.1
     1     1     7     8     6    11     0     1    -7.0  -22.386  -48.225   3814.9    604.6
     1     1     7     8     6    10     0     2    -8.0  -22.232  -48.410   3821.1    603.9
     1     1     7     8     6     9     0     3    -9.0  -22.085  -48.592   3848.9    603.0
     1     1     7     8     6     8     0     2   -10.0  -21.937  -48.769   3888.5    601.3
     1     1     7     8     6     7     0     1   -11.0  -21.783  -48.939   3926.0    599.5
     1     1     7     8     6     6     0     0   -12.0  -21.623  -49.100   3954.2    597.7
     1     1     7     8     6     5     0     1   -13.0  -21.463  -49.255   3968.1    597.4
     1     1     7     8     6     4     0     2   -14.0  -21.313  -49.404   3969.4    598.2
     1     1     7     8     6     3     0     3   -15.0  -21.172  -49.547   3962.5    599.6
     1     1     7     8     6     2     0     2   -16.0  -21.033  -49.685   3953.2    600.8
     1     1     7     8     6     1     0     1   -17.0  -20.889  -49.816   3947.3    601.9
     1     1     7     8     6     0     0     0   -18.0  -20.738  -49.940   3950.4    602.6
     1     1     7     8     5    23     0     1   -19.0  -20.579  -50.058   3956.6    602.1
     1     1     7     8     5    22     0     2   -20.0  -20.412  -50.174   3954.8    603.0
     1     1     7     8     5    21     0     3   -21.0  -20.244  -50.288   3941.3    604.5
     1     1     7     8     5    20     0     2   -22.0  -20.081  -50.398   3918.5    607.5
     1     1     7     8     5    19     0     1   -23.0  -19.926  -50.503   3890.9    609.8
     1     1     7     8     5    18     0     0   -24.0  -19.783  -50.600   3860.0    611.8
     1     1     7     8     5    17     0     1   -25.0  -19.656  -50.698   3834.2    614.2
     1     1     7     8     5    16     0     2   -26.0  -19.549  -50.809   3819.1    615.4
     1     1     7     8     5    15     0     3   -27.0  -19.462  -50.936   3813.6    616.1
     1     1     7     8     5    14     0     2   -28.0  -19.382  -51.081   3822.7    615.1
     1     1     7     8     5    13     0     1   -29.0  -19.298  -51.242   3854.1    610.9
     1     1     7     8     5    12     0     0   -30.0  -19.208  -51.421   3909.3    604.4
     1     1     7     8     5    11     0     1   -31.0  -19.103  -51.611   3980.8    595.5
     1     1     7     8     5    10     0     2   -32.0  -18.968  -51.801   4057.5    586.2
     1     1     7     8     5     9     0     3   -33.0  -18.803  -51.991   4133.9    577.3
     1     1     7     8     5     8     0     2   -34.0  -18.606  -52.170   4205.2    570.5
     1     1     7     8     5     7     0     1   -35.0  -18.384  -52.326   4269.8    564.8
     1     1     7     8     5     6     0     0   -36.0  -18.139  -52.458   4339.1    558.7
     1     1     7     8     5     5     0     1   -37.0  -17.875  -52.559   4425.5    552.6
     1     1     7     8     5     4     0     2   -38.0  -17.598  -52.626   4536.8    546.4
     1     1     7     8     5     3     0     3   -39.0  -17.303  -52.656   4673.1    538.5
     1     1     7     8     5     2     0     2   -40.0  -16.988  -52.645   4829.0    528.6
     1     1     7     8     5     1     0     1   -41.0  -16.656  -52.582   4980.7    520.7
     1     1     7     8     5     0     0     0   -42.0  -16.311  -52.456   5095.6    517.7
     1     1     7     8     4    23     0     1   -43.0  -15.960  -52.273   5160.8    518.9
     1     1     7     8     4    22     0     2   -44.0  -15.615  -52.053   5149.6    521.2
     1     1     7     8     4    21     0     3   -45.0  -15.281  -51.803   5082.5    526.9
     1     1     7     8     4    20     0     2   -46.0  -14.960  -51.513   4998.2    535.9
     1     1     7     8     4    19     0     1   -47.0  -14.650  -51.170   4920.1    544.0
     1     1     7     8     4    18     0     0   -48.0  -14.357  -50.777   4835.7    548.8
     1     1     7     8     4    17     0     1   -49.0  -14.082  -50.339   4747.3    550.9
     1     1     7     8     4    16     0     2   -50.0  -13.820  -49.864   4672.5    552.5
     1     1     7     8     4    15     0     3   -51.0  -13.573  -49.357   4614.8    553.9
     1     1     7     8     4    14     0     2   -52.0  -13.347  -48.827   4575.0    555.2
     1     1     7     8     4    13     0     1   -53.0  -13.147  -48.281   4571.5    561.3
     1     1     7     8     4    12     0     0   -54.0  -12.977  -47.725   4585.6    562.9
     1     1     7     8     4    11     0     1   -55.0  -12.847  -47.169   4590.1    554.4
     1     1     7     8     4    10     0     2   -56.0  -12.763  -46.626   4576.4    546.1
     1     1     7     8     4     9     0     3   -57.0  -12.718  -46.102   4540.2    539.1
     1     1     7     8     4     8     0     2   -58.0  -12.701  -45.585   4525.3    541.6
     1     1     7     8     4     7     0     1   -59.0  -12.706  -45.067   4535.6    543.1
     1     1     7     8     4     6     0     0   -60.0  -12.727  -44.542   4577.8    545.3
     1     1     7     8     4     5     0     1   -61.0  -12.768  -43.999   4640.0    545.6
     1     1     7     8     4     4     0     2   -62.0  -12.832  -43.447   4679.5    542.3
     1     1     7     8     4     3     0     3   -63.0  -12.915  -42.900   4692.4    540.0
     1     1     7     8     4     2     0     2   -64.0  -13.020  -42.383   4666.4    529.3
     1     1     7     8     4     1     0     1   -65.0  -13.148  -41.912   4675.4    523.0
     1     1     7     8     4     0     0     0   -66.0  -13.302  -41.463   4755.5    529.8
     1     1     7     8     3    23     0     1   -67.0  -13.479  -41.032   4835.6    534.4
     1     1     7     8     3    22     0     2   -68.0  -13.675  -40.626   4885.6    537.1
     1     1     7     8     3    21     0     3   -69.0  -13.887  -40.248   4917.9    539.3
     1     1     7     8     3    20     0     2   -70.0  -14.109  -39.894   4941.6    542.0
     1     1     7     8     3    19     0     1   -71.0  -14.334  -39.561   4975.0    546.5
     1     1     7     8     3    18     0     0   -72.0  -14.559  -39.247   5015.9    550.9
     1     1     7     8     3    17     0     1   -73.0  -14.778  -38.947   5062.5    554.3
     1     1     7     8     3    16     0     2   -74.0  -14.988  -38.658   5093.5    552.2
     1     1     7     8     3    15     0     3   -75.0  -15.193  -38.381   5115.3    550.9
     1     1     7     8     3    14     0     2   -76.0  -15.399  -38.112   5137.6    550.5
     1     1     7     8     3    13     0     1   -77.0  -15.610  -37.854   5171.6    548.8
     1     1     7     8     3    12     0     0   -78.0  -15.828  -37.613   5222.4    546.0
     1     1     7     8     3    11     0     1   -79.0  -16.060  -37.391   5290.9    540.9
     1     1     7     8     3    10     0     2   -80.0  -16.313  -37.193   5374.3    535.0
     1     1     7     8     3     9     0     3   -81.0  -16.590  -37.029   5475.6    528.0
     1     1     7     8     3     8     0     2   -82.0  -16.889  -36.904   5587.1    519.9
     1     1     7     8     3     7     0     1   -83.0  -17.204  -36.824   5692.3    512.3
     1     1     7     8     3     6     0     0   -84.0  -17.529  -36.792   5785.5    505.9
     1     1     7     8     3     5     0     1   -85.0  -17.877  -36.805   5865.3    500.5
     1     1     7     8     3     4     0     2   -86.0  -18.261  -36.859   5941.8    496.5
     1     1     7     8     3     3     0     3   -87.0  -18.680  -36.953   6036.8    491.9
     1     1     7     8     3     2     0     2   -88.0  -19.120  -37.096   6157.5    484.3
     1     1     7     8     3     1     0     1   -89.0  -19.563  -37.300   6275.0    475.4
     1     1     7     8     3     0     0     0   -90.0  -20.009  -37.567   6363.0    469.0
     1     1     7     8     2    23     0     1   -91.0  -20.452  -37.883   6432.1    465.0
     1     1     7     8     2    22     0     2   -92.0  -20.888  -38.234   6504.6    460.7
     1     1     7     8     2    21     0     3   -93.0  -21.319  -38.617   6593.9    456.0
     1     1     7     8     2    20     0     2   -94.0  -21.728  -39.044   6696.8    449.7
     1     1     7     8     2    19     0     1   -95.0  -22.105  -39.526   6805.1    442.9
     1     1     7     8     2    18     0     0   -96.0  -22.457  -40.062   6934.3    435.4
     1     1     7     8     2    17     0     1   -97.0  -22.788  -40.657   7073.7    427.1
     1     1     7     8     2    16     0     2   -98.0  -23.094  -41.308   7207.6    419.6
     1     1     7     8     2    15     0     3   -99.0  -23.373  -42.011   7340.4    413.9
     1     1     7     8     2    14     0     2  -100.0  -23.625  -42.765   7455.9    405.9
     1     1     7     8     2    13     0     1  -101.0  -23.846  -43.567   7574.5    397.9
     1     1     7     8     2    12     0     0  -102.0  -24.032  -44.408   7710.3    391.5
     1     1     7     8     2    11     0     1  -103.0  -24.176  -45.281   7821.2    383.6
     1     1     7     8     2    10     0     2  -104.0  -24.255  -46.184   7858.5    374.7
     1     1     7     8     2     9     0     3  -105.0  -24.254  -47.111   7811.8    363.0
     1     1     7     8     2     8     0     2  -106.0  -24.189  -48.044   7785.2    357.0
     1     1     7     8     2     7     0     1  -107.0  -24.079  -48.982   7731.5    352.5
     1     1     7     8     2     6     0     0  -108.0  -23.942  -49.921   7671.1    354.2
     1     1     7     8     2     5     0     1  -109.0  -23.800  -50.826   7609.5    361.7
     1     1     7     8     2     4     0     2  -110.0  -23.658  -51.675   7564.8    372.1
     1     1     7     8     2     3     0     3  -111.0  -23.502  -52.490   7538.7    379.2
     1     1     7     8     2     2     0     2  -112.0  -23.329  -53.293   7552.4    382.1
     1     1     7     8     2     1     0     1  -113.0  -23.134  -54.087   7581.8    383.7
     1     1     7     8     2     0     0     0  -114.0  -22.924  -54.879   7540.9    377.8
     1     1     7     8     1    23     0     1  -115.0  -22.698  -55.664   7571.3    378.3
     1     1     7     8     1    22     0     2  -116.0  -22.449  -56.435   7654.8    377.5
     1     1     7     8     1    21     0     3  -117.0  -22.175  -57.202   7762.4    376.9
     1     1     7     8     1    20     0     2  -118.0  -21.879  -57.951   7817.2    377.9
     1     1     7     8     1    19     0     1  -119.0  -21.558  -58.642   7781.3    381.6
     1     1     7     8     1    18     0     0  -120.0  -21.219  -59.278   7707.6    385.3
