     7     1
    GDAS     7     7    22     0     0
    GDAS     7     8     8     0     0
    GDAS     7     8    15     0     0
    GDAS     7     8    22     0     0
    GDAS     7     8    29     0     0
    GDAS     7     8     1     0     0
    GDAS     7     7    29     0     0
     1 BACKWARD OMEGA   
     7     8    13     6  -23.561  -46.740  4000.0
     1 PRESSURE
     1     1     7     8    13     6     0     0     0.0  -23.561  -46.740   4000.0    588.2
     1     1     7     8    13     5     0     1    -1.0  -23.615  -46.689   4097.8    584.1
     1     1     7     8    13     4     0     2    -2.0  -23.677  -46.649   4217.7    577.9
     1     1     7     8    13     3     0     3    -3.0  -23.750  -46.620   4355.6    570.8
     1     1     7     8    13     2     0     2    -4.0  -23.835  -46.598   4494.0    562.9
     1     1     7     8    13     1     0     1    -5.0  -23.930  -46.578   4619.5    557.7
     1     1     7     8    13     0     0     0    -6.0  -24.031  -46.561   4735.3    553.2
     1     1     7     8    12    23     0     1    -7.0  -24.147  -46.558   4847.4    548.5
     1     1     7     8    12    22     0     2    -8.0  -24.288  -46.579   4962.8    543.2
     1     1     7     8    12    21     0     3    -9.0  -24.455  -46.625   5081.6    538.2
     1     1     7     8    12    20     0     2   -10.0  -24.640  -46.690   5197.2    534.0
     1     1     7     8    12    19     0     1   -11.0  -24.833  -46.766   5299.2    532.0
     1     1     7     8    12    18     0     0   -12.0  -25.033  -46.851   5378.8    531.7
     1     1     7     8    12    17     0     1   -13.0  -25.242  -46.946   5427.3    529.2
     1     1     7     8    12    16     0     2   -14.0  -25.466  -47.062   5474.9    525.5
     1     1     7     8    12    15     0     3   -15.0  -25.709  -47.204   5528.0    522.0
     1     1     7     8    12    14     0     2   -16.0  -25.973  -47.379   5590.6    519.3
     1     1     7     8    12    13     0     1   -17.0  -26.256  -47.591   5660.9    516.3
     1     1     7     8    12    12     0     0   -18.0  -26.562  -47.846   5740.1    511.4
     1     1     7     8    12    11     0     1   -19.0  -26.899  -48.149   5801.3    502.2
     1     1     7     8    12    10     0     2   -20.0  -27.270  -48.511   5820.8    492.4
     1     1     7     8    12     9     0     3   -21.0  -27.677  -48.946   5776.1    478.6
     1     1     7     8    12     8     0     2   -22.0  -28.104  -49.477   5681.6    460.4
     1     1     7     8    12     7     0     1   -23.0  -28.517  -50.103   5653.5    456.2
     1     1     7     8    12     6     0     0   -24.0  -28.898  -50.776   5663.5    461.7
     1     1     7     8    12     5     0     1   -25.0  -29.236  -51.461   5719.1    476.1
     1     1     7     8    12     4     0     2   -26.0  -29.527  -52.151   5820.3    486.4
     1     1     7     8    12     3     0     3   -27.0  -29.773  -52.864   5926.1    483.4
     1     1     7     8    12     2     0     2   -28.0  -29.979  -53.607   6028.9    479.7
     1     1     7     8    12     1     0     1   -29.0  -30.146  -54.357   6053.9    478.0
     1     1     7     8    12     0     0     0   -30.0  -30.272  -55.110   6061.9    478.2
     1     1     7     8    11    23     0     1   -31.0  -30.364  -55.885   6076.6    474.8
     1     1     7     8    11    22     0     2   -32.0  -30.428  -56.674   6129.1    473.4
     1     1     7     8    11    21     0     3   -33.0  -30.460  -57.448   6200.9    471.1
     1     1     7     8    11    20     0     2   -34.0  -30.456  -58.202   6257.3    468.9
     1     1     7     8    11    19     0     1   -35.0  -30.437  -58.940   6267.6    468.2
     1     1     7     8    11    18     0     0   -36.0  -30.408  -59.668   6255.5    469.7
     1     1     7     8    11    17     0     1   -37.0  -30.358  -60.371   6245.1    471.1
     1     1     7     8    11    16     0     2   -38.0  -30.289  -61.048   6251.9    469.2
     1     1     7     8    11    15     0     3   -39.0  -30.197  -61.707   6261.5    466.7
     1     1     7     8    11    14     0     2   -40.0  -30.095  -62.359   6241.0    466.5
     1     1     7     8    11    13     0     1   -41.0  -29.994  -63.021   6173.7    465.8
     1     1     7     8    11    12     0     0   -42.0  -29.883  -63.696   6062.6    463.6
     1     1     7     8    11    11     0     1   -43.0  -29.760  -64.377   6009.2    467.5
     1     1     7     8    11    10     0     2   -44.0  -29.628  -65.050   5987.7    468.8
     1     1     7     8    11     9     0     3   -45.0  -29.473  -65.699   5965.6    470.3
     1     1     7     8    11     8     0     2   -46.0  -29.308  -66.352   5832.5    455.9
     1     1     7     8    11     7     0     1   -47.0  -29.132  -67.110   5584.1    419.9
     1     1     7     8    11     6     0     0   -48.0  -28.916  -68.035   5422.9    386.7
     1     1     7     8    11     5     0     1   -49.0  -28.642  -69.247   5214.9    329.5
     1     1     7     8    11     4     0     2   -50.0  -28.304  -70.426   5714.4    401.2
     1     1     7     8    11     3     0     3   -51.0  -27.963  -71.070   5948.4    481.2
     1     1     7     8    11     2     0     2   -52.0  -27.662  -71.507   5804.5    497.8
     1     1     7     8    11     1     0     1   -53.0  -27.401  -71.893   5725.7    507.2
     1     1     7     8    11     0     0     0   -54.0  -27.159  -72.237   5679.6    511.0
     1     1     7     8    10    23     0     1   -55.0  -26.944  -72.560   5643.8    511.1
     1     1     7     8    10    22     0     2   -56.0  -26.769  -72.878   5603.4    511.9
     1     1     7     8    10    21     0     3   -57.0  -26.632  -73.186   5557.8    514.6
     1     1     7     8    10    20     0     2   -58.0  -26.534  -73.481   5536.1    519.3
     1     1     7     8    10    19     0     1   -59.0  -26.475  -73.772   5564.2    518.5
     1     1     7     8    10    18     0     0   -60.0  -26.454  -74.064   5638.8    514.2
     1     1     7     8    10    17     0     1   -61.0  -26.465  -74.384   5723.1    505.5
     1     1     7     8    10    16     0     2   -62.0  -26.510  -74.753   5790.0    499.8
     1     1     7     8    10    15     0     3   -63.0  -26.590  -75.170   5840.3    496.0
     1     1     7     8    10    14     0     2   -64.0  -26.696  -75.624   5892.8    493.9
     1     1     7     8    10    13     0     1   -65.0  -26.814  -76.107   5963.8    489.7
     1     1     7     8    10    12     0     0   -66.0  -26.945  -76.620   6056.8    482.9
     1     1     7     8    10    11     0     1   -67.0  -27.088  -77.156   6168.6    474.6
     1     1     7     8    10    10     0     2   -68.0  -27.245  -77.701   6291.1    467.2
     1     1     7     8    10     9     0     3   -69.0  -27.419  -78.252   6424.4    458.9
     1     1     7     8    10     8     0     2   -70.0  -27.606  -78.821   6569.4    450.0
     1     1     7     8    10     7     0     1   -71.0  -27.803  -79.408   6711.3    441.5
     1     1     7     8    10     6     0     0   -72.0  -28.020  -79.998   6829.9    434.3
     1     1     7     8    10     5     0     1   -73.0  -28.251  -80.600   6932.8    428.9
     1     1     7     8    10     4     0     2   -74.0  -28.485  -81.229   7043.3    422.8
     1     1     7     8    10     3     0     3   -75.0  -28.741  -81.880   7173.9    415.1
     1     1     7     8    10     2     0     2   -76.0  -29.036  -82.561   7314.9    405.5
     1     1     7     8    10     1     0     1   -77.0  -29.362  -83.270   7435.9    398.7
     1     1     7     8    10     0     0     0   -78.0  -29.720  -84.002   7545.7    392.1
     1     1     7     8     9    23     0     1   -79.0  -30.106  -84.767   7669.3    385.9
     1     1     7     8     9    22     0     2   -80.0  -30.511  -85.567   7784.1    379.2
     1     1     7     8     9    21     0     3   -81.0  -30.940  -86.402   7901.1    373.2
     1     1     7     8     9    20     0     2   -82.0  -31.374  -87.289   7996.4    367.5
     1     1     7     8     9    19     0     1   -83.0  -31.793  -88.212   8029.4    366.7
     1     1     7     8     9    18     0     0   -84.0  -32.207  -89.184   8034.3    367.0
     1     1     7     8     9    17     0     1   -85.0  -32.600  -90.221   8107.0    363.0
     1     1     7     8     9    16     0     2   -86.0  -32.974  -91.312   8205.4    357.3
     1     1     7     8     9    15     0     3   -87.0  -33.309  -92.460   8232.4    355.6
     1     1     7     8     9    14     0     2   -88.0  -33.567  -93.649   8206.6    357.4
     1     1     7     8     9    13     0     1   -89.0  -33.782  -94.852   8179.9    359.6
     1     1     7     8     9    12     0     0   -90.0  -33.951  -96.095   8127.4    361.4
     1     1     7     8     9    11     0     1   -91.0  -34.037  -97.322   8056.5    366.7
     1     1     7     8     9    10     0     2   -92.0  -34.076  -98.466   7988.5    370.6
     1     1     7     8     9     9     0     3   -93.0  -34.084  -99.550   7930.0    374.2
     1     1     7     8     9     8     0     2   -94.0  -34.060 -100.592   7864.2    378.1
     1     1     7     8     9     7     0     1   -95.0  -34.013 -101.587   7769.1    384.3
     1     1     7     8     9     6     0     0   -96.0  -33.926 -102.535   7650.1    391.5
     1     1     7     8     9     5     0     1   -97.0  -33.817 -103.444   7539.2    398.2
     1     1     7     8     9     4     0     2   -98.0  -33.710 -104.330   7453.6    403.2
     1     1     7     8     9     3     0     3   -99.0  -33.582 -105.197   7389.0    407.3
     1     1     7     8     9     2     0     2  -100.0  -33.430 -106.019   7341.0    410.6
     1     1     7     8     9     1     0     1  -101.0  -33.264 -106.766   7307.5    412.8
     1     1     7     8     9     0     0     0  -102.0  -33.074 -107.427   7277.9    415.0
     1     1     7     8     8    23     0     1  -103.0  -32.875 -108.000   7259.1    416.8
     1     1     7     8     8    22     0     2  -104.0  -32.683 -108.486   7257.1    417.4
     1     1     7     8     8    21     0     3  -105.0  -32.500 -108.880   7273.2    416.7
     1     1     7     8     8    20     0     2  -106.0  -32.330 -109.198   7288.5    415.3
     1     1     7     8     8    19     0     1  -107.0  -32.177 -109.460   7284.6    415.8
     1     1     7     8     8    18     0     0  -108.0  -32.040 -109.668   7260.5    417.5
     1     1     7     8     8    17     0     1  -109.0  -31.918 -109.828   7242.6    420.0
     1     1     7     8     8    16     0     2  -110.0  -31.810 -109.945   7255.6    419.2
     1     1     7     8     8    15     0     3  -111.0  -31.718 -110.022   7296.6    416.9
     1     1     7     8     8    14     0     2  -112.0  -31.643 -110.068   7357.0    413.1
     1     1     7     8     8    13     0     1  -113.0  -31.589 -110.093   7429.8    409.1
     1     1     7     8     8    12     0     0  -114.0  -31.555 -110.101   7516.9    404.3
     1     1     7     8     8    11     0     1  -115.0  -31.532 -110.092   7607.2    398.7
     1     1     7     8     8    10     0     2  -116.0  -31.511 -110.067   7688.9    394.3
     1     1     7     8     8     9     0     3  -117.0  -31.491 -110.022   7761.2    390.5
     1     1     7     8     8     8     0     2  -118.0  -31.486 -109.948   7829.6    387.4
     1     1     7     8     8     7     0     1  -119.0  -31.511 -109.843   7899.7    383.8
     1     1     7     8     8     6     0     0  -120.0  -31.570 -109.712   7970.2    380.2
