     7     1
    GDAS     7     7    22     0     0
    GDAS     7     8     8     0     0
    GDAS     7     8    15     0     0
    GDAS     7     8    22     0     0
    GDAS     7     8    29     0     0
    GDAS     7     8     1     0     0
    GDAS     7     7    29     0     0
     1 BACKWARD OMEGA   
     7     8    27     6  -23.561  -46.740  4000.0
     1 PRESSURE
     1     1     7     8    27     6     0     0     0.0  -23.561  -46.740   4000.0    583.8
     1     1     7     8    27     5     0     1    -1.0  -23.382  -47.143   3962.7    582.3
     1     1     7     8    27     4     0     2    -2.0  -23.237  -47.507   3917.8    589.7
     1     1     7     8    27     3     0     3    -3.0  -23.112  -47.828   3878.3    598.4
     1     1     7     8    27     2     0     2    -4.0  -23.006  -48.135   3875.9    602.2
     1     1     7     8    27     1     0     1    -5.0  -22.906  -48.465   3924.5    592.1
     1     1     7     8    27     0     0     0    -6.0  -22.785  -48.795   4035.6    580.2
     1     1     7     8    26    23     0     1    -7.0  -22.621  -49.134   4167.6    568.5
     1     1     7     8    26    22     0     2    -8.0  -22.436  -49.508   4270.3    567.2
     1     1     7     8    26    21     0     3    -9.0  -22.240  -49.909   4332.0    567.1
     1     1     7     8    26    20     0     2   -10.0  -22.037  -50.314   4360.0    566.8
     1     1     7     8    26    19     0     1   -11.0  -21.828  -50.709   4373.7    567.6
     1     1     7     8    26    18     0     0   -12.0  -21.623  -51.090   4387.8    570.3
     1     1     7     8    26    17     0     1   -13.0  -21.418  -51.453   4399.0    573.1
     1     1     7     8    26    16     0     2   -14.0  -21.212  -51.794   4395.8    575.2
     1     1     7     8    26    15     0     3   -15.0  -21.008  -52.112   4378.7    576.5
     1     1     7     8    26    14     0     2   -16.0  -20.812  -52.417   4366.6    578.4
     1     1     7     8    26    13     0     1   -17.0  -20.622  -52.717   4367.3    577.9
     1     1     7     8    26    12     0     0   -18.0  -20.439  -53.011   4363.4    577.9
     1     1     7     8    26    11     0     1   -19.0  -20.254  -53.289   4335.4    575.5
     1     1     7     8    26    10     0     2   -20.0  -20.057  -53.539   4294.4    574.2
     1     1     7     8    26     9     0     3   -21.0  -19.847  -53.760   4250.5    573.8
     1     1     7     8    26     8     0     2   -22.0  -19.640  -53.961   4210.4    574.6
     1     1     7     8    26     7     0     1   -23.0  -19.446  -54.163   4175.2    579.7
     1     1     7     8    26     6     0     0   -24.0  -19.263  -54.371   4133.1    585.9
     1     1     7     8    26     5     0     1   -25.0  -19.077  -54.574   4093.2    593.6
     1     1     7     8    26     4     0     2   -26.0  -18.881  -54.760   4071.0    599.1
     1     1     7     8    26     3     0     3   -27.0  -18.678  -54.933   4068.1    603.2
     1     1     7     8    26     2     0     2   -28.0  -18.471  -55.093   4086.2    605.0
     1     1     7     8    26     1     0     1   -29.0  -18.263  -55.247   4126.8    604.5
     1     1     7     8    26     0     0     0   -30.0  -18.049  -55.402   4191.1    601.8
     1     1     7     8    25    23     0     1   -31.0  -17.822  -55.550   4265.2    595.8
     1     1     7     8    25    22     0     2   -32.0  -17.579  -55.671   4337.2    590.2
     1     1     7     8    25    21     0     3   -33.0  -17.325  -55.767   4407.5    584.5
     1     1     7     8    25    20     0     2   -34.0  -17.081  -55.839   4473.4    579.2
     1     1     7     8    25    19     0     1   -35.0  -16.866  -55.886   4533.3    574.8
     1     1     7     8    25    18     0     0   -36.0  -16.676  -55.907   4589.3    570.7
     1     1     7     8    25    17     0     1   -37.0  -16.506  -55.912   4643.0    566.7
     1     1     7     8    25    16     0     2   -38.0  -16.352  -55.909   4695.5    562.8
     1     1     7     8    25    15     0     3   -39.0  -16.210  -55.892   4747.3    558.8
     1     1     7     8    25    14     0     2   -40.0  -16.080  -55.867   4792.6    554.4
     1     1     7     8    25    13     0     1   -41.0  -15.960  -55.840   4826.0    551.2
     1     1     7     8    25    12     0     0   -42.0  -15.850  -55.810   4851.4    548.4
     1     1     7     8    25    11     0     1   -43.0  -15.748  -55.775   4876.6    545.4
     1     1     7     8    25    10     0     2   -44.0  -15.650  -55.729   4904.6    541.8
     1     1     7     8    25     9     0     3   -45.0  -15.556  -55.670   4933.3    537.9
     1     1     7     8    25     8     0     2   -46.0  -15.459  -55.600   4960.0    534.2
     1     1     7     8    25     7     0     1   -47.0  -15.356  -55.517   4982.1    530.6
     1     1     7     8    25     6     0     0   -48.0  -15.246  -55.426   4998.2    527.1
     1     1     7     8    25     5     0     1   -49.0  -15.127  -55.323   5003.9    524.1
     1     1     7     8    25     4     0     2   -50.0  -14.997  -55.204   4996.6    521.8
     1     1     7     8    25     3     0     3   -51.0  -14.855  -55.076   4986.7    521.8
     1     1     7     8    25     2     0     2   -52.0  -14.710  -54.941   4977.0    522.4
     1     1     7     8    25     1     0     1   -53.0  -14.572  -54.797   4969.4    523.3
     1     1     7     8    25     0     0     0   -54.0  -14.441  -54.647   4959.3    524.4
     1     1     7     8    24    23     0     1   -55.0  -14.333  -54.503   4955.9    525.7
     1     1     7     8    24    22     0     2   -56.0  -14.262  -54.371   4970.3    524.9
     1     1     7     8    24    21     0     3   -57.0  -14.225  -54.245   5002.7    522.5
     1     1     7     8    24    20     0     2   -58.0  -14.211  -54.116   5041.1    519.2
     1     1     7     8    24    19     0     1   -59.0  -14.209  -53.988   5072.7    517.1
     1     1     7     8    24    18     0     0   -60.0  -14.220  -53.859   5097.2    516.1
     1     1     7     8    24    17     0     1   -61.0  -14.241  -53.727   5113.5    515.9
     1     1     7     8    24    16     0     2   -62.0  -14.269  -53.586   5126.2    515.8
     1     1     7     8    24    15     0     3   -63.0  -14.306  -53.437   5138.2    515.7
     1     1     7     8    24    14     0     2   -64.0  -14.349  -53.286   5144.7    515.1
     1     1     7     8    24    13     0     1   -65.0  -14.393  -53.140   5137.7    515.8
     1     1     7     8    24    12     0     0   -66.0  -14.438  -53.003   5113.6    517.6
     1     1     7     8    24    11     0     1   -67.0  -14.474  -52.882   5089.2    520.3
     1     1     7     8    24    10     0     2   -68.0  -14.495  -52.776   5084.4    520.6
     1     1     7     8    24     9     0     3   -69.0  -14.503  -52.685   5099.5    519.7
     1     1     7     8    24     8     0     2   -70.0  -14.501  -52.594   5119.7    517.8
     1     1     7     8    24     7     0     1   -71.0  -14.491  -52.494   5129.9    517.6
     1     1     7     8    24     6     0     0   -72.0  -14.469  -52.387   5130.6    518.1
     1     1     7     8    24     5     0     1   -73.0  -14.442  -52.266   5132.9    519.3
     1     1     7     8    24     4     0     2   -74.0  -14.416  -52.122   5148.2    519.0
     1     1     7     8    24     3     0     3   -75.0  -14.393  -51.958   5177.8    518.0
     1     1     7     8    24     2     0     2   -76.0  -14.383  -51.781   5220.0    516.5
     1     1     7     8    24     1     0     1   -77.0  -14.392  -51.600   5267.3    515.1
     1     1     7     8    24     0     0     0   -78.0  -14.420  -51.418   5318.5    513.3
     1     1     7     8    23    23     0     1   -79.0  -14.465  -51.234   5369.1    511.1
     1     1     7     8    23    22     0     2   -80.0  -14.525  -51.044   5415.3    509.4
     1     1     7     8    23    21     0     3   -81.0  -14.604  -50.850   5445.9    504.8
     1     1     7     8    23    20     0     2   -82.0  -14.713  -50.656   5474.3    499.7
     1     1     7     8    23    19     0     1   -83.0  -14.858  -50.465   5508.3    493.6
     1     1     7     8    23    18     0     0   -84.0  -15.037  -50.280   5548.4    486.6
     1     1     7     8    23    17     0     1   -85.0  -15.241  -50.109   5590.6    479.5
     1     1     7     8    23    16     0     2   -86.0  -15.461  -49.955   5629.4    473.7
     1     1     7     8    23    15     0     3   -87.0  -15.692  -49.819   5664.1    468.8
     1     1     7     8    23    14     0     2   -88.0  -15.942  -49.705   5689.7    463.9
     1     1     7     8    23    13     0     1   -89.0  -16.207  -49.617   5718.6    461.6
     1     1     7     8    23    12     0     0   -90.0  -16.482  -49.551   5752.4    460.2
     1     1     7     8    23    11     0     1   -91.0  -16.767  -49.514   5789.0    458.5
     1     1     7     8    23    10     0     2   -92.0  -17.065  -49.513   5825.0    457.6
     1     1     7     8    23     9     0     3   -93.0  -17.375  -49.541   5857.0    457.7
     1     1     7     8    23     8     0     2   -94.0  -17.688  -49.587   5888.9    459.0
     1     1     7     8    23     7     0     1   -95.0  -18.002  -49.642   5931.1    459.0
     1     1     7     8    23     6     0     0   -96.0  -18.321  -49.699   5980.5    456.8
     1     1     7     8    23     5     0     1   -97.0  -18.650  -49.758   6048.8    453.4
     1     1     7     8    23     4     0     2   -98.0  -18.999  -49.821   6135.0    449.3
     1     1     7     8    23     3     0     3   -99.0  -19.377  -49.886   6242.4    445.7
     1     1     7     8    23     2     0     2  -100.0  -19.765  -49.967   6354.0    441.7
     1     1     7     8    23     1     0     1  -101.0  -20.160  -50.085   6461.2    436.7
     1     1     7     8    23     0     0     0  -102.0  -20.576  -50.239   6557.2    431.1
     1     1     7     8    22    23     0     1  -103.0  -20.996  -50.427   6644.0    426.8
     1     1     7     8    22    22     0     2  -104.0  -21.401  -50.651   6716.5    422.6
     1     1     7     8    22    21     0     3  -105.0  -21.811  -50.922   6783.5    417.3
     1     1     7     8    22    20     0     2  -106.0  -22.229  -51.250   6845.7    413.8
     1     1     7     8    22    19     0     1  -107.0  -22.638  -51.625   6878.4    414.3
     1     1     7     8    22    18     0     0  -108.0  -23.044  -52.041   6875.4    415.1
     1     1     7     8    22    17     0     1  -109.0  -23.423  -52.487   6867.0    416.0
     1     1     7     8    22    16     0     2  -110.0  -23.765  -52.964   6902.3    414.6
     1     1     7     8    22    15     0     3  -111.0  -24.089  -53.475   6981.8    411.8
     1     1     7     8    22    14     0     2  -112.0  -24.401  -54.028   7045.1    406.9
     1     1     7     8    22    13     0     1  -113.0  -24.686  -54.612   7065.5    408.5
     1     1     7     8    22    12     0     0  -114.0  -24.949  -55.211   7075.7    412.7
     1     1     7     8    22    11     0     1  -115.0  -25.171  -55.852   7044.3    411.6
     1     1     7     8    22    10     0     2  -116.0  -25.314  -56.539   7017.9    418.2
     1     1     7     8    22     9     0     3  -117.0  -25.386  -57.241   6937.7    427.1
     1     1     7     8    22     8     0     2  -118.0  -25.409  -57.942   6827.0    433.6
     1     1     7     8    22     7     0     1  -119.0  -25.402  -58.641   6796.6    438.5
     1     1     7     8    22     6     0     0  -120.0  -25.373  -59.348   6802.9    437.1
