     7     1
    GDAS     7     7    22     0     0
    GDAS     7     8     8     0     0
    GDAS     7     8    15     0     0
    GDAS     7     8    22     0     0
    GDAS     7     8    29     0     0
    GDAS     7     8     1     0     0
    GDAS     7     7    29     0     0
     1 BACKWARD OMEGA   
     7     8    11     0  -23.561  -46.740  4000.0
     1 PRESSURE
     1     1     7     8    11     0     0     0     0.0  -23.561  -46.740   4000.0    589.2
     1     1     7     8    10    23     0     1    -1.0  -23.356  -46.895   3878.9    594.1
     1     1     7     8    10    22     0     2    -2.0  -23.169  -47.032   3798.7    598.2
     1     1     7     8    10    21     0     3    -3.0  -22.991  -47.152   3758.1    601.3
     1     1     7     8    10    20     0     2    -4.0  -22.811  -47.256   3746.6    601.7
     1     1     7     8    10    19     0     1    -5.0  -22.619  -47.342   3750.4    601.1
     1     1     7     8    10    18     0     0    -6.0  -22.416  -47.410   3761.6    599.6
     1     1     7     8    10    17     0     1    -7.0  -22.205  -47.449   3762.6    597.8
     1     1     7     8    10    16     0     2    -8.0  -21.990  -47.451   3741.4    598.0
     1     1     7     8    10    15     0     3    -9.0  -21.769  -47.416   3703.4    600.4
     1     1     7     8    10    14     0     2   -10.0  -21.549  -47.360   3673.0    603.5
     1     1     7     8    10    13     0     1   -11.0  -21.341  -47.297   3674.1    602.3
     1     1     7     8    10    12     0     0   -12.0  -21.150  -47.228   3704.7    599.0
     1     1     7     8    10    11     0     1   -13.0  -20.981  -47.150   3734.9    593.3
     1     1     7     8    10    10     0     2   -14.0  -20.835  -47.062   3736.8    590.7
     1     1     7     8    10     9     0     3   -15.0  -20.712  -46.967   3719.8    589.7
     1     1     7     8    10     8     0     2   -16.0  -20.600  -46.861   3706.9    590.6
     1     1     7     8    10     7     0     1   -17.0  -20.491  -46.737   3716.5    588.7
     1     1     7     8    10     6     0     0   -18.0  -20.387  -46.597   3750.8    585.1
     1     1     7     8    10     5     0     1   -19.0  -20.296  -46.441   3788.3    580.2
     1     1     7     8    10     4     0     2   -20.0  -20.218  -46.263   3800.9    578.5
     1     1     7     8    10     3     0     3   -21.0  -20.150  -46.061   3779.9    579.4
     1     1     7     8    10     2     0     2   -22.0  -20.085  -45.842   3766.1    584.9
     1     1     7     8    10     1     0     1   -23.0  -20.028  -45.619   3796.9    585.4
     1     1     7     8    10     0     0     0   -24.0  -19.984  -45.394   3865.2    583.4
     1     1     7     8     9    23     0     1   -25.0  -19.958  -45.172   3932.1    579.1
     1     1     7     8     9    22     0     2   -26.0  -19.946  -44.957   3962.2    578.6
     1     1     7     8     9    21     0     3   -27.0  -19.948  -44.756   3952.9    575.8
     1     1     7     8     9    20     0     2   -28.0  -19.956  -44.569   3937.6    574.7
     1     1     7     8     9    19     0     1   -29.0  -19.969  -44.394   3933.8    571.8
     1     1     7     8     9    18     0     0   -30.0  -19.984  -44.231   3943.5    568.1
     1     1     7     8     9    17     0     1   -31.0  -20.006  -44.076   3974.2    563.8
     1     1     7     8     9    16     0     2   -32.0  -20.032  -43.923   4039.7    560.1
     1     1     7     8     9    15     0     3   -33.0  -20.057  -43.772   4134.8    557.4
     1     1     7     8     9    14     0     2   -34.0  -20.088  -43.629   4223.7    553.0
     1     1     7     8     9    13     0     1   -35.0  -20.129  -43.497   4281.5    552.3
     1     1     7     8     9    12     0     0   -36.0  -20.173  -43.374   4309.3    553.4
     1     1     7     8     9    11     0     1   -37.0  -20.212  -43.264   4329.2    555.7
     1     1     7     8     9    10     0     2   -38.0  -20.237  -43.176   4364.7    555.0
     1     1     7     8     9     9     0     3   -39.0  -20.251  -43.109   4417.7    552.5
     1     1     7     8     9     8     0     2   -40.0  -20.260  -43.057   4473.5    548.7
     1     1     7     8     9     7     0     1   -41.0  -20.269  -43.010   4516.3    546.7
     1     1     7     8     9     6     0     0   -42.0  -20.278  -42.969   4544.6    545.0
     1     1     7     8     9     5     0     1   -43.0  -20.285  -42.935   4563.9    544.4
     1     1     7     8     9     4     0     2   -44.0  -20.289  -42.907   4579.3    543.7
     1     1     7     8     9     3     0     3   -45.0  -20.291  -42.887   4590.8    543.3
     1     1     7     8     9     2     0     2   -46.0  -20.290  -42.879   4600.1    542.7
     1     1     7     8     9     1     0     1   -47.0  -20.284  -42.887   4608.8    542.0
     1     1     7     8     9     0     0     0   -48.0  -20.274  -42.913   4616.9    541.3
     1     1     7     8     8    23     0     1   -49.0  -20.254  -42.954   4634.4    540.3
     1     1     7     8     8    22     0     2   -50.0  -20.224  -43.011   4672.9    537.1
     1     1     7     8     8    21     0     3   -51.0  -20.187  -43.089   4732.4    531.2
     1     1     7     8     8    20     0     2   -52.0  -20.151  -43.185   4793.1    523.6
     1     1     7     8     8    19     0     1   -53.0  -20.112  -43.292   4827.9    518.9
     1     1     7     8     8    18     0     0   -54.0  -20.068  -43.406   4833.5    516.0
     1     1     7     8     8    17     0     1   -55.0  -20.015  -43.523   4823.6    515.2
     1     1     7     8     8    16     0     2   -56.0  -19.950  -43.640   4815.0    513.6
     1     1     7     8     8    15     0     3   -57.0  -19.873  -43.759   4807.4    512.4
     1     1     7     8     8    14     0     2   -58.0  -19.799  -43.885   4804.5    511.3
     1     1     7     8     8    13     0     1   -59.0  -19.738  -44.026   4814.7    509.8
     1     1     7     8     8    12     0     0   -60.0  -19.687  -44.183   4852.5    510.6
     1     1     7     8     8    11     0     1   -61.0  -19.641  -44.362   4905.9    509.8
     1     1     7     8     8    10     0     2   -62.0  -19.594  -44.566   4969.8    508.5
     1     1     7     8     8     9     0     3   -63.0  -19.548  -44.793   5037.7    507.1
     1     1     7     8     8     8     0     2   -64.0  -19.487  -45.032   5100.8    505.7
     1     1     7     8     8     7     0     1   -65.0  -19.389  -45.272   5137.5    500.7
     1     1     7     8     8     6     0     0   -66.0  -19.255  -45.515   5160.4    497.2
     1     1     7     8     8     5     0     1   -67.0  -19.089  -45.745   5159.4    495.3
     1     1     7     8     8     4     0     2   -68.0  -18.896  -45.944   5130.2    496.5
     1     1     7     8     8     3     0     3   -69.0  -18.674  -46.104   5085.9    500.1
     1     1     7     8     8     2     0     2   -70.0  -18.432  -46.218   5054.7    505.0
     1     1     7     8     8     1     0     1   -71.0  -18.183  -46.289   5055.2    506.6
     1     1     7     8     8     0     0     0   -72.0  -17.926  -46.316   5083.7    506.5
     1     1     7     8     7    23     0     1   -73.0  -17.650  -46.294   5117.6    504.3
     1     1     7     8     7    22     0     2   -74.0  -17.343  -46.209   5141.9    504.6
     1     1     7     8     7    21     0     3   -75.0  -17.018  -46.057   5157.9    506.6
     1     1     7     8     7    20     0     2   -76.0  -16.701  -45.860   5158.6    507.8
     1     1     7     8     7    19     0     1   -77.0  -16.410  -45.643   5162.1    508.4
     1     1     7     8     7    18     0     0   -78.0  -16.145  -45.410   5177.8    508.4
     1     1     7     8     7    17     0     1   -79.0  -15.897  -45.158   5185.0    506.3
     1     1     7     8     7    16     0     2   -80.0  -15.658  -44.881   5157.0    505.4
     1     1     7     8     7    15     0     3   -81.0  -15.433  -44.570   5099.7    508.5
     1     1     7     8     7    14     0     2   -82.0  -15.231  -44.224   5036.0    516.8
     1     1     7     8     7    13     0     1   -83.0  -15.059  -43.850   4980.2    523.0
     1     1     7     8     7    12     0     0   -84.0  -14.917  -43.455   4931.7    523.5
     1     1     7     8     7    11     0     1   -85.0  -14.809  -43.058   4915.6    520.4
     1     1     7     8     7    10     0     2   -86.0  -14.735  -42.677   4923.1    516.2
     1     1     7     8     7     9     0     3   -87.0  -14.693  -42.321   4934.0    512.8
     1     1     7     8     7     8     0     2   -88.0  -14.680  -41.988   4948.1    510.5
     1     1     7     8     7     7     0     1   -89.0  -14.688  -41.683   4982.0    511.1
     1     1     7     8     7     6     0     0   -90.0  -14.714  -41.411   5018.7    511.1
     1     1     7     8     7     5     0     1   -91.0  -14.758  -41.161   5047.7    510.2
     1     1     7     8     7     4     0     2   -92.0  -14.816  -40.916   5060.4    511.5
     1     1     7     8     7     3     0     3   -93.0  -14.890  -40.670   5069.1    514.8
     1     1     7     8     7     2     0     2   -94.0  -14.978  -40.427   5087.6    518.0
     1     1     7     8     7     1     0     1   -95.0  -15.076  -40.197   5131.0    520.1
     1     1     7     8     7     0     0     0   -96.0  -15.185  -39.978   5196.7    520.9
     1     1     7     8     6    23     0     1   -97.0  -15.295  -39.765   5283.6    520.4
     1     1     7     8     6    22     0     2   -98.0  -15.399  -39.552   5384.2    518.7
     1     1     7     8     6    21     0     3   -99.0  -15.497  -39.344   5492.5    516.2
     1     1     7     8     6    20     0     2  -100.0  -15.592  -39.141   5591.0    513.6
     1     1     7     8     6    19     0     1  -101.0  -15.685  -38.940   5659.2    512.4
     1     1     7     8     6    18     0     0  -102.0  -15.773  -38.743   5689.3    510.6
     1     1     7     8     6    17     0     1  -103.0  -15.856  -38.549   5704.5    510.9
     1     1     7     8     6    16     0     2  -104.0  -15.935  -38.356   5718.5    510.4
     1     1     7     8     6    15     0     3  -105.0  -16.010  -38.164   5732.4    509.9
     1     1     7     8     6    14     0     2  -106.0  -16.082  -37.973   5745.7    509.4
     1     1     7     8     6    13     0     1  -107.0  -16.153  -37.787   5758.6    508.8
     1     1     7     8     6    12     0     0  -108.0  -16.224  -37.608   5772.2    508.0
     1     1     7     8     6    11     0     1  -109.0  -16.295  -37.432   5790.7    506.7
     1     1     7     8     6    10     0     2  -110.0  -16.365  -37.256   5817.4    504.5
     1     1     7     8     6     9     0     3  -111.0  -16.434  -37.084   5850.3    501.9
     1     1     7     8     6     8     0     2  -112.0  -16.494  -36.916   5880.4    499.5
     1     1     7     8     6     7     0     1  -113.0  -16.542  -36.751   5900.3    498.2
     1     1     7     8     6     6     0     0  -114.0  -16.579  -36.585   5910.6    497.5
     1     1     7     8     6     5     0     1  -115.0  -16.611  -36.408   5923.0    497.7
     1     1     7     8     6     4     0     2  -116.0  -16.639  -36.212   5948.5    496.3
     1     1     7     8     6     3     0     3  -117.0  -16.665  -35.995   5985.0    494.2
     1     1     7     8     6     2     0     2  -118.0  -16.698  -35.760   6018.9    491.3
     1     1     7     8     6     1     0     1  -119.0  -16.751  -35.512   6040.6    490.1
     1     1     7     8     6     0     0     0  -120.0  -16.826  -35.253   6057.2    489.3
