     7     1
    GDAS     7     7    22     0     0
    GDAS     7     8     8     0     0
    GDAS     7     8    15     0     0
    GDAS     7     8    22     0     0
    GDAS     7     8    29     0     0
    GDAS     7     8     1     0     0
    GDAS     7     7    29     0     0
     1 BACKWARD OMEGA   
     7     8    30     6  -23.561  -46.740  4000.0
     1 PRESSURE
     1     1     7     8    30     6     0     0     0.0  -23.561  -46.740   4000.0    587.5
     1     1     7     8    30     5     0     1    -1.0  -23.488  -47.178   3979.9    585.9
     1     1     7     8    30     4     0     2    -2.0  -23.406  -47.606   3937.2    591.6
     1     1     7     8    30     3     0     3    -3.0  -23.316  -48.014   3861.2    601.3
     1     1     7     8    30     2     0     2    -4.0  -23.216  -48.416   3761.1    606.0
     1     1     7     8    30     1     0     1    -5.0  -23.112  -48.831   3713.8    604.5
     1     1     7     8    30     0     0     0    -6.0  -23.016  -49.263   3766.0    602.3
     1     1     7     8    29    23     0     1    -7.0  -22.914  -49.701   3849.6    599.4
     1     1     7     8    29    22     0     2    -8.0  -22.794  -50.147   3868.0    603.1
     1     1     7     8    29    21     0     3    -9.0  -22.662  -50.618   3845.3    607.6
     1     1     7     8    29    20     0     2   -10.0  -22.514  -51.103   3824.9    610.9
     1     1     7     8    29    19     0     1   -11.0  -22.336  -51.576   3793.9    617.9
     1     1     7     8    29    18     0     0   -12.0  -22.126  -52.034   3732.0    630.0
     1     1     7     8    29    17     0     1   -13.0  -21.893  -52.475   3649.4    636.7
     1     1     7     8    29    16     0     2   -14.0  -21.652  -52.904   3581.4    640.7
     1     1     7     8    29    15     0     3   -15.0  -21.409  -53.332   3531.5    644.4
     1     1     7     8    29    14     0     2   -16.0  -21.167  -53.763   3490.0    643.3
     1     1     7     8    29    13     0     1   -17.0  -20.924  -54.201   3443.7    641.7
     1     1     7     8    29    12     0     0   -18.0  -20.676  -54.647   3391.3    647.6
     1     1     7     8    29    11     0     1   -19.0  -20.412  -55.070   3343.6    656.9
     1     1     7     8    29    10     0     2   -20.0  -20.126  -55.433   3320.0    665.8
     1     1     7     8    29     9     0     3   -21.0  -19.820  -55.727   3316.9    671.8
     1     1     7     8    29     8     0     2   -22.0  -19.503  -55.976   3319.2    676.6
     1     1     7     8    29     7     0     1   -23.0  -19.184  -56.205   3308.1    679.1
     1     1     7     8    29     6     0     0   -24.0  -18.869  -56.407   3278.0    681.3
     1     1     7     8    29     5     0     1   -25.0  -18.560  -56.585   3230.1    685.5
     1     1     7     8    29     4     0     2   -26.0  -18.261  -56.737   3177.3    690.2
     1     1     7     8    29     3     0     3   -27.0  -17.980  -56.856   3129.9    694.9
     1     1     7     8    29     2     0     2   -28.0  -17.705  -56.962   3098.7    698.3
     1     1     7     8    29     1     0     1   -29.0  -17.425  -57.073   3085.5    699.4
     1     1     7     8    29     0     0     0   -30.0  -17.146  -57.185   3090.3    699.0
     1     1     7     8    28    23     0     1   -31.0  -16.879  -57.295   3099.8    695.4
     1     1     7     8    28    22     0     2   -32.0  -16.633  -57.406   3099.8    692.0
     1     1     7     8    28    21     0     3   -33.0  -16.414  -57.526   3094.4    689.9
     1     1     7     8    28    20     0     2   -34.0  -16.206  -57.649   3089.0    689.1
     1     1     7     8    28    19     0     1   -35.0  -15.997  -57.766   3090.4    688.0
     1     1     7     8    28    18     0     0   -36.0  -15.789  -57.877   3103.3    685.4
     1     1     7     8    28    17     0     1   -37.0  -15.585  -57.980   3121.7    681.3
     1     1     7     8    28    16     0     2   -38.0  -15.384  -58.076   3134.0    677.4
     1     1     7     8    28    15     0     3   -39.0  -15.182  -58.163   3136.3    674.2
     1     1     7     8    28    14     0     2   -40.0  -14.990  -58.250   3132.2    671.3
     1     1     7     8    28    13     0     1   -41.0  -14.819  -58.352   3122.7    667.3
     1     1     7     8    28    12     0     0   -42.0  -14.663  -58.471   3104.3    664.5
     1     1     7     8    28    11     0     1   -43.0  -14.520  -58.601   3078.9    663.6
     1     1     7     8    28    10     0     2   -44.0  -14.393  -58.736   3051.4    663.1
     1     1     7     8    28     9     0     3   -45.0  -14.284  -58.877   3020.7    663.6
     1     1     7     8    28     8     0     2   -46.0  -14.189  -59.026   2992.9    665.9
     1     1     7     8    28     7     0     1   -47.0  -14.100  -59.181   2979.5    669.1
     1     1     7     8    28     6     0     0   -48.0  -14.014  -59.348   2981.1    671.0
     1     1     7     8    28     5     0     1   -49.0  -13.925  -59.534   3010.1    672.7
     1     1     7     8    28     4     0     2   -50.0  -13.828  -59.742   3072.8    670.6
     1     1     7     8    28     3     0     3   -51.0  -13.728  -59.981   3166.9    665.6
     1     1     7     8    28     2     0     2   -52.0  -13.605  -60.232   3261.2    657.7
     1     1     7     8    28     1     0     1   -53.0  -13.449  -60.465   3326.6    654.4
     1     1     7     8    28     0     0     0   -54.0  -13.272  -60.684   3366.7    652.3
     1     1     7     8    27    23     0     1   -55.0  -13.080  -60.868   3395.4    651.0
     1     1     7     8    27    22     0     2   -56.0  -12.877  -60.999   3432.2    649.1
     1     1     7     8    27    21     0     3   -57.0  -12.666  -61.079   3478.1    646.8
     1     1     7     8    27    20     0     2   -58.0  -12.462  -61.135   3519.8    644.2
     1     1     7     8    27    19     0     1   -59.0  -12.275  -61.187   3548.8    643.0
     1     1     7     8    27    18     0     0   -60.0  -12.102  -61.238   3565.4    642.4
     1     1     7     8    27    17     0     1   -61.0  -11.943  -61.284   3571.8    642.4
     1     1     7     8    27    16     0     2   -62.0  -11.800  -61.320   3571.7    643.0
     1     1     7     8    27    15     0     3   -63.0  -11.673  -61.344   3567.8    644.0
     1     1     7     8    27    14     0     2   -64.0  -11.555  -61.357   3562.8    644.5
     1     1     7     8    27    13     0     1   -65.0  -11.438  -61.360   3555.6    645.0
     1     1     7     8    27    12     0     0   -66.0  -11.323  -61.354   3542.0    645.9
     1     1     7     8    27    11     0     1   -67.0  -11.216  -61.333   3516.6    647.5
     1     1     7     8    27    10     0     2   -68.0  -11.122  -61.294   3475.1    650.4
     1     1     7     8    27     9     0     3   -69.0  -11.046  -61.238   3415.5    654.8
     1     1     7     8    27     8     0     2   -70.0  -10.995  -61.177   3345.8    661.1
     1     1     7     8    27     7     0     1   -71.0  -10.971  -61.121   3277.2    667.0
     1     1     7     8    27     6     0     0   -72.0  -10.971  -61.072   3211.8    672.3
     1     1     7     8    27     5     0     1   -73.0  -10.986  -61.022   3156.4    677.6
     1     1     7     8    27     4     0     2   -74.0  -11.003  -60.966   3120.5    680.9
     1     1     7     8    27     3     0     3   -75.0  -11.021  -60.909   3105.1    682.6
     1     1     7     8    27     2     0     2   -76.0  -11.022  -60.858   3108.8    682.0
     1     1     7     8    27     1     0     1   -77.0  -10.992  -60.819   3129.2    680.1
     1     1     7     8    27     0     0     0   -78.0  -10.930  -60.790   3160.2    677.4
     1     1     7     8    26    23     0     1   -79.0  -10.847  -60.771   3194.6    674.6
     1     1     7     8    26    22     0     2   -80.0  -10.751  -60.768   3231.3    671.7
     1     1     7     8    26    21     0     3   -81.0  -10.643  -60.779   3270.4    668.7
     1     1     7     8    26    20     0     2   -82.0  -10.528  -60.793   3302.0    666.2
     1     1     7     8    26    19     0     1   -83.0  -10.411  -60.796   3318.1    665.8
     1     1     7     8    26    18     0     0   -84.0  -10.292  -60.788   3321.8    666.6
     1     1     7     8    26    17     0     1   -85.0  -10.178  -60.764   3316.7    668.1
     1     1     7     8    26    16     0     2   -86.0  -10.076  -60.725   3308.7    670.0
     1     1     7     8    26    15     0     3   -87.0   -9.989  -60.673   3303.6    671.4
     1     1     7     8    26    14     0     2   -88.0   -9.905  -60.618   3294.1    671.9
     1     1     7     8    26    13     0     1   -89.0   -9.812  -60.561   3272.7    674.3
     1     1     7     8    26    12     0     0   -90.0   -9.709  -60.500   3244.1    677.4
     1     1     7     8    26    11     0     1   -91.0   -9.587  -60.423   3210.8    680.5
     1     1     7     8    26    10     0     2   -92.0   -9.442  -60.318   3172.9    684.1
     1     1     7     8    26     9     0     3   -93.0   -9.278  -60.187   3128.2    688.4
     1     1     7     8    26     8     0     2   -94.0   -9.102  -60.024   3091.4    694.2
     1     1     7     8    26     7     0     1   -95.0   -8.922  -59.824   3071.4    695.3
     1     1     7     8    26     6     0     0   -96.0   -8.742  -59.593   3056.2    695.2
     1     1     7     8    26     5     0     1   -97.0   -8.575  -59.344   3042.8    696.1
     1     1     7     8    26     4     0     2   -98.0   -8.421  -59.084   3036.7    695.9
     1     1     7     8    26     3     0     3   -99.0   -8.273  -58.801   3039.3    697.0
     1     1     7     8    26     2     0     2  -100.0   -8.137  -58.504   3050.1    698.7
     1     1     7     8    26     1     0     1  -101.0   -8.015  -58.198   3068.2    700.1
     1     1     7     8    26     0     0     0  -102.0   -7.902  -57.880   3081.9    697.0
     1     1     7     8    25    23     0     1  -103.0   -7.809  -57.582   3086.5    689.4
     1     1     7     8    25    22     0     2  -104.0   -7.739  -57.322   3084.3    684.0
     1     1     7     8    25    21     0     3  -105.0   -7.682  -57.086   3064.2    681.0
     1     1     7     8    25    20     0     2  -106.0   -7.635  -56.877   3029.5    682.9
     1     1     7     8    25    19     0     1  -107.0   -7.599  -56.702   2991.2    686.1
     1     1     7     8    25    18     0     0  -108.0   -7.572  -56.557   2955.4    689.0
     1     1     7     8    25    17     0     1  -109.0   -7.551  -56.431   2933.3    691.6
     1     1     7     8    25    16     0     2  -110.0   -7.536  -56.317   2936.3    691.5
     1     1     7     8    25    15     0     3  -111.0   -7.523  -56.217   2968.1    689.0
     1     1     7     8    25    14     0     2  -112.0   -7.511  -56.127   3010.1    683.4
     1     1     7     8    25    13     0     1  -113.0   -7.500  -56.042   3040.4    680.4
     1     1     7     8    25    12     0     0  -114.0   -7.490  -55.958   3056.7    678.9
     1     1     7     8    25    11     0     1  -115.0   -7.472  -55.868   3062.8    679.0
     1     1     7     8    25    10     0     2  -116.0   -7.439  -55.768   3063.2    679.5
     1     1     7     8    25     9     0     3  -117.0   -7.393  -55.654   3059.3    680.6
     1     1     7     8    25     8     0     2  -118.0   -7.341  -55.517   3055.6    682.5
     1     1     7     8    25     7     0     1  -119.0   -7.291  -55.348   3057.7    683.8
     1     1     7     8    25     6     0     0  -120.0   -7.249  -55.144   3069.5    684.3
