     7     1
    GDAS     7     7    22     0     0
    GDAS     7     8     8     0     0
    GDAS     7     8    15     0     0
    GDAS     7     8    22     0     0
    GDAS     7     8    29     0     0
    GDAS     7     8     1     0     0
    GDAS     7     7    29     0     0
     1 BACKWARD OMEGA   
     7     8    19     0  -23.561  -46.740  4000.0
     1 PRESSURE
     1     1     7     8    19     0     0     0     0.0  -23.561  -46.740   4000.0    586.2
     1     1     7     8    18    23     0     1    -1.0  -23.285  -46.870   3946.8    584.0
     1     1     7     8    18    22     0     2    -2.0  -22.992  -46.973   3913.5    583.1
     1     1     7     8    18    21     0     3    -3.0  -22.680  -47.045   3897.2    582.5
     1     1     7     8    18    20     0     2    -4.0  -22.360  -47.079   3894.3    580.6
     1     1     7     8    18    19     0     1    -5.0  -22.040  -47.067   3903.5    576.6
     1     1     7     8    18    18     0     0    -6.0  -21.722  -47.007   3923.0    574.0
     1     1     7     8    18    17     0     1    -7.0  -21.419  -46.909   3931.3    572.9
     1     1     7     8    18    16     0     2    -8.0  -21.141  -46.775   3917.0    574.6
     1     1     7     8    18    15     0     3    -9.0  -20.888  -46.602   3882.1    576.7
     1     1     7     8    18    14     0     2   -10.0  -20.664  -46.410   3839.4    578.2
     1     1     7     8    18    13     0     1   -11.0  -20.465  -46.215   3800.5    579.1
     1     1     7     8    18    12     0     0   -12.0  -20.288  -46.018   3758.3    580.7
     1     1     7     8    18    11     0     1   -13.0  -20.132  -45.817   3717.5    585.1
     1     1     7     8    18    10     0     2   -14.0  -19.991  -45.607   3686.0    590.6
     1     1     7     8    18     9     0     3   -15.0  -19.861  -45.388   3679.1    595.7
     1     1     7     8    18     8     0     2   -16.0  -19.738  -45.154   3705.4    598.6
     1     1     7     8    18     7     0     1   -17.0  -19.614  -44.901   3759.9    596.0
     1     1     7     8    18     6     0     0   -18.0  -19.484  -44.642   3825.2    587.8
     1     1     7     8    18     5     0     1   -19.0  -19.345  -44.381   3882.5    580.4
     1     1     7     8    18     4     0     2   -20.0  -19.200  -44.112   3906.7    577.1
     1     1     7     8    18     3     0     3   -21.0  -19.059  -43.831   3898.5    580.1
     1     1     7     8    18     2     0     2   -22.0  -18.936  -43.540   3875.1    585.9
     1     1     7     8    18     1     0     1   -23.0  -18.832  -43.242   3864.5    587.3
     1     1     7     8    18     0     0     0   -24.0  -18.744  -42.934   3878.1    588.0
     1     1     7     8    17    23     0     1   -25.0  -18.677  -42.614   3919.8    590.9
     1     1     7     8    17    22     0     2   -26.0  -18.642  -42.281   3973.7    594.4
     1     1     7     8    17    21     0     3   -27.0  -18.637  -41.937   4037.9    596.5
     1     1     7     8    17    20     0     2   -28.0  -18.659  -41.586   4088.1    593.9
     1     1     7     8    17    19     0     1   -29.0  -18.705  -41.229   4118.0    593.4
     1     1     7     8    17    18     0     0   -30.0  -18.781  -40.863   4127.3    596.6
     1     1     7     8    17    17     0     1   -31.0  -18.886  -40.482   4139.4    605.7
     1     1     7     8    17    16     0     2   -32.0  -19.018  -40.083   4167.6    612.7
     1     1     7     8    17    15     0     3   -33.0  -19.178  -39.677   4199.8    614.3
     1     1     7     8    17    14     0     2   -34.0  -19.361  -39.278   4240.8    613.8
     1     1     7     8    17    13     0     1   -35.0  -19.563  -38.893   4292.8    611.7
     1     1     7     8    17    12     0     0   -36.0  -19.783  -38.531   4354.6    606.8
     1     1     7     8    17    11     0     1   -37.0  -20.025  -38.193   4426.4    599.9
     1     1     7     8    17    10     0     2   -38.0  -20.295  -37.880   4501.5    593.6
     1     1     7     8    17     9     0     3   -39.0  -20.596  -37.589   4573.5    588.0
     1     1     7     8    17     8     0     2   -40.0  -20.926  -37.315   4631.4    583.8
     1     1     7     8    17     7     0     1   -41.0  -21.280  -37.064   4673.1    581.5
     1     1     7     8    17     6     0     0   -42.0  -21.650  -36.842   4712.1    579.3
     1     1     7     8    17     5     0     1   -43.0  -22.024  -36.645   4765.2    576.0
     1     1     7     8    17     4     0     2   -44.0  -22.387  -36.468   4843.8    570.9
     1     1     7     8    17     3     0     3   -45.0  -22.739  -36.310   4949.8    563.6
     1     1     7     8    17     2     0     2   -46.0  -23.090  -36.173   5063.6    554.9
     1     1     7     8    17     1     0     1   -47.0  -23.452  -36.055   5161.6    547.7
     1     1     7     8    17     0     0     0   -48.0  -23.824  -35.956   5237.0    542.5
     1     1     7     8    16    23     0     1   -49.0  -24.204  -35.878   5297.2    538.5
     1     1     7     8    16    22     0     2   -50.0  -24.589  -35.824   5349.2    534.4
     1     1     7     8    16    21     0     3   -51.0  -24.979  -35.795   5392.8    530.9
     1     1     7     8    16    20     0     2   -52.0  -25.369  -35.788   5436.6    528.9
     1     1     7     8    16    19     0     1   -53.0  -25.753  -35.796   5483.2    526.2
     1     1     7     8    16    18     0     0   -54.0  -26.133  -35.820   5529.1    523.3
     1     1     7     8    16    17     0     1   -55.0  -26.509  -35.856   5568.7    520.2
     1     1     7     8    16    16     0     2   -56.0  -26.880  -35.903   5598.5    518.0
     1     1     7     8    16    15     0     3   -57.0  -27.245  -35.961   5623.1    516.9
     1     1     7     8    16    14     0     2   -58.0  -27.605  -36.035   5653.6    516.1
     1     1     7     8    16    13     0     1   -59.0  -27.958  -36.139   5692.9    513.6
     1     1     7     8    16    12     0     0   -60.0  -28.306  -36.277   5729.5    511.0
     1     1     7     8    16    11     0     1   -61.0  -28.648  -36.441   5762.8    508.8
     1     1     7     8    16    10     0     2   -62.0  -28.980  -36.625   5796.4    506.6
     1     1     7     8    16     9     0     3   -63.0  -29.298  -36.833   5830.3    504.3
     1     1     7     8    16     8     0     2   -64.0  -29.599  -37.070   5863.7    501.9
     1     1     7     8    16     7     0     1   -65.0  -29.869  -37.341   5896.0    499.9
     1     1     7     8    16     6     0     0   -66.0  -30.104  -37.649   5931.6    497.7
     1     1     7     8    16     5     0     1   -67.0  -30.299  -37.976   5969.8    495.0
     1     1     7     8    16     4     0     2   -68.0  -30.448  -38.296   6009.7    492.7
     1     1     7     8    16     3     0     3   -69.0  -30.553  -38.607   6053.0    490.4
     1     1     7     8    16     2     0     2   -70.0  -30.633  -38.919   6084.0    487.7
     1     1     7     8    16     1     0     1   -71.0  -30.699  -39.233   6085.0    487.5
     1     1     7     8    16     0     0     0   -72.0  -30.752  -39.537   6059.6    488.9
     1     1     7     8    15    23     0     1   -73.0  -30.787  -39.843   6032.5    491.6
     1     1     7     8    15    22     0     2   -74.0  -30.806  -40.166   6028.4    491.7
     1     1     7     8    15    21     0     3   -75.0  -30.813  -40.502   6049.2    490.8
     1     1     7     8    15    20     0     2   -76.0  -30.809  -40.844   6101.0    488.1
     1     1     7     8    15    19     0     1   -77.0  -30.796  -41.194   6180.9    482.5
     1     1     7     8    15    18     0     0   -78.0  -30.778  -41.557   6272.5    475.7
     1     1     7     8    15    17     0     1   -79.0  -30.753  -41.947   6342.1    469.7
     1     1     7     8    15    16     0     2   -80.0  -30.707  -42.376   6372.7    468.6
     1     1     7     8    15    15     0     3   -81.0  -30.633  -42.838   6377.8    469.7
     1     1     7     8    15    14     0     2   -82.0  -30.534  -43.316   6385.4    470.3
     1     1     7     8    15    13     0     1   -83.0  -30.411  -43.801   6417.5    468.3
     1     1     7     8    15    12     0     0   -84.0  -30.271  -44.294   6478.2    464.8
     1     1     7     8    15    11     0     1   -85.0  -30.127  -44.802   6525.0    459.5
     1     1     7     8    15    10     0     2   -86.0  -29.990  -45.322   6515.8    459.8
     1     1     7     8    15     9     0     3   -87.0  -29.854  -45.854   6450.4    463.3
     1     1     7     8    15     8     0     2   -88.0  -29.695  -46.383   6360.8    470.4
     1     1     7     8    15     7     0     1   -89.0  -29.494  -46.903   6281.1    475.6
     1     1     7     8    15     6     0     0   -90.0  -29.246  -47.426   6205.0    478.9
     1     1     7     8    15     5     0     1   -91.0  -28.957  -47.962   6124.7    481.8
     1     1     7     8    15     4     0     2   -92.0  -28.645  -48.498   6032.9    485.4
     1     1     7     8    15     3     0     3   -93.0  -28.317  -49.040   5862.1    478.2
     1     1     7     8    15     2     0     2   -94.0  -27.982  -49.600   5637.1    458.5
     1     1     7     8    15     1     0     1   -95.0  -27.637  -50.144   5561.3    456.6
     1     1     7     8    15     0     0     0   -96.0  -27.279  -50.645   5546.7    462.8
     1     1     7     8    14    23     0     1   -97.0  -26.925  -51.109   5524.6    461.0
     1     1     7     8    14    22     0     2   -98.0  -26.587  -51.539   5562.8    464.6
     1     1     7     8    14    21     0     3   -99.0  -26.266  -51.943   5587.8    464.2
     1     1     7     8    14    20     0     2  -100.0  -25.962  -52.315   5618.8    466.1
     1     1     7     8    14    19     0     1  -101.0  -25.671  -52.638   5626.6    470.8
     1     1     7     8    14    18     0     0  -102.0  -25.393  -52.922   5584.4    478.7
     1     1     7     8    14    17     0     1  -103.0  -25.135  -53.171   5510.8    487.4
     1     1     7     8    14    16     0     2  -104.0  -24.901  -53.388   5437.5    496.2
     1     1     7     8    14    15     0     3  -105.0  -24.677  -53.577   5376.7    504.9
     1     1     7     8    14    14     0     2  -106.0  -24.454  -53.749   5315.3    512.2
     1     1     7     8    14    13     0     1  -107.0  -24.229  -53.911   5247.6    520.6
     1     1     7     8    14    12     0     0  -108.0  -24.001  -54.059   5182.6    528.4
     1     1     7     8    14    11     0     1  -109.0  -23.767  -54.184   5147.2    532.2
     1     1     7     8    14    10     0     2  -110.0  -23.522  -54.283   5169.6    529.2
     1     1     7     8    14     9     0     3  -111.0  -23.270  -54.360   5237.6    523.1
     1     1     7     8    14     8     0     2  -112.0  -23.019  -54.420   5314.3    514.8
     1     1     7     8    14     7     0     1  -113.0  -22.775  -54.464   5363.2    510.6
     1     1     7     8    14     6     0     0  -114.0  -22.539  -54.491   5372.4    509.4
     1     1     7     8    14     5     0     1  -115.0  -22.320  -54.501   5355.5    511.8
     1     1     7     8    14     4     0     2  -116.0  -22.126  -54.497   5333.8    513.8
     1     1     7     8    14     3     0     3  -117.0  -21.957  -54.477   5315.0    515.6
     1     1     7     8    14     2     0     2  -118.0  -21.800  -54.448   5297.8    516.0
     1     1     7     8    14     1     0     1  -119.0  -21.647  -54.415   5282.5    516.4
     1     1     7     8    14     0     0     0  -120.0  -21.499  -54.378   5271.0    516.5
