     7     1
    GDAS     7     7    22     0     0
    GDAS     7     8     8     0     0
    GDAS     7     8    15     0     0
    GDAS     7     8    22     0     0
    GDAS     7     8    29     0     0
    GDAS     7     8     1     0     0
    GDAS     7     7    29     0     0
     1 BACKWARD OMEGA   
     7     8     1     0  -23.561  -46.740  4000.0
     1 PRESSURE
     1     1     7     8     1     0     0     0     0.0  -23.561  -46.740   4000.0    584.4
     1     1     7     7    31    23     0     1    -1.0  -23.808  -47.121   4075.2    578.0
     1     1     7     7    31    22     0     2    -2.0  -24.053  -47.542   4137.6    573.7
     1     1     7     7    31    21     0     3    -3.0  -24.295  -47.987   4202.3    574.3
     1     1     7     7    31    20     0     2    -4.0  -24.531  -48.452   4260.5    569.8
     1     1     7     7    31    19     0     1    -5.0  -24.768  -48.956   4317.3    557.8
     1     1     7     7    31    18     0     0    -6.0  -25.014  -49.503   4379.5    543.4
     1     1     7     7    31    17     0     1    -7.0  -25.268  -50.079   4440.1    529.2
     1     1     7     7    31    16     0     2    -8.0  -25.530  -50.656   4515.0    526.3
     1     1     7     7    31    15     0     3    -9.0  -25.799  -51.216   4561.3    525.5
     1     1     7     7    31    14     0     2   -10.0  -26.089  -51.771   4600.2    522.8
     1     1     7     7    31    13     0     1   -11.0  -26.408  -52.331   4701.5    524.5
     1     1     7     7    31    12     0     0   -12.0  -26.761  -52.887   4851.4    531.4
     1     1     7     7    31    11     0     1   -13.0  -27.128  -53.438   4971.7    527.2
     1     1     7     7    31    10     0     2   -14.0  -27.489  -53.975   5086.0    520.7
     1     1     7     7    31     9     0     3   -15.0  -27.845  -54.490   5247.9    515.7
     1     1     7     7    31     8     0     2   -16.0  -28.208  -55.002   5439.5    507.4
     1     1     7     7    31     7     0     1   -17.0  -28.593  -55.520   5636.0    496.9
     1     1     7     7    31     6     0     0   -18.0  -29.007  -56.016   5862.6    491.4
     1     1     7     7    31     5     0     1   -19.0  -29.452  -56.501   6059.3    474.1
     1     1     7     7    31     4     0     2   -20.0  -29.935  -56.994   6281.6    460.4
     1     1     7     7    31     3     0     3   -21.0  -30.467  -57.495   6532.3    445.9
     1     1     7     7    31     2     0     2   -22.0  -31.031  -58.006   6831.7    429.9
     1     1     7     7    31     1     0     1   -23.0  -31.618  -58.546   7160.1    409.4
     1     1     7     7    31     0     0     0   -24.0  -32.246  -59.122   7467.7    391.1
     1     1     7     7    30    23     0     1   -25.0  -32.895  -59.755   7686.9    376.8
     1     1     7     7    30    22     0     2   -26.0  -33.517  -60.451   7804.6    371.1
     1     1     7     7    30    21     0     3   -27.0  -34.130  -61.252   7882.3    365.2
     1     1     7     7    30    20     0     2   -28.0  -34.715  -62.196   7943.3    361.1
     1     1     7     7    30    19     0     1   -29.0  -35.286  -63.226   8000.2    358.0
     1     1     7     7    30    18     0     0   -30.0  -35.812  -64.384   7942.0    355.1
     1     1     7     7    30    17     0     1   -31.0  -36.239  -65.675   7791.2    358.0
     1     1     7     7    30    16     0     2   -32.0  -36.603  -67.092   7863.9    354.2
     1     1     7     7    30    15     0     3   -33.0  -36.906  -68.563   7744.2    326.8
     1     1     7     7    30    14     0     2   -34.0  -37.172  -69.987   7430.1    317.5
     1     1     7     7    30    13     0     1   -35.0  -37.402  -71.445   7497.6    327.7
     1     1     7     7    30    12     0     0   -36.0  -37.624  -73.068   7933.9    354.6
     1     1     7     7    30    11     0     1   -37.0  -37.835  -74.755   8018.9    361.3
     1     1     7     7    30    10     0     2   -38.0  -38.018  -76.527   8164.5    352.1
     1     1     7     7    30     9     0     3   -39.0  -38.172  -78.379   8295.4    345.0
     1     1     7     7    30     8     0     2   -40.0  -38.306  -80.229   8400.3    340.3
     1     1     7     7    30     7     0     1   -41.0  -38.357  -82.111   8590.8    330.8
     1     1     7     7    30     6     0     0   -42.0  -38.312  -84.064   8827.9    319.9
     1     1     7     7    30     5     0     1   -43.0  -38.309  -86.104   9084.3    306.7
     1     1     7     7    30     4     0     2   -44.0  -38.309  -88.216   9164.0    302.9
     1     1     7     7    30     3     0     3   -45.0  -38.267  -90.388   9107.9    305.4
     1     1     7     7    30     2     0     2   -46.0  -38.090  -92.604   9020.0    309.4
     1     1     7     7    30     1     0     1   -47.0  -37.715  -94.782   8928.2    314.1
     1     1     7     7    30     0     0     0   -48.0  -37.216  -96.903   8811.8    319.6
     1     1     7     7    29    23     0     1   -49.0  -36.566  -98.885   8588.2    330.2
     1     1     7     7    29    22     0     2   -50.0  -35.770 -100.624   8247.2    348.1
     1     1     7     7    29    21     0     3   -51.0  -34.882 -102.100   7882.8    367.9
     1     1     7     7    29    20     0     2   -52.0  -33.943 -103.295   7479.9    390.9
     1     1     7     7    29    19     0     1   -53.0  -33.089 -104.300   7048.8    415.2
     1     1     7     7    29    18     0     0   -54.0  -32.288 -105.133   6646.0    441.2
     1     1     7     7    29    17     0     1   -55.0  -31.589 -105.839   6265.6    465.6
     1     1     7     7    29    16     0     2   -56.0  -31.005 -106.508   5940.6    486.2
     1     1     7     7    29    15     0     3   -57.0  -30.499 -107.122   5580.9    504.8
     1     1     7     7    29    14     0     2   -58.0  -30.056 -107.687   5133.3    539.0
     1     1     7     7    29    13     0     1   -59.0  -29.661 -108.202   4697.4    574.2
     1     1     7     7    29    12     0     0   -60.0  -29.288 -108.638   4260.3    603.1
     1     1     7     7    29    11     0     1   -61.0  -28.925 -108.963   3754.6    641.4
     1     1     7     7    29    10     0     2   -62.0  -28.630 -109.178   3211.2    691.4
     1     1     7     7    29     9     0     3   -63.0  -28.423 -109.311   2633.4    739.3
     1     1     7     7    29     8     0     2   -64.0  -28.280 -109.384   2130.6    799.9
     1     1     7     7    29     7     0     1   -65.0  -28.163 -109.418   1784.7    830.6
     1     1     7     7    29     6     0     0   -66.0  -28.037 -109.423   1542.3    853.4
     1     1     7     7    29     5     0     1   -67.0  -27.912 -109.428   1350.8    869.2
     1     1     7     7    29     4     0     2   -68.0  -27.815 -109.450   1177.9    888.0
     1     1     7     7    29     3     0     3   -69.0  -27.740 -109.488   1025.6    903.7
     1     1     7     7    29     2     0     2   -70.0  -27.666 -109.553    899.4    918.5
     1     1     7     7    29     1     0     1   -71.0  -27.578 -109.654    803.5    928.3
     1     1     7     7    29     0     0     0   -72.0  -27.470 -109.787    733.3    935.8
     1     1     7     7    28    23     0     1   -73.0  -27.337 -109.940    675.8    941.0
     1     1     7     7    28    22     0     2   -74.0  -27.173 -110.107    620.9    947.1
     1     1     7     7    28    21     0     3   -75.0  -26.979 -110.294    568.4    952.6
     1     1     7     7    28    20     0     2   -76.0  -26.771 -110.463    520.8    958.6
     1     1     7     7    28    19     0     1   -77.0  -26.551 -110.588    481.8    963.8
     1     1     7     7    28    18     0     0   -78.0  -26.309 -110.682    455.0    967.8
     1     1     7     7    28    17     0     1   -79.0  -26.048 -110.764    444.9    969.4
     1     1     7     7    28    16     0     2   -80.0  -25.789 -110.839    451.4    968.4
     1     1     7     7    28    15     0     3   -81.0  -25.554 -110.896    472.6    965.9
     1     1     7     7    28    14     0     2   -82.0  -25.349 -110.947    506.4    961.8
     1     1     7     7    28    13     0     1   -83.0  -25.173 -111.006    548.7    957.0
     1     1     7     7    28    12     0     0   -84.0  -25.019 -111.078    596.8    951.7
     1     1     7     7    28    11     0     1   -85.0  -24.879 -111.161    635.9    946.2
     1     1     7     7    28    10     0     2   -86.0  -24.739 -111.248    654.2    944.1
     1     1     7     7    28     9     0     3   -87.0  -24.597 -111.337    653.9    944.4
     1     1     7     7    28     8     0     2   -88.0  -24.440 -111.406    649.0    946.5
     1     1     7     7    28     7     0     1   -89.0  -24.261 -111.432    650.9    946.5
     1     1     7     7    28     6     0     0   -90.0  -24.067 -111.415    662.0    945.6
     1     1     7     7    28     5     0     1   -91.0  -23.860 -111.363    673.7    942.4
     1     1     7     7    28     4     0     2   -92.0  -23.637 -111.289    678.5    941.5
     1     1     7     7    28     3     0     3   -93.0  -23.398 -111.192    683.7    940.8
     1     1     7     7    28     2     0     2   -94.0  -23.159 -111.075    696.4    939.7
     1     1     7     7    28     1     0     1   -95.0  -22.935 -110.943    714.3    937.2
     1     1     7     7    28     0     0     0   -96.0  -22.732 -110.798    731.4    934.8
     1     1     7     7    27    23     0     1   -97.0  -22.555 -110.634    745.5    933.2
     1     1     7     7    27    22     0     2   -98.0  -22.405 -110.447    756.3    932.2
     1     1     7     7    27    21     0     3   -99.0  -22.279 -110.237    764.5    931.6
     1     1     7     7    27    20     0     2  -100.0  -22.168 -110.016    772.5    931.5
     1     1     7     7    27    19     0     1  -101.0  -22.065 -109.792    781.6    931.3
     1     1     7     7    27    18     0     0  -102.0  -21.968 -109.568    792.1    930.9
     1     1     7     7    27    17     0     1  -103.0  -21.883 -109.346    806.7    929.2
     1     1     7     7    27    16     0     2  -104.0  -21.815 -109.128    826.5    926.7
     1     1     7     7    27    15     0     3  -105.0  -21.766 -108.913    850.5    923.8
     1     1     7     7    27    14     0     2  -106.0  -21.723 -108.700    876.2    920.7
     1     1     7     7    27    13     0     1  -107.0  -21.676 -108.486    902.4    917.6
     1     1     7     7    27    12     0     0  -108.0  -21.627 -108.269    930.7    914.3
     1     1     7     7    27    11     0     1  -109.0  -21.575 -108.053    959.8    911.3
     1     1     7     7    27    10     0     2  -110.0  -21.519 -107.838    986.4    908.4
     1     1     7     7    27     9     0     3  -111.0  -21.460 -107.623   1009.9    905.9
     1     1     7     7    27     8     0     2  -112.0  -21.401 -107.403   1029.5    903.7
     1     1     7     7    27     7     0     1  -113.0  -21.345 -107.178   1044.1    902.1
     1     1     7     7    27     6     0     0  -114.0  -21.291 -106.948   1053.2    901.2
     1     1     7     7    27     5     0     1  -115.0  -21.239 -106.708   1064.5    900.7
     1     1     7     7    27     4     0     2  -116.0  -21.192 -106.455   1086.9    898.5
     1     1     7     7    27     3     0     3  -117.0  -21.154 -106.191   1122.7    895.1
     1     1     7     7    27     2     0     2  -118.0  -21.125 -105.923   1167.8    890.1
     1     1     7     7    27     1     0     1  -119.0  -21.105 -105.655   1215.1    884.1
     1     1     7     7    27     0     0     0  -120.0  -21.092 -105.387   1263.4    878.3
