     7     1
    GDAS     7     7    22     0     0
    GDAS     7     8     8     0     0
    GDAS     7     8    15     0     0
    GDAS     7     8    22     0     0
    GDAS     7     8    29     0     0
    GDAS     7     8     1     0     0
    GDAS     7     7    29     0     0
     1 BACKWARD OMEGA   
     7     8     9     6  -23.561  -46.740  4000.0
     1 PRESSURE
     1     1     7     8     9     6     0     0     0.0  -23.561  -46.740   4000.0    588.1
     1     1     7     8     9     5     0     1    -1.0  -23.461  -46.946   3987.8    585.7
     1     1     7     8     9     4     0     2    -2.0  -23.345  -47.159   3979.7    586.1
     1     1     7     8     9     3     0     3    -3.0  -23.215  -47.380   3973.5    588.3
     1     1     7     8     9     2     0     2    -4.0  -23.074  -47.608   3984.3    591.3
     1     1     7     8     9     1     0     1    -5.0  -22.926  -47.847   4025.6    591.8
     1     1     7     8     9     0     0     0    -6.0  -22.772  -48.098   4088.8    587.1
     1     1     7     8     8    23     0     1    -7.0  -22.610  -48.355   4144.6    577.9
     1     1     7     8     8    22     0     2    -8.0  -22.436  -48.608   4184.2    574.6
     1     1     7     8     8    21     0     3    -9.0  -22.247  -48.855   4219.2    574.0
     1     1     7     8     8    20     0     2   -10.0  -22.043  -49.092   4246.1    575.5
     1     1     7     8     8    19     0     1   -11.0  -21.828  -49.313   4237.7    577.0
     1     1     7     8     8    18     0     0   -12.0  -21.602  -49.512   4192.3    580.7
     1     1     7     8     8    17     0     1   -13.0  -21.379  -49.688   4125.2    587.2
     1     1     7     8     8    16     0     2   -14.0  -21.168  -49.844   4054.2    593.2
     1     1     7     8     8    15     0     3   -15.0  -20.967  -49.986   3984.4    599.1
     1     1     7     8     8    14     0     2   -16.0  -20.782  -50.119   3932.5    605.3
     1     1     7     8     8    13     0     1   -17.0  -20.619  -50.251   3908.0    608.3
     1     1     7     8     8    12     0     0   -18.0  -20.478  -50.385   3909.0    609.1
     1     1     7     8     8    11     0     1   -19.0  -20.342  -50.524   3918.7    607.8
     1     1     7     8     8    10     0     2   -20.0  -20.199  -50.669   3920.4    608.0
     1     1     7     8     8     9     0     3   -21.0  -20.054  -50.822   3914.4    608.7
     1     1     7     8     8     8     0     2   -22.0  -19.910  -50.980   3913.6    609.8
     1     1     7     8     8     7     0     1   -23.0  -19.767  -51.145   3930.2    607.1
     1     1     7     8     8     6     0     0   -24.0  -19.628  -51.322   3964.9    602.4
     1     1     7     8     8     5     0     1   -25.0  -19.491  -51.512   4004.9    596.4
     1     1     7     8     8     4     0     2   -26.0  -19.353  -51.706   4039.0    591.4
     1     1     7     8     8     3     0     3   -27.0  -19.218  -51.900   4069.5    586.4
     1     1     7     8     8     2     0     2   -28.0  -19.088  -52.094   4105.4    581.6
     1     1     7     8     8     1     0     1   -29.0  -18.958  -52.287   4153.7    576.5
     1     1     7     8     8     0     0     0   -30.0  -18.823  -52.481   4212.9    571.2
     1     1     7     8     7    23     0     1   -31.0  -18.681  -52.680   4264.2    565.1
     1     1     7     8     7    22     0     2   -32.0  -18.536  -52.882   4291.0    561.9
     1     1     7     8     7    21     0     3   -33.0  -18.391  -53.083   4294.5    561.4
     1     1     7     8     7    20     0     2   -34.0  -18.245  -53.284   4290.2    564.7
     1     1     7     8     7    19     0     1   -35.0  -18.100  -53.487   4290.8    567.5
     1     1     7     8     7    18     0     0   -36.0  -17.961  -53.693   4300.9    570.0
     1     1     7     8     7    17     0     1   -37.0  -17.832  -53.906   4312.6    570.8
     1     1     7     8     7    16     0     2   -38.0  -17.718  -54.129   4320.0    572.8
     1     1     7     8     7    15     0     3   -39.0  -17.621  -54.366   4324.5    576.3
     1     1     7     8     7    14     0     2   -40.0  -17.522  -54.608   4336.3    580.4
     1     1     7     8     7    13     0     1   -41.0  -17.395  -54.848   4365.3    582.4
     1     1     7     8     7    12     0     0   -42.0  -17.234  -55.085   4405.7    582.8
     1     1     7     8     7    11     0     1   -43.0  -17.041  -55.300   4438.4    580.1
     1     1     7     8     7    10     0     2   -44.0  -16.817  -55.473   4455.9    578.7
     1     1     7     8     7     9     0     3   -45.0  -16.566  -55.603   4461.9    577.8
     1     1     7     8     7     8     0     2   -46.0  -16.306  -55.705   4452.1    578.2
     1     1     7     8     7     7     0     1   -47.0  -16.047  -55.792   4427.5    580.4
     1     1     7     8     7     6     0     0   -48.0  -15.780  -55.861   4392.1    582.4
     1     1     7     8     7     5     0     1   -49.0  -15.507  -55.904   4346.6    584.4
     1     1     7     8     7     4     0     2   -50.0  -15.231  -55.903   4284.5    586.9
     1     1     7     8     7     3     0     3   -51.0  -14.951  -55.851   4201.2    590.1
     1     1     7     8     7     2     0     2   -52.0  -14.683  -55.760   4122.8    594.1
     1     1     7     8     7     1     0     1   -53.0  -14.435  -55.645   4074.9    595.0
     1     1     7     8     7     0     0     0   -54.0  -14.197  -55.501   4057.3    594.9
     1     1     7     8     6    23     0     1   -55.0  -13.968  -55.334   4063.7    594.0
     1     1     7     8     6    22     0     2   -56.0  -13.746  -55.155   4086.3    593.7
     1     1     7     8     6    21     0     3   -57.0  -13.529  -54.969   4124.7    592.1
     1     1     7     8     6    20     0     2   -58.0  -13.321  -54.783   4173.2    589.7
     1     1     7     8     6    19     0     1   -59.0  -13.123  -54.598   4221.6    588.1
     1     1     7     8     6    18     0     0   -60.0  -12.925  -54.404   4263.5    586.8
     1     1     7     8     6    17     0     1   -61.0  -12.720  -54.192   4302.2    585.6
     1     1     7     8     6    16     0     2   -62.0  -12.504  -53.953   4349.0    583.4
     1     1     7     8     6    15     0     3   -63.0  -12.279  -53.676   4405.5    579.9
     1     1     7     8     6    14     0     2   -64.0  -12.043  -53.356   4462.6    575.6
     1     1     7     8     6    13     0     1   -65.0  -11.794  -52.995   4505.7    572.9
     1     1     7     8     6    12     0     0   -66.0  -11.551  -52.606   4521.7    569.9
     1     1     7     8     6    11     0     1   -67.0  -11.326  -52.202   4523.9    569.1
     1     1     7     8     6    10     0     2   -68.0  -11.121  -51.790   4530.6    569.6
     1     1     7     8     6     9     0     3   -69.0  -10.940  -51.379   4545.8    571.2
     1     1     7     8     6     8     0     2   -70.0  -10.779  -50.966   4561.7    571.4
     1     1     7     8     6     7     0     1   -71.0  -10.625  -50.549   4575.7    570.9
     1     1     7     8     6     6     0     0   -72.0  -10.478  -50.130   4589.6    571.4
     1     1     7     8     6     5     0     1   -73.0  -10.331  -49.702   4580.1    570.4
     1     1     7     8     6     4     0     2   -74.0  -10.180  -49.259   4546.1    570.1
     1     1     7     8     6     3     0     3   -75.0  -10.019  -48.795   4517.4    571.8
     1     1     7     8     6     2     0     2   -76.0   -9.852  -48.322   4521.8    574.4
     1     1     7     8     6     1     0     1   -77.0   -9.681  -47.846   4541.0    571.5
     1     1     7     8     6     0     0     0   -78.0   -9.514  -47.357   4547.2    563.5
     1     1     7     8     5    23     0     1   -79.0   -9.355  -46.847   4536.1    557.1
     1     1     7     8     5    22     0     2   -80.0   -9.203  -46.316   4505.4    557.1
     1     1     7     8     5    21     0     3   -81.0   -9.049  -45.760   4452.1    562.0
     1     1     7     8     5    20     0     2   -82.0   -8.895  -45.181   4406.8    570.8
     1     1     7     8     5    19     0     1   -83.0   -8.751  -44.588   4393.2    573.8
     1     1     7     8     5    18     0     0   -84.0   -8.626  -43.984   4414.0    573.3
     1     1     7     8     5    17     0     1   -85.0   -8.534  -43.374   4420.2    567.9
     1     1     7     8     5    16     0     2   -86.0   -8.478  -42.764   4389.5    571.2
     1     1     7     8     5    15     0     3   -87.0   -8.458  -42.147   4334.7    578.9
     1     1     7     8     5    14     0     2   -88.0   -8.471  -41.537   4262.6    582.3
     1     1     7     8     5    13     0     1   -89.0   -8.512  -40.939   4200.5    582.2
     1     1     7     8     5    12     0     0   -90.0   -8.584  -40.343   4159.2    586.6
     1     1     7     8     5    11     0     1   -91.0   -8.679  -39.765   4128.0    590.2
     1     1     7     8     5    10     0     2   -92.0   -8.784  -39.220   4109.5    591.7
     1     1     7     8     5     9     0     3   -93.0   -8.897  -38.705   4108.5    592.5
     1     1     7     8     5     8     0     2   -94.0   -9.018  -38.209   4118.7    595.0
     1     1     7     8     5     7     0     1   -95.0   -9.146  -37.722   4118.7    592.8
     1     1     7     8     5     6     0     0   -96.0   -9.278  -37.250   4120.3    588.9
     1     1     7     8     5     5     0     1   -97.0   -9.415  -36.788   4146.9    591.1
     1     1     7     8     5     4     0     2   -98.0   -9.553  -36.328   4195.3    597.2
     1     1     7     8     5     3     0     3   -99.0   -9.685  -35.874   4250.8    602.2
     1     1     7     8     5     2     0     2  -100.0   -9.819  -35.437   4303.6    604.7
     1     1     7     8     5     1     0     1  -101.0   -9.957  -35.021   4340.1    605.5
     1     1     7     8     5     0     0     0  -102.0  -10.100  -34.628   4354.9    604.6
     1     1     7     8     4    23     0     1  -103.0  -10.254  -34.252   4361.1    604.5
     1     1     7     8     4    22     0     2  -104.0  -10.429  -33.885   4366.1    604.0
     1     1     7     8     4    21     0     3  -105.0  -10.626  -33.522   4370.6    603.4
     1     1     7     8     4    20     0     2  -106.0  -10.838  -33.164   4378.7    603.2
     1     1     7     8     4    19     0     1  -107.0  -11.064  -32.813   4394.9    602.4
     1     1     7     8     4    18     0     0  -108.0  -11.301  -32.467   4418.0    600.7
     1     1     7     8     4    17     0     1  -109.0  -11.547  -32.123   4445.9    598.8
     1     1     7     8     4    16     0     2  -110.0  -11.798  -31.785   4474.2    596.6
     1     1     7     8     4    15     0     3  -111.0  -12.055  -31.454   4494.8    594.9
     1     1     7     8     4    14     0     2  -112.0  -12.316  -31.131   4505.6    594.0
     1     1     7     8     4    13     0     1  -113.0  -12.579  -30.817   4513.5    593.4
     1     1     7     8     4    12     0     0  -114.0  -12.847  -30.510   4525.9    592.9
     1     1     7     8     4    11     0     1  -115.0  -13.117  -30.215   4538.6    591.5
     1     1     7     8     4    10     0     2  -116.0  -13.384  -29.940   4544.9    591.2
     1     1     7     8     4     9     0     3  -117.0  -13.645  -29.687   4548.7    590.6
     1     1     7     8     4     8     0     2  -118.0  -13.897  -29.448   4570.5    590.4
     1     1     7     8     4     7     0     1  -119.0  -14.145  -29.223   4625.5    586.3
     1     1     7     8     4     6     0     0  -120.0  -14.394  -29.015   4709.8    580.0
