     7     1
    GDAS     7     7    22     0     0
    GDAS     7     8     8     0     0
    GDAS     7     8    15     0     0
    GDAS     7     8    22     0     0
    GDAS     7     8    29     0     0
    GDAS     7     8     1     0     0
    GDAS     7     7    29     0     0
     1 BACKWARD OMEGA   
     7     8     5    18  -23.561  -46.740  4000.0
     1 PRESSURE
     1     1     7     8     5    18     0     0     0.0  -23.561  -46.740   4000.0    586.9
     1     1     7     8     5    17     0     1    -1.0  -23.462  -47.353   3975.0    587.1
     1     1     7     8     5    16     0     2    -2.0  -23.351  -47.952   3970.3    593.3
     1     1     7     8     5    15     0     3    -3.0  -23.233  -48.542   3968.0    587.6
     1     1     7     8     5    14     0     2    -4.0  -23.110  -49.135   3998.3    579.9
     1     1     7     8     5    13     0     1    -5.0  -22.972  -49.718   4081.2    584.2
     1     1     7     8     5    12     0     0    -6.0  -22.823  -50.284   4146.5    584.7
     1     1     7     8     5    11     0     1    -7.0  -22.662  -50.836   4166.8    583.0
     1     1     7     8     5    10     0     2    -8.0  -22.479  -51.376   4163.1    588.7
     1     1     7     8     5     9     0     3    -9.0  -22.261  -51.902   4165.7    596.2
     1     1     7     8     5     8     0     2   -10.0  -22.009  -52.415   4153.9    597.3
     1     1     7     8     5     7     0     1   -11.0  -21.732  -52.913   4128.4    597.9
     1     1     7     8     5     6     0     0   -12.0  -21.440  -53.388   4095.2    599.4
     1     1     7     8     5     5     0     1   -13.0  -21.138  -53.826   4025.4    600.0
     1     1     7     8     5     4     0     2   -14.0  -20.830  -54.221   3932.0    604.5
     1     1     7     8     5     3     0     3   -15.0  -20.522  -54.589   3852.2    614.2
     1     1     7     8     5     2     0     2   -16.0  -20.215  -54.932   3820.2    622.1
     1     1     7     8     5     1     0     1   -17.0  -19.905  -55.246   3841.6    625.4
     1     1     7     8     5     0     0     0   -18.0  -19.589  -55.531   3883.0    626.1
     1     1     7     8     4    23     0     1   -19.0  -19.277  -55.791   3921.9    627.8
     1     1     7     8     4    22     0     2   -20.0  -18.976  -56.030   3952.5    629.8
     1     1     7     8     4    21     0     3   -21.0  -18.687  -56.248   3973.5    627.3
     1     1     7     8     4    20     0     2   -22.0  -18.415  -56.449   4008.1    624.4
     1     1     7     8     4    19     0     1   -23.0  -18.157  -56.635   4057.5    620.4
     1     1     7     8     4    18     0     0   -24.0  -17.907  -56.805   4117.9    615.8
     1     1     7     8     4    17     0     1   -25.0  -17.655  -56.956   4181.8    611.4
     1     1     7     8     4    16     0     2   -26.0  -17.394  -57.080   4244.5    607.3
     1     1     7     8     4    15     0     3   -27.0  -17.119  -57.172   4312.7    602.9
     1     1     7     8     4    14     0     2   -28.0  -16.838  -57.232   4380.9    596.1
     1     1     7     8     4    13     0     1   -29.0  -16.560  -57.266   4445.5    588.8
     1     1     7     8     4    12     0     0   -30.0  -16.283  -57.266   4509.9    581.9
     1     1     7     8     4    11     0     1   -31.0  -16.000  -57.228   4563.6    574.6
     1     1     7     8     4    10     0     2   -32.0  -15.716  -57.155   4600.7    571.3
     1     1     7     8     4     9     0     3   -33.0  -15.442  -57.053   4613.9    569.9
     1     1     7     8     4     8     0     2   -34.0  -15.184  -56.925   4609.4    571.1
     1     1     7     8     4     7     0     1   -35.0  -14.932  -56.769   4596.7    570.0
     1     1     7     8     4     6     0     0   -36.0  -14.668  -56.583   4573.3    566.8
     1     1     7     8     4     5     0     1   -37.0  -14.392  -56.359   4545.9    564.1
     1     1     7     8     4     4     0     2   -38.0  -14.112  -56.091   4514.7    562.1
     1     1     7     8     4     3     0     3   -39.0  -13.841  -55.785   4492.9    564.1
     1     1     7     8     4     2     0     2   -40.0  -13.590  -55.453   4484.8    567.0
     1     1     7     8     4     1     0     1   -41.0  -13.360  -55.103   4490.1    568.2
     1     1     7     8     4     0     0     0   -42.0  -13.148  -54.733   4514.2    568.5
     1     1     7     8     3    23     0     1   -43.0  -12.956  -54.344   4542.9    567.8
     1     1     7     8     3    22     0     2   -44.0  -12.790  -53.939   4551.4    568.3
     1     1     7     8     3    21     0     3   -45.0  -12.650  -53.528   4533.2    569.4
     1     1     7     8     3    20     0     2   -46.0  -12.534  -53.112   4501.4    573.2
     1     1     7     8     3    19     0     1   -47.0  -12.434  -52.682   4463.5    575.1
     1     1     7     8     3    18     0     0   -48.0  -12.349  -52.245   4418.6    576.8
     1     1     7     8     3    17     0     1   -49.0  -12.281  -51.810   4381.1    580.5
     1     1     7     8     3    16     0     2   -50.0  -12.226  -51.377   4357.8    584.4
     1     1     7     8     3    15     0     3   -51.0  -12.183  -50.948   4330.4    588.0
     1     1     7     8     3    14     0     2   -52.0  -12.148  -50.526   4300.4    591.2
     1     1     7     8     3    13     0     1   -53.0  -12.118  -50.105   4281.9    592.8
     1     1     7     8     3    12     0     0   -54.0  -12.096  -49.680   4264.5    592.0
     1     1     7     8     3    11     0     1   -55.0  -12.084  -49.255   4245.9    589.6
     1     1     7     8     3    10     0     2   -56.0  -12.087  -48.842   4223.1    589.0
     1     1     7     8     3     9     0     3   -57.0  -12.111  -48.446   4194.1    591.0
     1     1     7     8     3     8     0     2   -58.0  -12.142  -48.060   4154.8    594.5
     1     1     7     8     3     7     0     1   -59.0  -12.167  -47.670   4098.3    594.5
     1     1     7     8     3     6     0     0   -60.0  -12.188  -47.263   4042.1    593.4
     1     1     7     8     3     5     0     1   -61.0  -12.207  -46.835   3998.3    591.1
     1     1     7     8     3     4     0     2   -62.0  -12.228  -46.394   3971.4    585.9
     1     1     7     8     3     3     0     3   -63.0  -12.258  -45.939   3964.8    580.5
     1     1     7     8     3     2     0     2   -64.0  -12.299  -45.488   3991.6    581.3
     1     1     7     8     3     1     0     1   -65.0  -12.353  -45.060   4023.3    581.6
     1     1     7     8     3     0     0     0   -66.0  -12.424  -44.654   4061.5    581.8
     1     1     7     8     2    23     0     1   -67.0  -12.508  -44.270   4091.5    581.4
     1     1     7     8     2    22     0     2   -68.0  -12.605  -43.911   4098.6    582.8
     1     1     7     8     2    21     0     3   -69.0  -12.714  -43.569   4090.4    583.3
     1     1     7     8     2    20     0     2   -70.0  -12.832  -43.236   4094.8    584.3
     1     1     7     8     2    19     0     1   -71.0  -12.965  -42.910   4114.4    581.7
     1     1     7     8     2    18     0     0   -72.0  -13.120  -42.594   4127.1    572.0
     1     1     7     8     2    17     0     1   -73.0  -13.296  -42.282   4137.5    564.8
     1     1     7     8     2    16     0     2   -74.0  -13.491  -41.978   4137.7    563.4
     1     1     7     8     2    15     0     3   -75.0  -13.698  -41.700   4138.8    573.0
     1     1     7     8     2    14     0     2   -76.0  -13.904  -41.456   4124.5    583.9
     1     1     7     8     2    13     0     1   -77.0  -14.105  -41.241   4107.0    589.0
     1     1     7     8     2    12     0     0   -78.0  -14.305  -41.047   4087.1    589.2
     1     1     7     8     2    11     0     1   -79.0  -14.509  -40.873   4066.9    587.7
     1     1     7     8     2    10     0     2   -80.0  -14.719  -40.726   4043.6    587.2
     1     1     7     8     2     9     0     3   -81.0  -14.939  -40.616   4013.2    587.3
     1     1     7     8     2     8     0     2   -82.0  -15.161  -40.539   3986.2    591.3
     1     1     7     8     2     7     0     1   -83.0  -15.375  -40.489   3966.4    595.4
     1     1     7     8     2     6     0     0   -84.0  -15.579  -40.468   3956.7    597.8
     1     1     7     8     2     5     0     1   -85.0  -15.777  -40.470   3955.9    599.1
     1     1     7     8     2     4     0     2   -86.0  -15.970  -40.488   3960.6    599.8
     1     1     7     8     2     3     0     3   -87.0  -16.153  -40.522   3968.6    599.5
     1     1     7     8     2     2     0     2   -88.0  -16.322  -40.574   3979.2    598.2
     1     1     7     8     2     1     0     1   -89.0  -16.477  -40.649   3990.8    596.3
     1     1     7     8     2     0     0     0   -90.0  -16.623  -40.750   4001.4    593.9
     1     1     7     8     1    23     0     1   -91.0  -16.756  -40.878   4018.6    591.0
     1     1     7     8     1    22     0     2   -92.0  -16.874  -41.035   4052.9    586.3
     1     1     7     8     1    21     0     3   -93.0  -16.975  -41.221   4108.2    582.3
     1     1     7     8     1    20     0     2   -94.0  -17.059  -41.426   4162.0    578.0
     1     1     7     8     1    19     0     1   -95.0  -17.125  -41.633   4196.6    575.8
     1     1     7     8     1    18     0     0   -96.0  -17.171  -41.841   4212.9    574.5
     1     1     7     8     1    17     0     1   -97.0  -17.202  -42.053   4219.1    573.6
     1     1     7     8     1    16     0     2   -98.0  -17.228  -42.275   4221.1    570.1
     1     1     7     8     1    15     0     3   -99.0  -17.252  -42.506   4225.4    566.1
     1     1     7     8     1    14     0     2  -100.0  -17.278  -42.745   4235.2    561.4
     1     1     7     8     1    13     0     1  -101.0  -17.311  -42.996   4249.9    555.6
     1     1     7     8     1    12     0     0  -102.0  -17.351  -43.260   4269.6    552.2
     1     1     7     8     1    11     0     1  -103.0  -17.403  -43.526   4270.9    549.3
     1     1     7     8     1    10     0     2  -104.0  -17.472  -43.788   4245.9    549.4
     1     1     7     8     1     9     0     3  -105.0  -17.551  -44.042   4205.7    551.6
     1     1     7     8     1     8     0     2  -106.0  -17.630  -44.295   4182.0    558.3
     1     1     7     8     1     7     0     1  -107.0  -17.703  -44.553   4182.6    562.0
     1     1     7     8     1     6     0     0  -108.0  -17.775  -44.820   4204.8    564.1
     1     1     7     8     1     5     0     1  -109.0  -17.849  -45.093   4243.5    563.9
     1     1     7     8     1     4     0     2  -110.0  -17.926  -45.373   4295.8    559.5
     1     1     7     8     1     3     0     3  -111.0  -18.012  -45.670   4371.2    553.3
     1     1     7     8     1     2     0     2  -112.0  -18.104  -45.985   4445.7    545.0
     1     1     7     8     1     1     0     1  -113.0  -18.197  -46.313   4493.6    540.3
     1     1     7     8     1     0     0     0  -114.0  -18.285  -46.651   4510.7    537.6
     1     1     7     7    31    23     0     1  -115.0  -18.368  -46.999   4508.8    536.5
     1     1     7     7    31    22     0     2  -116.0  -18.446  -47.357   4511.1    536.0
     1     1     7     7    31    21     0     3  -117.0  -18.521  -47.727   4519.5    535.0
     1     1     7     7    31    20     0     2  -118.0  -18.598  -48.104   4545.8    535.0
     1     1     7     7    31    19     0     1  -119.0  -18.675  -48.485   4600.7    534.7
     1     1     7     7    31    18     0     0  -120.0  -18.751  -48.871   4670.6    533.8
