     7     1
    GDAS     7     7    22     0     0
    GDAS     7     8     8     0     0
    GDAS     7     8    15     0     0
    GDAS     7     8    22     0     0
    GDAS     7     8    29     0     0
    GDAS     7     8     1     0     0
    GDAS     7     7    29     0     0
     1 BACKWARD OMEGA   
     7     8    19    18  -23.561  -46.740  4000.0
     1 PRESSURE
     1     1     7     8    19    18     0     0     0.0  -23.561  -46.740   4000.0    584.7
     1     1     7     8    19    17     0     1    -1.0  -23.413  -46.937   3954.8    584.6
     1     1     7     8    19    16     0     2    -2.0  -23.290  -47.116   3924.3    586.8
     1     1     7     8    19    15     0     3    -3.0  -23.189  -47.272   3901.5    589.8
     1     1     7     8    19    14     0     2    -4.0  -23.102  -47.415   3888.3    592.6
     1     1     7     8    19    13     0     1    -5.0  -23.029  -47.557   3888.0    594.7
     1     1     7     8    19    12     0     0    -6.0  -22.970  -47.700   3896.8    596.1
     1     1     7     8    19    11     0     1    -7.0  -22.910  -47.849   3909.0    596.6
     1     1     7     8    19    10     0     2    -8.0  -22.834  -48.012   3921.7    597.2
     1     1     7     8    19     9     0     3    -9.0  -22.743  -48.198   3926.5    593.6
     1     1     7     8    19     8     0     2   -10.0  -22.633  -48.405   3937.3    590.9
     1     1     7     8    19     7     0     1   -11.0  -22.499  -48.620   3958.9    588.7
     1     1     7     8    19     6     0     0   -12.0  -22.338  -48.838   3996.2    587.2
     1     1     7     8    19     5     0     1   -13.0  -22.149  -49.049   4036.1    586.8
     1     1     7     8    19     4     0     2   -14.0  -21.935  -49.243   4051.2    588.7
     1     1     7     8    19     3     0     3   -15.0  -21.701  -49.412   4032.0    590.8
     1     1     7     8    19     2     0     2   -16.0  -21.455  -49.552   4000.4    594.7
     1     1     7     8    19     1     0     1   -17.0  -21.203  -49.659   3975.1    597.1
     1     1     7     8    19     0     0     0   -18.0  -20.944  -49.736   3962.4    598.6
     1     1     7     8    18    23     0     1   -19.0  -20.694  -49.788   3956.2    598.8
     1     1     7     8    18    22     0     2   -20.0  -20.467  -49.818   3945.6    600.0
     1     1     7     8    18    21     0     3   -21.0  -20.260  -49.825   3929.9    601.5
     1     1     7     8    18    20     0     2   -22.0  -20.068  -49.810   3908.7    603.4
     1     1     7     8    18    19     0     1   -23.0  -19.887  -49.776   3879.8    604.7
     1     1     7     8    18    18     0     0   -24.0  -19.717  -49.721   3844.6    605.6
     1     1     7     8    18    17     0     1   -25.0  -19.554  -49.644   3809.7    607.1
     1     1     7     8    18    16     0     2   -26.0  -19.396  -49.541   3781.6    607.6
     1     1     7     8    18    15     0     3   -27.0  -19.246  -49.413   3763.0    607.0
     1     1     7     8    18    14     0     2   -28.0  -19.107  -49.264   3761.7    604.7
     1     1     7     8    18    13     0     1   -29.0  -18.985  -49.101   3783.7    600.1
     1     1     7     8    18    12     0     0   -30.0  -18.881  -48.931   3827.7    594.9
     1     1     7     8    18    11     0     1   -31.0  -18.789  -48.774   3874.3    588.6
     1     1     7     8    18    10     0     2   -32.0  -18.699  -48.641   3912.0    584.5
     1     1     7     8    18     9     0     3   -33.0  -18.610  -48.533   3944.4    581.4
     1     1     7     8    18     8     0     2   -34.0  -18.519  -48.433   3977.7    578.8
     1     1     7     8    18     7     0     1   -35.0  -18.421  -48.319   4014.8    575.4
     1     1     7     8    18     6     0     0   -36.0  -18.315  -48.191   4050.9    572.2
     1     1     7     8    18     5     0     1   -37.0  -18.203  -48.058   4081.8    569.9
     1     1     7     8    18     4     0     2   -38.0  -18.088  -47.931   4109.1    568.9
     1     1     7     8    18     3     0     3   -39.0  -17.968  -47.808   4134.7    568.0
     1     1     7     8    18     2     0     2   -40.0  -17.841  -47.680   4160.2    565.3
     1     1     7     8    18     1     0     1   -41.0  -17.707  -47.534   4192.0    562.2
     1     1     7     8    18     0     0     0   -42.0  -17.567  -47.368   4228.1    559.5
     1     1     7     8    17    23     0     1   -43.0  -17.424  -47.190   4258.5    557.3
     1     1     7     8    17    22     0     2   -44.0  -17.289  -47.005   4273.2    557.4
     1     1     7     8    17    21     0     3   -45.0  -17.166  -46.812   4270.2    559.1
     1     1     7     8    17    20     0     2   -46.0  -17.048  -46.611   4264.5    562.5
     1     1     7     8    17    19     0     1   -47.0  -16.924  -46.401   4268.7    564.3
     1     1     7     8    17    18     0     0   -48.0  -16.791  -46.179   4285.9    565.3
     1     1     7     8    17    17     0     1   -49.0  -16.655  -45.930   4309.2    565.3
     1     1     7     8    17    16     0     2   -50.0  -16.526  -45.643   4323.4    564.7
     1     1     7     8    17    15     0     3   -51.0  -16.410  -45.318   4332.5    565.0
     1     1     7     8    17    14     0     2   -52.0  -16.311  -44.962   4341.8    564.9
     1     1     7     8    17    13     0     1   -53.0  -16.231  -44.584   4342.9    561.1
     1     1     7     8    17    12     0     0   -54.0  -16.169  -44.188   4340.4    558.2
     1     1     7     8    17    11     0     1   -55.0  -16.128  -43.780   4336.3    556.0
     1     1     7     8    17    10     0     2   -56.0  -16.112  -43.364   4331.0    554.0
     1     1     7     8    17     9     0     3   -57.0  -16.120  -42.930   4325.2    551.9
     1     1     7     8    17     8     0     2   -58.0  -16.146  -42.477   4330.6    551.3
     1     1     7     8    17     7     0     1   -59.0  -16.192  -42.006   4357.0    549.7
     1     1     7     8    17     6     0     0   -60.0  -16.265  -41.522   4416.3    551.2
     1     1     7     8    17     5     0     1   -61.0  -16.374  -41.029   4471.9    552.1
     1     1     7     8    17     4     0     2   -62.0  -16.517  -40.525   4521.7    558.7
     1     1     7     8    17     3     0     3   -63.0  -16.687  -40.013   4553.2    567.1
     1     1     7     8    17     2     0     2   -64.0  -16.879  -39.501   4588.8    577.2
     1     1     7     8    17     1     0     1   -65.0  -17.088  -39.006   4642.6    583.6
     1     1     7     8    17     0     0     0   -66.0  -17.325  -38.533   4687.8    581.1
     1     1     7     8    16    23     0     1   -67.0  -17.584  -38.077   4740.7    577.4
     1     1     7     8    16    22     0     2   -68.0  -17.859  -37.642   4795.6    573.1
     1     1     7     8    16    21     0     3   -69.0  -18.157  -37.232   4859.2    568.1
     1     1     7     8    16    20     0     2   -70.0  -18.471  -36.851   4925.5    563.1
     1     1     7     8    16    19     0     1   -71.0  -18.794  -36.499   4979.9    559.8
     1     1     7     8    16    18     0     0   -72.0  -19.127  -36.174   5021.3    557.3
     1     1     7     8    16    17     0     1   -73.0  -19.474  -35.866   5065.6    555.3
     1     1     7     8    16    16     0     2   -74.0  -19.836  -35.569   5127.2    551.2
     1     1     7     8    16    15     0     3   -75.0  -20.210  -35.284   5204.7    545.8
     1     1     7     8    16    14     0     2   -76.0  -20.599  -35.014   5296.7    539.6
     1     1     7     8    16    13     0     1   -77.0  -21.004  -34.757   5402.4    532.3
     1     1     7     8    16    12     0     0   -78.0  -21.424  -34.518   5516.9    523.7
     1     1     7     8    16    11     0     1   -79.0  -21.875  -34.302   5620.4    515.4
     1     1     7     8    16    10     0     2   -80.0  -22.366  -34.107   5708.2    509.7
     1     1     7     8    16     9     0     3   -81.0  -22.885  -33.931   5797.6    504.9
     1     1     7     8    16     8     0     2   -82.0  -23.420  -33.777   5907.3    498.5
     1     1     7     8    16     7     0     1   -83.0  -23.973  -33.653   6048.3    489.3
     1     1     7     8    16     6     0     0   -84.0  -24.548  -33.554   6201.2    478.2
     1     1     7     8    16     5     0     1   -85.0  -25.144  -33.492   6339.7    468.9
     1     1     7     8    16     4     0     2   -86.0  -25.754  -33.483   6448.8    462.9
     1     1     7     8    16     3     0     3   -87.0  -26.361  -33.522   6530.8    458.7
     1     1     7     8    16     2     0     2   -88.0  -26.960  -33.607   6619.9    454.4
     1     1     7     8    16     1     0     1   -89.0  -27.549  -33.737   6751.0    446.9
     1     1     7     8    16     0     0     0   -90.0  -28.119  -33.898   6915.6    437.1
     1     1     7     8    15    23     0     1   -91.0  -28.675  -34.105   7075.8    426.1
     1     1     7     8    15    22     0     2   -92.0  -29.229  -34.367   7205.7    418.9
     1     1     7     8    15    21     0     3   -93.0  -29.782  -34.651   7316.4    412.9
     1     1     7     8    15    20     0     2   -94.0  -30.316  -34.964   7420.4    407.3
     1     1     7     8    15    19     0     1   -95.0  -30.821  -35.315   7524.2    401.3
     1     1     7     8    15    18     0     0   -96.0  -31.307  -35.679   7633.2    394.8
     1     1     7     8    15    17     0     1   -97.0  -31.771  -36.067   7737.7    388.3
     1     1     7     8    15    16     0     2   -98.0  -32.206  -36.513   7829.8    384.1
     1     1     7     8    15    15     0     3   -99.0  -32.612  -37.023   7905.6    380.2
     1     1     7     8    15    14     0     2  -100.0  -32.983  -37.595   7951.8    376.7
     1     1     7     8    15    13     0     1  -101.0  -33.317  -38.235   7960.1    377.0
     1     1     7     8    15    12     0     0  -102.0  -33.608  -38.938   7930.1    377.2
     1     1     7     8    15    11     0     1  -103.0  -33.860  -39.671   7876.8    380.6
     1     1     7     8    15    10     0     2  -104.0  -34.073  -40.421   7804.4    384.5
     1     1     7     8    15     9     0     3  -105.0  -34.239  -41.205   7739.5    387.6
     1     1     7     8    15     8     0     2  -106.0  -34.351  -42.048   7706.8    389.3
     1     1     7     8    15     7     0     1  -107.0  -34.406  -42.941   7672.5    390.5
     1     1     7     8    15     6     0     0  -108.0  -34.404  -43.849   7612.1    393.6
     1     1     7     8    15     5     0     1  -109.0  -34.328  -44.752   7520.6    398.7
     1     1     7     8    15     4     0     2  -110.0  -34.185  -45.644   7442.0    403.6
     1     1     7     8    15     3     0     3  -111.0  -34.018  -46.529   7407.7    405.3
     1     1     7     8    15     2     0     2  -112.0  -33.813  -47.420   7394.9    405.1
     1     1     7     8    15     1     0     1  -113.0  -33.541  -48.327   7344.9    407.5
     1     1     7     8    15     0     0     0  -114.0  -33.226  -49.245   7167.0    416.3
     1     1     7     8    14    23     0     1  -115.0  -32.878  -50.098   6863.6    434.9
     1     1     7     8    14    22     0     2  -116.0  -32.510  -50.870   6542.9    453.9
     1     1     7     8    14    21     0     3  -117.0  -32.145  -51.611   6239.7    472.0
     1     1     7     8    14    20     0     2  -118.0  -31.761  -52.318   6005.2    487.8
     1     1     7     8    14    19     0     1  -119.0  -31.361  -52.983   5898.1    485.9
     1     1     7     8    14    18     0     0  -120.0  -30.967  -53.625   5875.4    480.3
