     7     1
    GDAS     7     7    22     0     0
    GDAS     7     8     8     0     0
    GDAS     7     8    15     0     0
    GDAS     7     8    22     0     0
    GDAS     7     8    29     0     0
    GDAS     7     8     1     0     0
    GDAS     7     7    29     0     0
     1 BACKWARD OMEGA   
     7     8    16     0  -23.561  -46.740  4000.0
     1 PRESSURE
     1     1     7     8    16     0     0     0     0.0  -23.561  -46.740   4000.0    590.2
     1     1     7     8    15    23     0     1    -1.0  -23.427  -46.663   4021.2    583.9
     1     1     7     8    15    22     0     2    -2.0  -23.299  -46.548   4005.5    580.5
     1     1     7     8    15    21     0     3    -3.0  -23.178  -46.392   3950.7    578.0
     1     1     7     8    15    20     0     2    -4.0  -23.066  -46.212   3886.1    576.8
     1     1     7     8    15    19     0     1    -5.0  -22.969  -46.015   3851.4    572.1
     1     1     7     8    15    18     0     0    -6.0  -22.888  -45.811   3869.0    572.6
     1     1     7     8    15    17     0     1    -7.0  -22.812  -45.597   3894.7    571.2
     1     1     7     8    15    16     0     2    -8.0  -22.729  -45.368   3909.5    571.6
     1     1     7     8    15    15     0     3    -9.0  -22.640  -45.129   3920.3    571.5
     1     1     7     8    15    14     0     2   -10.0  -22.554  -44.889   3935.8    572.2
     1     1     7     8    15    13     0     1   -11.0  -22.472  -44.654   3952.4    574.8
     1     1     7     8    15    12     0     0   -12.0  -22.386  -44.425   3959.9    577.0
     1     1     7     8    15    11     0     1   -13.0  -22.302  -44.203   3973.7    578.3
     1     1     7     8    15    10     0     2   -14.0  -22.230  -43.986   4010.1    576.4
     1     1     7     8    15     9     0     3   -15.0  -22.170  -43.770   4067.9    572.7
     1     1     7     8    15     8     0     2   -16.0  -22.108  -43.549   4135.2    568.1
     1     1     7     8    15     7     0     1   -17.0  -22.028  -43.314   4200.1    563.6
     1     1     7     8    15     6     0     0   -18.0  -21.929  -43.066   4268.1    561.6
     1     1     7     8    15     5     0     1   -19.0  -21.826  -42.800   4334.1    561.9
     1     1     7     8    15     4     0     2   -20.0  -21.733  -42.514   4393.4    562.9
     1     1     7     8    15     3     0     3   -21.0  -21.648  -42.212   4448.1    564.1
     1     1     7     8    15     2     0     2   -22.0  -21.572  -41.907   4504.2    566.2
     1     1     7     8    15     1     0     1   -23.0  -21.509  -41.605   4569.7    570.8
     1     1     7     8    15     0     0     0   -24.0  -21.460  -41.306   4636.3    575.1
     1     1     7     8    14    23     0     1   -25.0  -21.424  -41.012   4697.2    579.0
     1     1     7     8    14    22     0     2   -26.0  -21.395  -40.724   4727.2    577.1
     1     1     7     8    14    21     0     3   -27.0  -21.360  -40.440   4748.4    575.5
     1     1     7     8    14    20     0     2   -28.0  -21.316  -40.149   4760.3    575.3
     1     1     7     8    14    19     0     1   -29.0  -21.265  -39.847   4761.0    575.9
     1     1     7     8    14    18     0     0   -30.0  -21.207  -39.538   4752.2    577.0
     1     1     7     8    14    17     0     1   -31.0  -21.165  -39.222   4744.2    578.3
     1     1     7     8    14    16     0     2   -32.0  -21.167  -38.900   4747.5    578.3
     1     1     7     8    14    15     0     3   -33.0  -21.217  -38.577   4767.3    576.6
     1     1     7     8    14    14     0     2   -34.0  -21.307  -38.271   4804.3    573.4
     1     1     7     8    14    13     0     1   -35.0  -21.426  -37.994   4856.3    569.4
     1     1     7     8    14    12     0     0   -36.0  -21.573  -37.742   4920.0    564.9
     1     1     7     8    14    11     0     1   -37.0  -21.733  -37.504   4996.9    559.9
     1     1     7     8    14    10     0     2   -38.0  -21.886  -37.271   5094.0    552.7
     1     1     7     8    14     9     0     3   -39.0  -22.028  -37.033   5205.6    544.4
     1     1     7     8    14     8     0     2   -40.0  -22.172  -36.788   5313.9    535.6
     1     1     7     8    14     7     0     1   -41.0  -22.335  -36.544   5413.3    528.6
     1     1     7     8    14     6     0     0   -42.0  -22.517  -36.301   5511.4    522.0
     1     1     7     8    14     5     0     1   -43.0  -22.724  -36.066   5612.2    515.8
     1     1     7     8    14     4     0     2   -44.0  -22.961  -35.848   5711.6    509.5
     1     1     7     8    14     3     0     3   -45.0  -23.230  -35.651   5803.9    503.4
     1     1     7     8    14     2     0     2   -46.0  -23.534  -35.476   5900.3    497.7
     1     1     7     8    14     1     0     1   -47.0  -23.873  -35.322   6014.0    490.6
     1     1     7     8    14     0     0     0   -48.0  -24.243  -35.187   6145.3    482.0
     1     1     7     8    13    23     0     1   -49.0  -24.644  -35.081   6280.7    472.4
     1     1     7     8    13    22     0     2   -50.0  -25.074  -35.012   6403.8    464.3
     1     1     7     8    13    21     0     3   -51.0  -25.526  -34.974   6509.4    457.4
     1     1     7     8    13    20     0     2   -52.0  -25.981  -34.973   6615.9    452.0
     1     1     7     8    13    19     0     1   -53.0  -26.427  -35.008   6762.2    444.2
     1     1     7     8    13    18     0     0   -54.0  -26.867  -35.069   6974.0    431.7
     1     1     7     8    13    17     0     1   -55.0  -27.340  -35.141   7218.5    415.2
     1     1     7     8    13    16     0     2   -56.0  -27.867  -35.213   7462.3    401.0
     1     1     7     8    13    15     0     3   -57.0  -28.447  -35.265   7712.0    387.3
     1     1     7     8    13    14     0     2   -58.0  -29.087  -35.308   7940.6    374.1
     1     1     7     8    13    13     0     1   -59.0  -29.783  -35.372   8127.3    364.2
     1     1     7     8    13    12     0     0   -60.0  -30.528  -35.459   8288.9    355.8
     1     1     7     8    13    11     0     1   -61.0  -31.315  -35.588   8457.8    346.7
     1     1     7     8    13    10     0     2   -62.0  -32.168  -35.788   8647.1    336.4
     1     1     7     8    13     9     0     3   -63.0  -33.141  -36.081   8826.0    327.6
     1     1     7     8    13     8     0     2   -64.0  -34.168  -36.486   8986.1    319.2
     1     1     7     8    13     7     0     1   -65.0  -35.183  -37.028   9159.7    310.7
     1     1     7     8    13     6     0     0   -66.0  -36.202  -37.734   9301.5    302.6
     1     1     7     8    13     5     0     1   -67.0  -37.218  -38.584   9412.5    297.8
     1     1     7     8    13     4     0     2   -68.0  -38.169  -39.558   9498.4    293.6
     1     1     7     8    13     3     0     3   -69.0  -39.046  -40.640   9596.0    289.2
     1     1     7     8    13     2     0     2   -70.0  -39.897  -41.845   9703.5    283.9
     1     1     7     8    13     1     0     1   -71.0  -40.692  -43.165   9813.7    278.9
     1     1     7     8    13     0     0     0   -72.0  -41.390  -44.562   9955.7    272.3
     1     1     7     8    12    23     0     1   -73.0  -41.973  -46.048  10113.9    265.2
