     7     1
    GDAS     7     7    22     0     0
    GDAS     7     8     8     0     0
    GDAS     7     8    15     0     0
    GDAS     7     8    22     0     0
    GDAS     7     8    29     0     0
    GDAS     7     8     1     0     0
    GDAS     7     7    29     0     0
     1 BACKWARD OMEGA   
     7     8    21    18  -23.561  -46.740  4000.0
     1 PRESSURE
     1     1     7     8    21    18     0     0     0.0  -23.561  -46.740   4000.0    586.2
     1     1     7     8    21    17     0     1    -1.0  -23.757  -46.918   4040.2    583.8
     1     1     7     8    21    16     0     2    -2.0  -23.981  -47.122   4052.1    583.4
     1     1     7     8    21    15     0     3    -3.0  -24.232  -47.346   4070.7    591.0
     1     1     7     8    21    14     0     2    -4.0  -24.500  -47.592   4100.1    597.3
     1     1     7     8    21    13     0     1    -5.0  -24.776  -47.866   4143.4    601.0
     1     1     7     8    21    12     0     0    -6.0  -25.065  -48.170   4184.5    599.2
     1     1     7     8    21    11     0     1    -7.0  -25.365  -48.502   4206.4    589.6
     1     1     7     8    21    10     0     2    -8.0  -25.674  -48.862   4218.4    577.5
     1     1     7     8    21     9     0     3    -9.0  -25.996  -49.250   4233.9    566.1
     1     1     7     8    21     8     0     2   -10.0  -26.324  -49.670   4278.9    557.0
     1     1     7     8    21     7     0     1   -11.0  -26.652  -50.123   4352.4    543.6
     1     1     7     8    21     6     0     0   -12.0  -26.985  -50.611   4444.9    529.2
     1     1     7     8    21     5     0     1   -13.0  -27.328  -51.134   4541.2    520.7
     1     1     7     8    21     4     0     2   -14.0  -27.680  -51.676   4644.5    524.2
     1     1     7     8    21     3     0     3   -15.0  -28.043  -52.228   4744.2    526.5
     1     1     7     8    21     2     0     2   -16.0  -28.417  -52.798   4876.8    525.1
     1     1     7     8    21     1     0     1   -17.0  -28.806  -53.396   5017.5    520.9
     1     1     7     8    21     0     0     0   -18.0  -29.220  -54.004   5131.5    524.6
     1     1     7     8    20    23     0     1   -19.0  -29.661  -54.624   5206.2    527.7
     1     1     7     8    20    22     0     2   -20.0  -30.122  -55.280   5315.7    524.2
     1     1     7     8    20    21     0     3   -21.0  -30.585  -55.973   5473.0    509.5
     1     1     7     8    20    20     0     2   -22.0  -31.026  -56.704   5696.6    494.3
     1     1     7     8    20    19     0     1   -23.0  -31.444  -57.459   5908.3    483.2
     1     1     7     8    20    18     0     0   -24.0  -31.849  -58.222   6076.0    476.0
     1     1     7     8    20    17     0     1   -25.0  -32.230  -59.006   6201.1    469.1
     1     1     7     8    20    16     0     2   -26.0  -32.588  -59.816   6292.7    463.0
     1     1     7     8    20    15     0     3   -27.0  -32.945  -60.655   6362.5    457.1
     1     1     7     8    20    14     0     2   -28.0  -33.286  -61.514   6404.2    453.4
     1     1     7     8    20    13     0     1   -29.0  -33.599  -62.391   6446.1    449.0
     1     1     7     8    20    12     0     0   -30.0  -33.903  -63.316   6510.0    441.5
     1     1     7     8    20    11     0     1   -31.0  -34.180  -64.259   6574.4    434.4
     1     1     7     8    20    10     0     2   -32.0  -34.435  -65.222   6626.8    423.1
     1     1     7     8    20     9     0     3   -33.0  -34.676  -66.269   6693.8    413.2
     1     1     7     8    20     8     0     2   -34.0  -34.871  -67.364   6745.1    408.7
     1     1     7     8    20     7     0     1   -35.0  -35.025  -68.513   6653.6    382.8
     1     1     7     8    20     6     0     0   -36.0  -35.139  -69.814   6348.0    329.0
     1     1     7     8    20     5     0     1   -37.0  -35.188  -71.150   6771.9    374.2
     1     1     7     8    20     4     0     2   -38.0  -35.154  -72.248   7114.9    413.0
     1     1     7     8    20     3     0     3   -39.0  -35.095  -73.259   7089.2    411.1
     1     1     7     8    20     2     0     2   -40.0  -35.025  -74.230   7082.1    418.6
     1     1     7     8    20     1     0     1   -41.0  -34.946  -75.192   7041.4    416.5
     1     1     7     8    20     0     0     0   -42.0  -34.859  -76.134   7063.4    418.5
     1     1     7     8    19    23     0     1   -43.0  -34.769  -77.095   7058.1    415.4
     1     1     7     8    19    22     0     2   -44.0  -34.666  -78.095   7070.1    417.7
     1     1     7     8    19    21     0     3   -45.0  -34.533  -79.115   7039.2    417.9
     1     1     7     8    19    20     0     2   -46.0  -34.373  -80.136   7018.5    419.6
     1     1     7     8    19    19     0     1   -47.0  -34.194  -81.151   7027.8    419.7
     1     1     7     8    19    18     0     0   -48.0  -33.990  -82.162   7038.7    418.6
     1     1     7     8    19    17     0     1   -49.0  -33.777  -83.154   7030.8    419.8
     1     1     7     8    19    16     0     2   -50.0  -33.565  -84.114   6989.0    421.6
     1     1     7     8    19    15     0     3   -51.0  -33.354  -85.043   6935.7    425.8
     1     1     7     8    19    14     0     2   -52.0  -33.132  -85.939   6843.1    430.3
     1     1     7     8    19    13     0     1   -53.0  -32.899  -86.800   6746.0    437.5
     1     1     7     8    19    12     0     0   -54.0  -32.654  -87.621   6665.4    442.3
     1     1     7     8    19    11     0     1   -55.0  -32.393  -88.400   6611.0    445.6
     1     1     7     8    19    10     0     2   -56.0  -32.124  -89.121   6552.4    449.0
     1     1     7     8    19     9     0     3   -57.0  -31.847  -89.773   6485.1    453.7
     1     1     7     8    19     8     0     2   -58.0  -31.572  -90.353   6400.2    459.4
     1     1     7     8    19     7     0     1   -59.0  -31.308  -90.867   6307.0    465.5
     1     1     7     8    19     6     0     0   -60.0  -31.052  -91.318   6223.6    471.8
     1     1     7     8    19     5     0     1   -61.0  -30.799  -91.700   6162.4    477.2
     1     1     7     8    19     4     0     2   -62.0  -30.549  -92.004   6129.9    479.7
     1     1     7     8    19     3     0     3   -63.0  -30.307  -92.231   6123.4    480.2
     1     1     7     8    19     2     0     2   -64.0  -30.080  -92.384   6133.2    479.0
     1     1     7     8    19     1     0     1   -65.0  -29.871  -92.468   6144.1    478.0
     1     1     7     8    19     0     0     0   -66.0  -29.688  -92.486   6152.4    477.4
     1     1     7     8    18    23     0     1   -67.0  -29.540  -92.444   6168.6    476.8
     1     1     7     8    18    22     0     2   -68.0  -29.433  -92.354   6203.9    474.4
     1     1     7     8    18    21     0     3   -69.0  -29.366  -92.222   6258.1    470.7
     1     1     7     8    18    20     0     2   -70.0  -29.328  -92.062   6332.5    466.3
     1     1     7     8    18    19     0     1   -71.0  -29.310  -91.881   6430.4    460.5
     1     1     7     8    18    18     0     0   -72.0  -29.312  -91.676   6548.8    453.5
     1     1     7     8    18    17     0     1   -73.0  -29.339  -91.440   6669.9    445.2
     1     1     7     8    18    16     0     2   -74.0  -29.397  -91.172   6777.2    438.8
     1     1     7     8    18    15     0     3   -75.0  -29.485  -90.880   6869.0    433.1
     1     1     7     8    18    14     0     2   -76.0  -29.598  -90.583   6950.0    428.2
     1     1     7     8    18    13     0     1   -77.0  -29.732  -90.292   7026.5    423.6
     1     1     7     8    18    12     0     0   -78.0  -29.891  -90.002   7098.1    419.4
     1     1     7     8    18    11     0     1   -79.0  -30.061  -89.718   7166.6    415.8
     1     1     7     8    18    10     0     2   -80.0  -30.227  -89.456   7233.4    411.9
     1     1     7     8    18     9     0     3   -81.0  -30.386  -89.221   7298.8    408.1
     1     1     7     8    18     8     0     2   -82.0  -30.547  -89.017   7369.5    404.3
     1     1     7     8    18     7     0     1   -83.0  -30.722  -88.849   7458.6    399.7
     1     1     7     8    18     6     0     0   -84.0  -30.919  -88.704   7577.4    393.5
     1     1     7     8    18     5     0     1   -85.0  -31.122  -88.597   7717.8    384.7
     1     1     7     8    18     4     0     2   -86.0  -31.310  -88.545   7861.0    376.8
     1     1     7     8    18     3     0     3   -87.0  -31.489  -88.539   8004.7    369.0
     1     1     7     8    18     2     0     2   -88.0  -31.669  -88.564   8142.3    361.3
     1     1     7     8    18     1     0     1   -89.0  -31.860  -88.610   8262.9    354.6
     1     1     7     8    18     0     0     0   -90.0  -32.057  -88.673   8356.8    349.2
     1     1     7     8    17    23     0     1   -91.0  -32.262  -88.777   8429.0    346.0
     1     1     7     8    17    22     0     2   -92.0  -32.482  -88.939   8496.7    343.1
     1     1     7     8    17    21     0     3   -93.0  -32.719  -89.152   8571.8    339.8
     1     1     7     8    17    20     0     2   -94.0  -32.978  -89.390   8660.3    335.7
     1     1     7     8    17    19     0     1   -95.0  -33.260  -89.636   8764.7    330.4
     1     1     7     8    17    18     0     0   -96.0  -33.571  -89.894   8888.0    324.2
     1     1     7     8    17    17     0     1   -97.0  -33.934  -90.167   9037.7    317.0
     1     1     7     8    17    16     0     2   -98.0  -34.374  -90.470   9199.7    308.4
     1     1     7     8    17    15     0     3   -99.0  -34.911  -90.817   9341.8    300.9
     1     1     7     8    17    14     0     2  -100.0  -35.543  -91.229   9443.0    294.8
     1     1     7     8    17    13     0     1  -101.0  -36.230  -91.725   9479.2    293.0
     1     1     7     8    17    12     0     0  -102.0  -36.961  -92.284   9481.5    294.1
     1     1     7     8    17    11     0     1  -103.0  -37.738  -92.920   9476.6    293.2
     1     1     7     8    17    10     0     2  -104.0  -38.526  -93.668   9447.6    293.5
     1     1     7     8    17     9     0     3  -105.0  -39.330  -94.533   9398.7    295.2
     1     1     7     8    17     8     0     2  -106.0  -40.206  -95.516   9381.2    295.2
     1     1     7     8    17     7     0     1  -107.0  -41.129  -96.649   9417.3    292.6
     1     1     7     8    17     6     0     0  -108.0  -42.043  -97.949   9506.0    288.2
     1     1     7     8    17     5     0     1  -109.0  -42.880  -99.474   9620.1    281.8
     1     1     7     8    17     4     0     2  -110.0  -43.572 -101.188   9719.2    276.9
     1     1     7     8    17     3     0     3  -111.0  -44.122 -103.096   9866.1    269.9
     1     1     7     8    17     2     0     2  -112.0  -44.467 -105.133   9906.1    267.9
     1     1     7     8    17     1     0     1  -113.0  -44.558 -107.160   9813.7    272.3
     1     1     7     8    17     0     0     0  -114.0  -44.501 -109.209   9757.0    274.5
     1     1     7     8    16    23     0     1  -115.0  -44.244 -111.489   9652.8    278.4
     1     1     7     8    16    22     0     2  -116.0  -43.776 -113.793   9506.4    284.5
     1     1     7     8    16    21     0     3  -117.0  -43.103 -116.179   9235.2    296.2
     1     1     7     8    16    20     0     2  -118.0  -42.288 -118.522   8937.3    310.1
     1     1     7     8    16    19     0     1  -119.0  -41.429 -120.826   8656.3    323.4
     1     1     7     8    16    18     0     0  -120.0  -40.494 -123.150   8405.6    335.6
