     7     1
    GDAS     7     7    22     0     0
    GDAS     7     8     8     0     0
    GDAS     7     8    15     0     0
    GDAS     7     8    22     0     0
    GDAS     7     8    29     0     0
    GDAS     7     8     1     0     0
    GDAS     7     7    29     0     0
     1 BACKWARD OMEGA   
     7     8    23     6  -23.561  -46.740  4000.0
     1 PRESSURE
     1     1     7     8    23     6     0     0     0.0  -23.561  -46.740   4000.0    585.9
     1     1     7     8    23     5     0     1    -1.0  -23.650  -46.971   4068.8    580.4
     1     1     7     8    23     4     0     2    -2.0  -23.732  -47.209   4134.6    575.5
     1     1     7     8    23     3     0     3    -3.0  -23.807  -47.455   4174.5    572.3
     1     1     7     8    23     2     0     2    -4.0  -23.867  -47.708   4184.3    570.9
     1     1     7     8    23     1     0     1    -5.0  -23.903  -47.970   4170.3    570.6
     1     1     7     8    23     0     0     0    -6.0  -23.913  -48.236   4138.4    571.5
     1     1     7     8    22    23     0     1    -7.0  -23.901  -48.492   4108.4    573.2
     1     1     7     8    22    22     0     2    -8.0  -23.875  -48.736   4094.9    572.7
     1     1     7     8    22    21     0     3    -9.0  -23.837  -48.971   4097.5    570.8
     1     1     7     8    22    20     0     2   -10.0  -23.789  -49.206   4100.3    569.2
     1     1     7     8    22    19     0     1   -11.0  -23.733  -49.443   4081.7    571.4
     1     1     7     8    22    18     0     0   -12.0  -23.670  -49.682   4039.4    575.8
     1     1     7     8    22    17     0     1   -13.0  -23.607  -49.917   3992.6    583.2
     1     1     7     8    22    16     0     2   -14.0  -23.547  -50.142   3961.3    588.1
     1     1     7     8    22    15     0     3   -15.0  -23.486  -50.357   3946.2    591.4
     1     1     7     8    22    14     0     2   -16.0  -23.419  -50.564   3932.5    593.2
     1     1     7     8    22    13     0     1   -17.0  -23.344  -50.765   3904.7    597.2
     1     1     7     8    22    12     0     0   -18.0  -23.258  -50.963   3861.5    602.5
     1     1     7     8    22    11     0     1   -19.0  -23.154  -51.157   3824.5    609.6
     1     1     7     8    22    10     0     2   -20.0  -23.034  -51.348   3812.6    613.6
     1     1     7     8    22     9     0     3   -21.0  -22.900  -51.536   3824.7    614.6
     1     1     7     8    22     8     0     2   -22.0  -22.763  -51.708   3842.6    613.8
     1     1     7     8    22     7     0     1   -23.0  -22.619  -51.851   3846.6    615.8
     1     1     7     8    22     6     0     0   -24.0  -22.467  -51.964   3839.7    618.7
     1     1     7     8    22     5     0     1   -25.0  -22.305  -52.045   3831.3    621.9
     1     1     7     8    22     4     0     2   -26.0  -22.136  -52.094   3828.2    623.3
     1     1     7     8    22     3     0     3   -27.0  -21.958  -52.112   3826.2    624.4
     1     1     7     8    22     2     0     2   -28.0  -21.779  -52.108   3813.9    623.8
     1     1     7     8    22     1     0     1   -29.0  -21.607  -52.089   3784.9    625.1
     1     1     7     8    22     0     0     0   -30.0  -21.442  -52.052   3736.0    628.0
     1     1     7     8    21    23     0     1   -31.0  -21.288  -51.993   3686.1    632.6
     1     1     7     8    21    22     0     2   -32.0  -21.159  -51.920   3655.0    634.0
     1     1     7     8    21    21     0     3   -33.0  -21.058  -51.839   3642.5    634.4
     1     1     7     8    21    20     0     2   -34.0  -20.980  -51.757   3641.5    633.8
     1     1     7     8    21    19     0     1   -35.0  -20.923  -51.681   3645.5    633.3
     1     1     7     8    21    18     0     0   -36.0  -20.886  -51.612   3655.6    632.5
     1     1     7     8    21    17     0     1   -37.0  -20.868  -51.553   3670.1    631.5
     1     1     7     8    21    16     0     2   -38.0  -20.868  -51.510   3687.5    630.4
     1     1     7     8    21    15     0     3   -39.0  -20.884  -51.485   3707.5    629.2
     1     1     7     8    21    14     0     2   -40.0  -20.912  -51.478   3728.7    627.4
     1     1     7     8    21    13     0     1   -41.0  -20.947  -51.490   3749.7    625.8
     1     1     7     8    21    12     0     0   -42.0  -20.989  -51.521   3770.4    624.2
     1     1     7     8    21    11     0     1   -43.0  -21.027  -51.572   3791.2    622.2
     1     1     7     8    21    10     0     2   -44.0  -21.052  -51.645   3813.2    620.2
     1     1     7     8    21     9     0     3   -45.0  -21.066  -51.740   3835.8    618.1
     1     1     7     8    21     8     0     2   -46.0  -21.071  -51.844   3855.5    616.4
     1     1     7     8    21     7     0     1   -47.0  -21.066  -51.945   3870.2    615.4
     1     1     7     8    21     6     0     0   -48.0  -21.051  -52.043   3882.0    614.6
     1     1     7     8    21     5     0     1   -49.0  -21.028  -52.134   3891.8    614.3
     1     1     7     8    21     4     0     2   -50.0  -20.996  -52.215   3899.3    614.1
     1     1     7     8    21     3     0     3   -51.0  -20.955  -52.285   3904.4    614.1
     1     1     7     8    21     2     0     2   -52.0  -20.916  -52.345   3920.5    613.6
     1     1     7     8    21     1     0     1   -53.0  -20.887  -52.397   3958.7    610.5
     1     1     7     8    21     0     0     0   -54.0  -20.867  -52.446   4017.3    605.9
     1     1     7     8    20    23     0     1   -55.0  -20.866  -52.506   4088.1    599.9
     1     1     7     8    20    22     0     2   -56.0  -20.890  -52.593   4164.7    594.3
     1     1     7     8    20    21     0     3   -57.0  -20.939  -52.705   4248.0    588.4
     1     1     7     8    20    20     0     2   -58.0  -21.010  -52.845   4333.8    582.3
     1     1     7     8    20    19     0     1   -59.0  -21.098  -53.012   4415.2    576.4
     1     1     7     8    20    18     0     0   -60.0  -21.204  -53.200   4487.4    569.9
     1     1     7     8    20    17     0     1   -61.0  -21.322  -53.406   4549.2    564.6
     1     1     7     8    20    16     0     2   -62.0  -21.445  -53.624   4596.5    561.5
     1     1     7     8    20    15     0     3   -63.0  -21.572  -53.846   4631.5    560.3
     1     1     7     8    20    14     0     2   -64.0  -21.701  -54.078   4652.5    559.6
     1     1     7     8    20    13     0     1   -65.0  -21.832  -54.330   4653.1    558.2
     1     1     7     8    20    12     0     0   -66.0  -21.974  -54.602   4635.1    556.8
     1     1     7     8    20    11     0     1   -67.0  -22.118  -54.908   4619.5    555.0
     1     1     7     8    20    10     0     2   -68.0  -22.262  -55.266   4641.1    552.2
     1     1     7     8    20     9     0     3   -69.0  -22.423  -55.669   4692.5    549.8
     1     1     7     8    20     8     0     2   -70.0  -22.599  -56.104   4753.0    548.5
     1     1     7     8    20     7     0     1   -71.0  -22.777  -56.566   4805.3    551.6
     1     1     7     8    20     6     0     0   -72.0  -22.963  -57.064   4840.3    556.1
     1     1     7     8    20     5     0     1   -73.0  -23.144  -57.569   4875.1    559.9
     1     1     7     8    20     4     0     2   -74.0  -23.293  -58.065   4934.2    558.7
     1     1     7     8    20     3     0     3   -75.0  -23.399  -58.576   5010.3    549.6
     1     1     7     8    20     2     0     2   -76.0  -23.464  -59.117   5102.8    539.0
     1     1     7     8    20     1     0     1   -77.0  -23.508  -59.677   5195.5    535.0
     1     1     7     8    20     0     0     0   -78.0  -23.535  -60.236   5264.4    529.6
     1     1     7     8    19    23     0     1   -79.0  -23.553  -60.782   5289.2    522.1
     1     1     7     8    19    22     0     2   -80.0  -23.570  -61.302   5280.1    522.6
     1     1     7     8    19    21     0     3   -81.0  -23.592  -61.792   5243.8    527.7
     1     1     7     8    19    20     0     2   -82.0  -23.608  -62.267   5188.7    530.8
     1     1     7     8    19    19     0     1   -83.0  -23.610  -62.746   5149.5    528.8
     1     1     7     8    19    18     0     0   -84.0  -23.610  -63.234   5150.9    526.2
     1     1     7     8    19    17     0     1   -85.0  -23.611  -63.724   5177.8    524.2
     1     1     7     8    19    16     0     2   -86.0  -23.608  -64.247   5115.6    503.3
     1     1     7     8    19    15     0     3   -87.0  -23.607  -64.905   4879.6    451.2
     1     1     7     8    19    14     0     2   -88.0  -23.511  -65.846   4430.2    370.4
     1     1     7     8    19    13     0     1   -89.0  -23.207  -67.074   4324.3    338.6
     1     1     7     8    19    12     0     0   -90.0  -22.937  -68.270   4774.9    366.8
     1     1     7     8    19    11     0     1   -91.0  -22.834  -69.202   5158.9    415.4
     1     1     7     8    19    10     0     2   -92.0  -22.817  -69.902   5344.9    453.6
     1     1     7     8    19     9     0     3   -93.0  -22.827  -70.453   5518.3    484.0
     1     1     7     8    19     8     0     2   -94.0  -22.842  -70.907   5709.2    505.2
     1     1     7     8    19     7     0     1   -95.0  -22.849  -71.323   5810.8    501.1
     1     1     7     8    19     6     0     0   -96.0  -22.843  -71.740   5874.4    493.0
     1     1     7     8    19     5     0     1   -97.0  -22.830  -72.160   5933.0    488.4
     1     1     7     8    19     4     0     2   -98.0  -22.815  -72.567   6000.0    488.3
     1     1     7     8    19     3     0     3   -99.0  -22.798  -72.958   6071.2    487.5
     1     1     7     8    19     2     0     2  -100.0  -22.773  -73.347   6117.0    481.6
     1     1     7     8    19     1     0     1  -101.0  -22.736  -73.740   6139.9    477.7
     1     1     7     8    19     0     0     0  -102.0  -22.695  -74.133   6148.7    476.2
     1     1     7     8    18    23     0     1  -103.0  -22.659  -74.511   6168.3    477.9
     1     1     7     8    18    22     0     2  -104.0  -22.632  -74.868   6212.4    476.8
     1     1     7     8    18    21     0     3  -105.0  -22.609  -75.216   6277.7    472.4
     1     1     7     8    18    20     0     2  -106.0  -22.587  -75.572   6345.7    465.6
     1     1     7     8    18    19     0     1  -107.0  -22.569  -75.939   6397.5    461.1
     1     1     7     8    18    18     0     0  -108.0  -22.558  -76.309   6443.4    459.5
     1     1     7     8    18    17     0     1  -109.0  -22.560  -76.682   6481.8    459.0
     1     1     7     8    18    16     0     2  -110.0  -22.577  -77.066   6514.7    458.2
     1     1     7     8    18    15     0     3  -111.0  -22.608  -77.467   6533.5    456.0
     1     1     7     8    18    14     0     2  -112.0  -22.637  -77.886   6550.8    453.9
     1     1     7     8    18    13     0     1  -113.0  -22.653  -78.322   6581.1    452.6
     1     1     7     8    18    12     0     0  -114.0  -22.658  -78.772   6619.7    451.4
     1     1     7     8    18    11     0     1  -115.0  -22.646  -79.228   6658.3    449.2
     1     1     7     8    18    10     0     2  -116.0  -22.604  -79.687   6697.8    445.6
     1     1     7     8    18     9     0     3  -117.0  -22.531  -80.152   6748.9    442.2
     1     1     7     8    18     8     0     2  -118.0  -22.432  -80.616   6805.5    439.7
     1     1     7     8    18     7     0     1  -119.0  -22.314  -81.071   6850.9    437.9
     1     1     7     8    18     6     0     0  -120.0  -22.177  -81.525   6887.2    435.6
