     7     1
    GDAS     7     7    22     0     0
    GDAS     7     8     8     0     0
    GDAS     7     8    15     0     0
    GDAS     7     8    22     0     0
    GDAS     7     8    29     0     0
    GDAS     7     8     1     0     0
    GDAS     7     7    29     0     0
     1 BACKWARD OMEGA   
     7     8    23     0  -23.561  -46.740  4000.0
     1 PRESSURE
     1     1     7     8    23     0     0     0     0.0  -23.561  -46.740   4000.0    586.9
     1     1     7     8    22    23     0     1    -1.0  -23.602  -46.930   4036.9    583.1
     1     1     7     8    22    22     0     2    -2.0  -23.637  -47.123   4080.6    579.5
     1     1     7     8    22    21     0     3    -3.0  -23.663  -47.316   4131.8    576.2
     1     1     7     8    22    20     0     2    -4.0  -23.679  -47.511   4175.0    572.2
     1     1     7     8    22    19     0     1    -5.0  -23.683  -47.710   4194.6    570.6
     1     1     7     8    22    18     0     0    -6.0  -23.675  -47.910   4188.3    571.1
     1     1     7     8    22    17     0     1    -7.0  -23.665  -48.107   4168.9    573.2
     1     1     7     8    22    16     0     2    -8.0  -23.663  -48.298   4152.8    572.9
     1     1     7     8    22    15     0     3    -9.0  -23.671  -48.486   4143.1    572.2
     1     1     7     8    22    14     0     2   -10.0  -23.685  -48.676   4130.0    570.6
     1     1     7     8    22    13     0     1   -11.0  -23.700  -48.870   4101.3    570.8
     1     1     7     8    22    12     0     0   -12.0  -23.713  -49.067   4056.8    573.1
     1     1     7     8    22    11     0     1   -13.0  -23.721  -49.271   4018.3    577.7
     1     1     7     8    22    10     0     2   -14.0  -23.722  -49.492   4003.0    579.3
     1     1     7     8    22     9     0     3   -15.0  -23.716  -49.732   4013.4    579.1
     1     1     7     8    22     8     0     2   -16.0  -23.701  -49.983   4031.6    577.6
     1     1     7     8    22     7     0     1   -17.0  -23.674  -50.230   4033.8    578.6
     1     1     7     8    22     6     0     0   -18.0  -23.631  -50.465   4014.1    581.5
     1     1     7     8    22     5     0     1   -19.0  -23.566  -50.678   3979.9    587.1
     1     1     7     8    22     4     0     2   -20.0  -23.475  -50.861   3941.8    592.7
     1     1     7     8    22     3     0     3   -21.0  -23.360  -51.009   3903.2    598.6
     1     1     7     8    22     2     0     2   -22.0  -23.230  -51.128   3867.5    604.4
     1     1     7     8    22     1     0     1   -23.0  -23.092  -51.228   3832.4    609.8
     1     1     7     8    22     0     0     0   -24.0  -22.945  -51.311   3792.3    614.6
     1     1     7     8    21    23     0     1   -25.0  -22.798  -51.370   3755.9    619.0
     1     1     7     8    21    22     0     2   -26.0  -22.658  -51.402   3737.5    621.0
     1     1     7     8    21    21     0     3   -27.0  -22.528  -51.413   3738.5    621.4
     1     1     7     8    21    20     0     2   -28.0  -22.413  -51.413   3743.1    620.2
     1     1     7     8    21    19     0     1   -29.0  -22.313  -51.404   3735.4    621.1
     1     1     7     8    21    18     0     0   -30.0  -22.227  -51.389   3716.1    622.7
     1     1     7     8    21    17     0     1   -31.0  -22.157  -51.368   3693.9    625.3
     1     1     7     8    21    16     0     2   -32.0  -22.106  -51.343   3677.2    626.7
     1     1     7     8    21    15     0     3   -33.0  -22.073  -51.316   3665.6    627.5
     1     1     7     8    21    14     0     2   -34.0  -22.056  -51.290   3659.9    627.6
     1     1     7     8    21    13     0     1   -35.0  -22.051  -51.269   3661.0    627.1
     1     1     7     8    21    12     0     0   -36.0  -22.059  -51.255   3669.0    626.1
     1     1     7     8    21    11     0     1   -37.0  -22.071  -51.255   3681.4    624.5
     1     1     7     8    21    10     0     2   -38.0  -22.073  -51.274   3694.9    623.4
     1     1     7     8    21     9     0     3   -39.0  -22.066  -51.313   3709.1    622.4
     1     1     7     8    21     8     0     2   -40.0  -22.050  -51.360   3717.4    622.0
     1     1     7     8    21     7     0     1   -41.0  -22.024  -51.404   3714.1    622.9
     1     1     7     8    21     6     0     0   -42.0  -21.989  -51.442   3700.0    624.7
     1     1     7     8    21     5     0     1   -43.0  -21.947  -51.468   3686.1    627.4
     1     1     7     8    21     4     0     2   -44.0  -21.900  -51.478   3682.2    628.3
     1     1     7     8    21     3     0     3   -45.0  -21.850  -51.472   3687.2    628.2
     1     1     7     8    21     2     0     2   -46.0  -21.807  -51.456   3710.6    626.9
     1     1     7     8    21     1     0     1   -47.0  -21.779  -51.434   3760.9    622.6
     1     1     7     8    21     0     0     0   -48.0  -21.768  -51.407   3837.1    616.3
     1     1     7     8    20    23     0     1   -49.0  -21.779  -51.393   3930.3    608.0
     1     1     7     8    20    22     0     2   -50.0  -21.821  -51.405   4033.5    600.0
     1     1     7     8    20    21     0     3   -51.0  -21.892  -51.435   4147.8    591.3
     1     1     7     8    20    20     0     2   -52.0  -21.990  -51.485   4263.9    582.5
     1     1     7     8    20    19     0     1   -53.0  -22.117  -51.569   4369.6    575.3
     1     1     7     8    20    18     0     0   -54.0  -22.274  -51.687   4460.8    569.5
     1     1     7     8    20    17     0     1   -55.0  -22.453  -51.840   4526.7    564.9
     1     1     7     8    20    16     0     2   -56.0  -22.645  -52.020   4556.2    563.3
     1     1     7     8    20    15     0     3   -57.0  -22.849  -52.209   4547.8    563.0
     1     1     7     8    20    14     0     2   -58.0  -23.059  -52.414   4526.2    564.8
     1     1     7     8    20    13     0     1   -59.0  -23.277  -52.657   4514.2    565.0
     1     1     7     8    20    12     0     0   -60.0  -23.514  -52.927   4519.0    564.2
     1     1     7     8    20    11     0     1   -61.0  -23.755  -53.225   4548.9    562.9
     1     1     7     8    20    10     0     2   -62.0  -23.988  -53.547   4605.3    560.2
     1     1     7     8    20     9     0     3   -63.0  -24.226  -53.888   4681.5    554.5
     1     1     7     8    20     8     0     2   -64.0  -24.475  -54.276   4762.7    547.4
     1     1     7     8    20     7     0     1   -65.0  -24.743  -54.710   4823.6    545.2
     1     1     7     8    20     6     0     0   -66.0  -25.040  -55.144   4838.1    547.8
     1     1     7     8    20     5     0     1   -67.0  -25.349  -55.605   4826.2    550.2
     1     1     7     8    20     4     0     2   -68.0  -25.654  -56.116   4855.6    549.0
     1     1     7     8    20     3     0     3   -69.0  -25.962  -56.633   4945.5    550.7
     1     1     7     8    20     2     0     2   -70.0  -26.254  -57.173   5068.0    545.7
     1     1     7     8    20     1     0     1   -71.0  -26.527  -57.748   5216.1    534.5
     1     1     7     8    20     0     0     0   -72.0  -26.801  -58.333   5414.9    521.3
     1     1     7     8    19    23     0     1   -73.0  -27.091  -58.942   5620.0    505.3
     1     1     7     8    19    22     0     2   -74.0  -27.447  -59.592   5789.6    492.3
     1     1     7     8    19    21     0     3   -75.0  -27.902  -60.285   5939.0    483.4
     1     1     7     8    19    20     0     2   -76.0  -28.420  -61.024   6080.8    472.8
     1     1     7     8    19    19     0     1   -77.0  -28.975  -61.789   6246.4    463.9
     1     1     7     8    19    18     0     0   -78.0  -29.587  -62.562   6387.5    450.5
     1     1     7     8    19    17     0     1   -79.0  -30.227  -63.323   6516.6    435.1
     1     1     7     8    19    16     0     2   -80.0  -30.861  -64.086   6608.3    408.8
     1     1     7     8    19    15     0     3   -81.0  -31.464  -64.846   6739.2    388.6
     1     1     7     8    19    14     0     2   -82.0  -32.099  -65.596   6961.9    386.3
     1     1     7     8    19    13     0     1   -83.0  -32.815  -66.320   7099.4    369.2
     1     1     7     8    19    12     0     0   -84.0  -33.582  -67.006   7398.8    364.5
     1     1     7     8    19    11     0     1   -85.0  -34.406  -67.676   7626.0    352.5
     1     1     7     8    19    10     0     2   -86.0  -35.247  -68.402   7624.0    327.8
     1     1     7     8    19     9     0     3   -87.0  -36.045  -69.180   7551.4    297.8
     1     1     7     8    19     8     0     2   -88.0  -36.844  -69.951   7776.5    291.5
     1     1     7     8    19     7     0     1   -89.0  -37.652  -70.752   8024.9    285.1
     1     1     7     8    19     6     0     0   -90.0  -38.407  -71.616   8451.9    290.3
     1     1     7     8    19     5     0     1   -91.0  -39.069  -72.477   8913.5    298.0
     1     1     7     8    19     4     0     2   -92.0  -39.613  -73.420   9150.4    298.3
     1     1     7     8    19     3     0     3   -93.0  -40.021  -74.477   9163.9    301.3
     1     1     7     8    19     2     0     2   -94.0  -40.282  -75.521   9012.6    311.9
     1     1     7     8    19     1     0     1   -95.0  -40.439  -76.544   8807.2    320.7
     1     1     7     8    19     0     0     0   -96.0  -40.511  -77.559   8593.4    330.9
     1     1     7     8    18    23     0     1   -97.0  -40.524  -78.603   8396.2    341.0
     1     1     7     8    18    22     0     2   -98.0  -40.497  -79.676   8205.0    350.5
     1     1     7     8    18    21     0     3   -99.0  -40.431  -80.769   8023.5    360.9
     1     1     7     8    18    20     0     2  -100.0  -40.332  -81.891   7885.8    367.5
     1     1     7     8    18    19     0     1  -101.0  -40.200  -83.053   7798.1    373.0
     1     1     7     8    18    18     0     0  -102.0  -40.029  -84.263   7732.4    376.1
     1     1     7     8    18    17     0     1  -103.0  -39.840  -85.509   7681.7    378.7
     1     1     7     8    18    16     0     2  -104.0  -39.654  -86.753   7592.3    384.4
     1     1     7     8    18    15     0     3  -105.0  -39.478  -87.994   7493.5    390.6
     1     1     7     8    18    14     0     2  -106.0  -39.277  -89.265   7409.8    395.3
     1     1     7     8    18    13     0     1  -107.0  -39.058  -90.605   7345.7    398.6
     1     1     7     8    18    12     0     0  -108.0  -38.847  -92.004   7266.8    402.8
     1     1     7     8    18    11     0     1  -109.0  -38.599  -93.435   7197.6    407.4
     1     1     7     8    18    10     0     2  -110.0  -38.293  -94.893   7133.0    410.9
     1     1     7     8    18     9     0     3  -111.0  -37.976  -96.377   7041.9    417.3
     1     1     7     8    18     8     0     2  -112.0  -37.682  -97.842   6996.0    420.0
     1     1     7     8    18     7     0     1  -113.0  -37.371  -99.255   6951.1    423.0
     1     1     7     8    18     6     0     0  -114.0  -37.036 -100.671   6913.6    426.2
     1     1     7     8    18     5     0     1  -115.0  -36.744 -102.101   6877.2    427.8
     1     1     7     8    18     4     0     2  -116.0  -36.464 -103.499   6775.3    433.9
     1     1     7     8    18     3     0     3  -117.0  -36.152 -104.870   6635.7    442.6
     1     1     7     8    18     2     0     2  -118.0  -35.849 -106.227   6529.9    450.4
     1     1     7     8    18     1     0     1  -119.0  -35.572 -107.578   6475.7    453.3
     1     1     7     8    18     0     0     0  -120.0  -35.281 -108.939   6428.8    455.3
