     7     1
    GDAS     7     7    22     0     0
    GDAS     7     8     8     0     0
    GDAS     7     8    15     0     0
    GDAS     7     8    22     0     0
    GDAS     7     8    29     0     0
    GDAS     7     8     1     0     0
    GDAS     7     7    29     0     0
     1 BACKWARD OMEGA   
     7     8    26     6  -23.561  -46.740  4000.0
     1 PRESSURE
     1     1     7     8    26     6     0     0     0.0  -23.561  -46.740   4000.0    583.6
     1     1     7     8    26     5     0     1    -1.0  -23.370  -47.140   3978.5    581.7
     1     1     7     8    26     4     0     2    -2.0  -23.179  -47.514   3960.6    586.4
     1     1     7     8    26     3     0     3    -3.0  -22.987  -47.865   3936.0    594.3
     1     1     7     8    26     2     0     2    -4.0  -22.789  -48.201   3906.1    596.5
     1     1     7     8    26     1     0     1    -5.0  -22.579  -48.533   3906.9    593.1
     1     1     7     8    26     0     0     0    -6.0  -22.364  -48.859   3943.5    590.8
     1     1     7     8    25    23     0     1    -7.0  -22.150  -49.174   3997.9    589.8
     1     1     7     8    25    22     0     2    -8.0  -21.940  -49.468   4041.3    589.2
     1     1     7     8    25    21     0     3    -9.0  -21.727  -49.738   4069.2    587.3
     1     1     7     8    25    20     0     2   -10.0  -21.511  -49.984   4086.2    586.8
     1     1     7     8    25    19     0     1   -11.0  -21.294  -50.209   4099.0    587.8
     1     1     7     8    25    18     0     0   -12.0  -21.077  -50.417   4113.6    589.3
     1     1     7     8    25    17     0     1   -13.0  -20.870  -50.606   4126.3    590.5
     1     1     7     8    25    16     0     2   -14.0  -20.683  -50.778   4133.0    591.7
     1     1     7     8    25    15     0     3   -15.0  -20.514  -50.935   4135.5    592.8
     1     1     7     8    25    14     0     2   -16.0  -20.358  -51.087   4144.1    593.0
     1     1     7     8    25    13     0     1   -17.0  -20.206  -51.243   4169.4    590.5
     1     1     7     8    25    12     0     0   -18.0  -20.059  -51.403   4211.2    586.7
     1     1     7     8    25    11     0     1   -19.0  -19.916  -51.557   4254.0    580.8
     1     1     7     8    25    10     0     2   -20.0  -19.769  -51.692   4286.3    576.2
     1     1     7     8    25     9     0     3   -21.0  -19.621  -51.810   4312.4    571.8
     1     1     7     8    25     8     0     2   -22.0  -19.465  -51.911   4339.1    567.7
     1     1     7     8    25     7     0     1   -23.0  -19.298  -51.996   4370.4    562.7
     1     1     7     8    25     6     0     0   -24.0  -19.120  -52.063   4406.0    557.7
     1     1     7     8    25     5     0     1   -25.0  -18.935  -52.106   4437.3    553.3
     1     1     7     8    25     4     0     2   -26.0  -18.750  -52.118   4459.9    551.0
     1     1     7     8    25     3     0     3   -27.0  -18.566  -52.098   4476.3    549.2
     1     1     7     8    25     2     0     2   -28.0  -18.387  -52.052   4500.6    547.0
     1     1     7     8    25     1     0     1   -29.0  -18.216  -51.984   4542.8    542.9
     1     1     7     8    25     0     0     0   -30.0  -18.050  -51.896   4600.6    537.9
     1     1     7     8    24    23     0     1   -31.0  -17.893  -51.794   4662.6    532.4
     1     1     7     8    24    22     0     2   -32.0  -17.753  -51.684   4716.7    528.7
     1     1     7     8    24    21     0     3   -33.0  -17.629  -51.569   4762.3    525.7
     1     1     7     8    24    20     0     2   -34.0  -17.526  -51.456   4802.6    524.0
     1     1     7     8    24    19     0     1   -35.0  -17.446  -51.348   4840.3    522.2
     1     1     7     8    24    18     0     0   -36.0  -17.385  -51.246   4874.0    520.7
     1     1     7     8    24    17     0     1   -37.0  -17.336  -51.143   4899.6    519.6
     1     1     7     8    24    16     0     2   -38.0  -17.289  -51.035   4914.6    519.5
     1     1     7     8    24    15     0     3   -39.0  -17.245  -50.919   4920.1    519.8
     1     1     7     8    24    14     0     2   -40.0  -17.201  -50.798   4926.6    519.9
     1     1     7     8    24    13     0     1   -41.0  -17.152  -50.671   4942.6    518.7
     1     1     7     8    24    12     0     0   -42.0  -17.103  -50.542   4967.5    516.8
     1     1     7     8    24    11     0     1   -43.0  -17.055  -50.403   4989.8    513.9
     1     1     7     8    24    10     0     2   -44.0  -17.005  -50.249   4998.3    512.5
     1     1     7     8    24     9     0     3   -45.0  -16.952  -50.085   4994.2    512.0
     1     1     7     8    24     8     0     2   -46.0  -16.900  -49.906   4984.7    512.1
     1     1     7     8    24     7     0     1   -47.0  -16.861  -49.712   4979.6    510.5
     1     1     7     8    24     6     0     0   -48.0  -16.840  -49.504   4981.3    508.4
     1     1     7     8    24     5     0     1   -49.0  -16.837  -49.282   4995.1    505.9
     1     1     7     8    24     4     0     2   -50.0  -16.853  -49.049   5027.3    502.1
     1     1     7     8    24     3     0     3   -51.0  -16.889  -48.810   5079.9    497.3
     1     1     7     8    24     2     0     2   -52.0  -16.950  -48.578   5148.9    491.4
     1     1     7     8    24     1     0     1   -53.0  -17.035  -48.359   5231.6    485.1
     1     1     7     8    24     0     0     0   -54.0  -17.140  -48.154   5328.5    478.6
     1     1     7     8    23    23     0     1   -55.0  -17.275  -47.965   5436.8    472.2
     1     1     7     8    23    22     0     2   -56.0  -17.448  -47.787   5554.8    467.8
     1     1     7     8    23    21     0     3   -57.0  -17.653  -47.618   5669.8    463.1
     1     1     7     8    23    20     0     2   -58.0  -17.880  -47.457   5778.4    458.5
     1     1     7     8    23    19     0     1   -59.0  -18.124  -47.309   5871.5    452.5
     1     1     7     8    23    18     0     0   -60.0  -18.391  -47.176   5950.7    445.1
     1     1     7     8    23    17     0     1   -61.0  -18.681  -47.059   6026.9    437.6
     1     1     7     8    23    16     0     2   -62.0  -18.998  -46.958   6106.1    429.9
     1     1     7     8    23    15     0     3   -63.0  -19.340  -46.867   6201.4    424.2
     1     1     7     8    23    14     0     2   -64.0  -19.699  -46.791   6298.4    418.1
     1     1     7     8    23    13     0     1   -65.0  -20.078  -46.738   6402.2    411.8
     1     1     7     8    23    12     0     0   -66.0  -20.479  -46.713   6522.0    407.5
     1     1     7     8    23    11     0     1   -67.0  -20.893  -46.720   6644.3    402.9
     1     1     7     8    23    10     0     2   -68.0  -21.326  -46.770   6760.8    396.4
     1     1     7     8    23     9     0     3   -69.0  -21.797  -46.873   6897.3    388.7
     1     1     7     8    23     8     0     2   -70.0  -22.295  -47.018   7074.7    381.6
     1     1     7     8    23     7     0     1   -71.0  -22.794  -47.183   7273.3    376.2
     1     1     7     8    23     6     0     0   -72.0  -23.289  -47.363   7468.6    369.9
     1     1     7     8    23     5     0     1   -73.0  -23.801  -47.578   7641.1    361.6
     1     1     7     8    23     4     0     2   -74.0  -24.341  -47.844   7826.3    358.6
     1     1     7     8    23     3     0     3   -75.0  -24.886  -48.148   7978.0    359.7
     1     1     7     8    23     2     0     2   -76.0  -25.412  -48.501   8033.1    356.6
     1     1     7     8    23     1     0     1   -77.0  -25.924  -48.921   8047.0    347.5
     1     1     7     8    23     0     0     0   -78.0  -26.436  -49.407   8065.0    341.9
     1     1     7     8    22    23     0     1   -79.0  -26.933  -49.969   8034.2    335.4
     1     1     7     8    22    22     0     2   -80.0  -27.400  -50.636   8002.7    327.8
     1     1     7     8    22    21     0     3   -81.0  -27.813  -51.408   8103.2    328.8
     1     1     7     8    22    20     0     2   -82.0  -28.181  -52.234   8192.3    331.4
     1     1     7     8    22    19     0     1   -83.0  -28.512  -53.072   8224.3    335.7
     1     1     7     8    22    18     0     0   -84.0  -28.788  -53.920   8252.4    343.8
     1     1     7     8    22    17     0     1   -85.0  -29.001  -54.775   8220.9    346.7
     1     1     7     8    22    16     0     2   -86.0  -29.158  -55.613   8226.1    355.1
     1     1     7     8    22    15     0     3   -87.0  -29.252  -56.404   8156.4    361.4
     1     1     7     8    22    14     0     2   -88.0  -29.315  -57.185   8072.1    365.0
     1     1     7     8    22    13     0     1   -89.0  -29.372  -57.976   8085.4    367.1
     1     1     7     8    22    12     0     0   -90.0  -29.410  -58.771   8135.1    362.9
     1     1     7     8    22    11     0     1   -91.0  -29.413  -59.573   8219.2    359.4
     1     1     7     8    22    10     0     2   -92.0  -29.409  -60.387   8289.6    355.4
     1     1     7     8    22     9     0     3   -93.0  -29.432  -61.215   8383.1    348.3
     1     1     7     8    22     8     0     2   -94.0  -29.471  -62.056   8537.9    342.9
     1     1     7     8    22     7     0     1   -95.0  -29.518  -62.939   8654.7    331.7
     1     1     7     8    22     6     0     0   -96.0  -29.584  -63.866   8770.6    321.6
     1     1     7     8    22     5     0     1   -97.0  -29.646  -64.888   8878.5    314.2
     1     1     7     8    22     4     0     2   -98.0  -29.676  -66.028   9012.4    310.9
     1     1     7     8    22     3     0     3   -99.0  -29.667  -67.424   8719.1    278.5
     1     1     7     8    22     2     0     2  -100.0  -29.553  -69.299   8187.1    231.8
     1     1     7     8    22     1     0     1  -101.0  -29.322  -71.361   9241.2    284.3
     1     1     7     8    22     0     0     0  -102.0  -29.129  -72.813   9558.1    297.4
     1     1     7     8    21    23     0     1  -103.0  -28.885  -74.252   9629.4    292.6
     1     1     7     8    21    22     0     2  -104.0  -28.561  -75.736   9694.0    289.5
     1     1     7     8    21    21     0     3  -105.0  -28.197  -77.262   9732.6    287.8
     1     1     7     8    21    20     0     2  -106.0  -27.794  -78.793   9752.4    286.9
     1     1     7     8    21    19     0     1  -107.0  -27.348  -80.336   9789.0    285.4
     1     1     7     8    21    18     0     0  -108.0  -26.883  -81.902   9839.1    283.3
     1     1     7     8    21    17     0     1  -109.0  -26.405  -83.458   9857.0    282.3
     1     1     7     8    21    16     0     2  -110.0  -25.918  -84.987   9847.3    282.3
     1     1     7     8    21    15     0     3  -111.0  -25.436  -86.514   9828.3    283.8
     1     1     7     8    21    14     0     2  -112.0  -24.987  -88.017   9819.5    284.6
     1     1     7     8    21    13     0     1  -113.0  -24.592  -89.506   9826.0    284.3
     1     1     7     8    21    12     0     0  -114.0  -24.254  -90.979   9862.3    282.7
     1     1     7     8    21    11     0     1  -115.0  -23.986  -92.417   9922.9    281.0
     1     1     7     8    21    10     0     2  -116.0  -23.798  -93.827  10029.3    276.6
     1     1     7     8    21     9     0     3  -117.0  -23.686  -95.212  10173.6    270.9
