     7     1
    GDAS     7     7    22     0     0
    GDAS     7     8     8     0     0
    GDAS     7     8    15     0     0
    GDAS     7     8    22     0     0
    GDAS     7     8    29     0     0
    GDAS     7     8     1     0     0
    GDAS     7     7    29     0     0
     1 BACKWARD OMEGA   
     7     8    10     0  -23.561  -46.740  4000.0
     1 PRESSURE
     1     1     7     8    10     0     0     0     0.0  -23.561  -46.740   4000.0    589.1
     1     1     7     8     9    23     0     1    -1.0  -23.453  -46.776   4061.2    581.0
     1     1     7     8     9    22     0     2    -2.0  -23.341  -46.840   4108.6    575.0
     1     1     7     8     9    21     0     3    -3.0  -23.220  -46.932   4146.0    570.5
     1     1     7     8     9    20     0     2    -4.0  -23.083  -47.041   4173.5    568.1
     1     1     7     8     9    19     0     1    -5.0  -22.933  -47.148   4187.7    567.5
     1     1     7     8     9    18     0     0    -6.0  -22.773  -47.244   4187.1    567.8
     1     1     7     8     9    17     0     1    -7.0  -22.609  -47.318   4181.1    569.2
     1     1     7     8     9    16     0     2    -8.0  -22.444  -47.371   4180.4    569.0
     1     1     7     8     9    15     0     3    -9.0  -22.279  -47.404   4184.4    568.2
     1     1     7     8     9    14     0     2   -10.0  -22.116  -47.423   4197.2    566.6
     1     1     7     8     9    13     0     1   -11.0  -21.960  -47.434   4223.5    564.1
     1     1     7     8     9    12     0     0   -12.0  -21.812  -47.437   4263.8    561.2
     1     1     7     8     9    11     0     1   -13.0  -21.673  -47.432   4291.9    557.0
     1     1     7     8     9    10     0     2   -14.0  -21.543  -47.419   4288.3    556.8
     1     1     7     8     9     9     0     3   -15.0  -21.427  -47.399   4258.9    558.2
     1     1     7     8     9     8     0     2   -16.0  -21.323  -47.380   4227.3    561.6
     1     1     7     8     9     7     0     1   -17.0  -21.231  -47.371   4214.7    562.3
     1     1     7     8     9     6     0     0   -18.0  -21.150  -47.374   4219.9    561.9
     1     1     7     8     9     5     0     1   -19.0  -21.070  -47.389   4238.7    560.6
     1     1     7     8     9     4     0     2   -20.0  -20.979  -47.415   4266.7    559.0
     1     1     7     8     9     3     0     3   -21.0  -20.877  -47.451   4302.2    556.6
     1     1     7     8     9     2     0     2   -22.0  -20.768  -47.496   4345.9    553.7
     1     1     7     8     9     1     0     1   -23.0  -20.656  -47.550   4399.8    550.4
     1     1     7     8     9     0     0     0   -24.0  -20.544  -47.611   4465.8    546.5
     1     1     7     8     8    23     0     1   -25.0  -20.430  -47.678   4524.9    541.7
     1     1     7     8     8    22     0     2   -26.0  -20.309  -47.748   4554.9    540.5
     1     1     7     8     8    21     0     3   -27.0  -20.178  -47.815   4554.4    541.5
     1     1     7     8     8    20     0     2   -28.0  -20.043  -47.878   4551.0    545.1
     1     1     7     8     8    19     0     1   -29.0  -19.913  -47.943   4568.2    544.2
     1     1     7     8     8    18     0     0   -30.0  -19.789  -48.014   4606.3    541.0
     1     1     7     8     8    17     0     1   -31.0  -19.679  -48.090   4643.5    536.3
     1     1     7     8     8    16     0     2   -32.0  -19.589  -48.170   4659.4    535.0
     1     1     7     8     8    15     0     3   -33.0  -19.519  -48.254   4655.3    535.4
     1     1     7     8     8    14     0     2   -34.0  -19.466  -48.346   4649.5    537.2
     1     1     7     8     8    13     0     1   -35.0  -19.424  -48.448   4660.5    537.0
     1     1     7     8     8    12     0     0   -36.0  -19.398  -48.563   4688.6    536.1
     1     1     7     8     8    11     0     1   -37.0  -19.365  -48.699   4714.9    533.8
     1     1     7     8     8    10     0     2   -38.0  -19.305  -48.858   4718.4    534.2
     1     1     7     8     8     9     0     3   -39.0  -19.218  -49.042   4699.3    536.2
     1     1     7     8     8     8     0     2   -40.0  -19.115  -49.240   4682.4    539.5
     1     1     7     8     8     7     0     1   -41.0  -19.003  -49.447   4694.4    539.2
     1     1     7     8     8     6     0     0   -42.0  -18.880  -49.658   4735.8    538.0
     1     1     7     8     8     5     0     1   -43.0  -18.740  -49.870   4780.5    535.2
     1     1     7     8     8     4     0     2   -44.0  -18.577  -50.082   4805.7    534.3
     1     1     7     8     8     3     0     3   -45.0  -18.389  -50.296   4811.4    533.2
     1     1     7     8     8     2     0     2   -46.0  -18.182  -50.509   4813.2    531.7
     1     1     7     8     8     1     0     1   -47.0  -17.956  -50.723   4823.2    528.2
     1     1     7     8     8     0     0     0   -48.0  -17.710  -50.935   4852.7    525.5
     1     1     7     8     7    23     0     1   -49.0  -17.454  -51.137   4893.1    521.8
     1     1     7     8     7    22     0     2   -50.0  -17.199  -51.321   4934.1    518.2
     1     1     7     8     7    21     0     3   -51.0  -16.955  -51.489   4977.2    515.0
     1     1     7     8     7    20     0     2   -52.0  -16.724  -51.641   5018.3    515.2
     1     1     7     8     7    19     0     1   -53.0  -16.506  -51.779   5034.5    518.4
     1     1     7     8     7    18     0     0   -54.0  -16.307  -51.907   5026.5    523.5
     1     1     7     8     7    17     0     1   -55.0  -16.118  -52.017   5020.1    530.1
     1     1     7     8     7    16     0     2   -56.0  -15.915  -52.095   5032.5    531.4
     1     1     7     8     7    15     0     3   -57.0  -15.686  -52.136   5064.1    528.8
     1     1     7     8     7    14     0     2   -58.0  -15.445  -52.146   5105.3    524.8
     1     1     7     8     7    13     0     1   -59.0  -15.215  -52.138   5138.8    522.6
     1     1     7     8     7    12     0     0   -60.0  -15.000  -52.116   5162.5    521.1
     1     1     7     8     7    11     0     1   -61.0  -14.790  -52.071   5170.1    519.8
     1     1     7     8     7    10     0     2   -62.0  -14.576  -51.988   5161.4    519.9
     1     1     7     8     7     9     0     3   -63.0  -14.361  -51.872   5142.8    521.1
     1     1     7     8     7     8     0     2   -64.0  -14.144  -51.731   5121.9    523.8
     1     1     7     8     7     7     0     1   -65.0  -13.923  -51.568   5106.0    527.0
     1     1     7     8     7     6     0     0   -66.0  -13.697  -51.385   5093.0    530.5
     1     1     7     8     7     5     0     1   -67.0  -13.467  -51.186   5080.1    534.2
     1     1     7     8     7     4     0     2   -68.0  -13.232  -50.969   5067.8    536.8
     1     1     7     8     7     3     0     3   -69.0  -12.993  -50.729   5051.3    536.2
     1     1     7     8     7     2     0     2   -70.0  -12.750  -50.455   5047.8    535.1
     1     1     7     8     7     1     0     1   -71.0  -12.507  -50.145   5062.5    533.9
     1     1     7     8     7     0     0     0   -72.0  -12.265  -49.801   5091.6    531.9
     1     1     7     8     6    23     0     1   -73.0  -12.032  -49.426   5114.6    528.7
     1     1     7     8     6    22     0     2   -74.0  -11.813  -49.022   5113.5    527.1
     1     1     7     8     6    21     0     3   -75.0  -11.608  -48.598   5100.0    527.8
     1     1     7     8     6    20     0     2   -76.0  -11.418  -48.156   5084.8    528.4
     1     1     7     8     6    19     0     1   -77.0  -11.250  -47.700   5075.3    524.2
     1     1     7     8     6    18     0     0   -78.0  -11.116  -47.229   5083.2    516.7
     1     1     7     8     6    17     0     1   -79.0  -11.020  -46.744   5103.7    508.6
     1     1     7     8     6    16     0     2   -80.0  -10.955  -46.249   5116.4    503.9
     1     1     7     8     6    15     0     3   -81.0  -10.906  -45.747   5121.4    504.5
     1     1     7     8     6    14     0     2   -82.0  -10.854  -45.241   5128.0    510.2
     1     1     7     8     6    13     0     1   -83.0  -10.803  -44.728   5130.2    513.6
     1     1     7     8     6    12     0     0   -84.0  -10.765  -44.206   5127.2    515.8
     1     1     7     8     6    11     0     1   -85.0  -10.750  -43.680   5110.6    517.2
     1     1     7     8     6    10     0     2   -86.0  -10.754  -43.153   5076.0    520.1
     1     1     7     8     6     9     0     3   -87.0  -10.774  -42.621   5026.2    521.3
     1     1     7     8     6     8     0     2   -88.0  -10.806  -42.088   4977.6    520.9
     1     1     7     8     6     7     0     1   -89.0  -10.845  -41.559   4932.4    519.9
     1     1     7     8     6     6     0     0   -90.0  -10.889  -41.035   4877.1    519.8
     1     1     7     8     6     5     0     1   -91.0  -10.933  -40.521   4829.5    530.5
     1     1     7     8     6     4     0     2   -92.0  -10.978  -40.030   4768.1    543.2
     1     1     7     8     6     3     0     3   -93.0  -11.034  -39.557   4704.7    554.2
     1     1     7     8     6     2     0     2   -94.0  -11.104  -39.098   4666.6    562.6
     1     1     7     8     6     1     0     1   -95.0  -11.192  -38.645   4667.1    565.7
     1     1     7     8     6     0     0     0   -96.0  -11.303  -38.195   4726.6    564.3
     1     1     7     8     5    23     0     1   -97.0  -11.437  -37.747   4822.3    560.3
     1     1     7     8     5    22     0     2   -98.0  -11.584  -37.301   4909.5    559.5
     1     1     7     8     5    21     0     3   -99.0  -11.744  -36.861   4968.5    558.4
     1     1     7     8     5    20     0     2  -100.0  -11.915  -36.437   5015.8    556.7
     1     1     7     8     5    19     0     1  -101.0  -12.095  -36.037   5090.2    551.5
     1     1     7     8     5    18     0     0  -102.0  -12.279  -35.664   5196.1    544.7
     1     1     7     8     5    17     0     1  -103.0  -12.466  -35.312   5306.2    536.0
     1     1     7     8     5    16     0     2  -104.0  -12.654  -34.966   5396.4    529.7
     1     1     7     8     5    15     0     3  -105.0  -12.840  -34.625   5465.0    525.3
     1     1     7     8     5    14     0     2  -106.0  -13.030  -34.292   5513.1    522.9
     1     1     7     8     5    13     0     1  -107.0  -13.228  -33.974   5547.9    521.5
     1     1     7     8     5    12     0     0  -108.0  -13.431  -33.671   5576.7    519.9
     1     1     7     8     5    11     0     1  -109.0  -13.632  -33.382   5615.9    517.6
     1     1     7     8     5    10     0     2  -110.0  -13.826  -33.104   5673.7    513.6
     1     1     7     8     5     9     0     3  -111.0  -14.015  -32.834   5746.1    508.7
     1     1     7     8     5     8     0     2  -112.0  -14.206  -32.574   5822.4    503.2
     1     1     7     8     5     7     0     1  -113.0  -14.411  -32.326   5897.0    498.2
     1     1     7     8     5     6     0     0  -114.0  -14.628  -32.089   5973.3    493.0
     1     1     7     8     5     5     0     1  -115.0  -14.867  -31.863   6057.2    487.9
     1     1     7     8     5     4     0     2  -116.0  -15.137  -31.652   6153.6    482.2
     1     1     7     8     5     3     0     3  -117.0  -15.442  -31.456   6262.8    476.1
     1     1     7     8     5     2     0     2  -118.0  -15.775  -31.281   6377.7    469.0
     1     1     7     8     5     1     0     1  -119.0  -16.132  -31.134   6486.7    462.3
     1     1     7     8     5     0     0     0  -120.0  -16.513  -31.013   6580.3    456.4
