     7     1
    GDAS     7     7    22     0     0
    GDAS     7     8     8     0     0
    GDAS     7     8    15     0     0
    GDAS     7     8    22     0     0
    GDAS     7     8    29     0     0
    GDAS     7     8     1     0     0
    GDAS     7     7    29     0     0
     1 BACKWARD OMEGA   
     7     8     5    12  -23.561  -46.740  4000.0
     1 PRESSURE
     1     1     7     8     5    12     0     0     0.0  -23.561  -46.740   4000.0    587.6
     1     1     7     8     5    11     0     1    -1.0  -23.355  -47.398   3960.5    591.1
     1     1     7     8     5    10     0     2    -2.0  -23.121  -48.017   3992.9    595.2
     1     1     7     8     5     9     0     3    -3.0  -22.869  -48.605   4002.2    583.7
     1     1     7     8     5     8     0     2    -4.0  -22.607  -49.172   4007.5    584.0
     1     1     7     8     5     7     0     1    -5.0  -22.328  -49.705   4003.7    593.2
     1     1     7     8     5     6     0     0    -6.0  -22.024  -50.190   3979.0    599.1
     1     1     7     8     5     5     0     1    -7.0  -21.708  -50.626   3973.5    603.0
     1     1     7     8     5     4     0     2    -8.0  -21.390  -51.013   4010.3    604.6
     1     1     7     8     5     3     0     3    -9.0  -21.064  -51.348   4074.8    603.2
     1     1     7     8     5     2     0     2   -10.0  -20.721  -51.629   4125.6    596.5
     1     1     7     8     5     1     0     1   -11.0  -20.362  -51.849   4144.5    593.8
     1     1     7     8     5     0     0     0   -12.0  -19.991  -51.999   4140.8    592.2
     1     1     7     8     4    23     0     1   -13.0  -19.613  -52.100   4138.5    588.9
     1     1     7     8     4    22     0     2   -14.0  -19.230  -52.185   4166.0    580.9
     1     1     7     8     4    21     0     3   -15.0  -18.840  -52.252   4218.9    571.9
     1     1     7     8     4    20     0     2   -16.0  -18.455  -52.293   4285.7    564.1
     1     1     7     8     4    19     0     1   -17.0  -18.082  -52.293   4358.0    557.1
     1     1     7     8     4    18     0     0   -18.0  -17.721  -52.252   4442.6    550.5
     1     1     7     8     4    17     0     1   -19.0  -17.373  -52.167   4517.4    544.2
     1     1     7     8     4    16     0     2   -20.0  -17.043  -52.039   4565.5    539.7
     1     1     7     8     4    15     0     3   -21.0  -16.731  -51.867   4612.5    543.5
     1     1     7     8     4    14     0     2   -22.0  -16.438  -51.654   4630.5    548.4
     1     1     7     8     4    13     0     1   -23.0  -16.166  -51.408   4604.9    554.9
     1     1     7     8     4    12     0     0   -24.0  -15.918  -51.133   4531.2    562.3
     1     1     7     8     4    11     0     1   -25.0  -15.701  -50.828   4438.1    569.1
     1     1     7     8     4    10     0     2   -26.0  -15.513  -50.491   4363.6    569.4
     1     1     7     8     4     9     0     3   -27.0  -15.346  -50.119   4318.1    566.4
     1     1     7     8     4     8     0     2   -28.0  -15.188  -49.717   4293.3    563.2
     1     1     7     8     4     7     0     1   -29.0  -15.038  -49.290   4269.6    563.1
     1     1     7     8     4     6     0     0   -30.0  -14.907  -48.843   4235.8    562.7
     1     1     7     8     4     5     0     1   -31.0  -14.800  -48.383   4200.6    561.4
     1     1     7     8     4     4     0     2   -32.0  -14.714  -47.913   4183.6    559.5
     1     1     7     8     4     3     0     3   -33.0  -14.651  -47.434   4191.0    563.0
     1     1     7     8     4     2     0     2   -34.0  -14.614  -46.947   4198.6    565.0
     1     1     7     8     4     1     0     1   -35.0  -14.603  -46.462   4200.3    565.0
     1     1     7     8     4     0     0     0   -36.0  -14.620  -45.988   4204.6    564.9
     1     1     7     8     3    23     0     1   -37.0  -14.661  -45.527   4203.2    563.2
     1     1     7     8     3    22     0     2   -38.0  -14.722  -45.082   4188.5    563.3
     1     1     7     8     3    21     0     3   -39.0  -14.800  -44.654   4181.5    569.7
     1     1     7     8     3    20     0     2   -40.0  -14.893  -44.243   4175.4    577.0
     1     1     7     8     3    19     0     1   -41.0  -14.999  -43.847   4154.6    580.3
     1     1     7     8     3    18     0     0   -42.0  -15.119  -43.467   4114.7    578.3
     1     1     7     8     3    17     0     1   -43.0  -15.248  -43.106   4084.4    576.7
     1     1     7     8     3    16     0     2   -44.0  -15.380  -42.763   4067.9    574.3
     1     1     7     8     3    15     0     3   -45.0  -15.516  -42.439   4058.4    572.5
     1     1     7     8     3    14     0     2   -46.0  -15.650  -42.129   4049.2    570.6
     1     1     7     8     3    13     0     1   -47.0  -15.782  -41.831   4043.5    572.4
     1     1     7     8     3    12     0     0   -48.0  -15.910  -41.542   4046.3    576.5
     1     1     7     8     3    11     0     1   -49.0  -16.030  -41.259   4069.5    579.7
     1     1     7     8     3    10     0     2   -50.0  -16.141  -40.984   4124.8    579.7
     1     1     7     8     3     9     0     3   -51.0  -16.248  -40.718   4212.8    578.6
     1     1     7     8     3     8     0     2   -52.0  -16.361  -40.464   4306.3    576.1
     1     1     7     8     3     7     0     1   -53.0  -16.490  -40.222   4382.2    575.5
     1     1     7     8     3     6     0     0   -54.0  -16.637  -39.988   4434.7    576.5
     1     1     7     8     3     5     0     1   -55.0  -16.804  -39.767   4475.6    579.9
     1     1     7     8     3     4     0     2   -56.0  -16.993  -39.564   4518.0    581.8
     1     1     7     8     3     3     0     3   -57.0  -17.206  -39.387   4569.3    583.7
     1     1     7     8     3     2     0     2   -58.0  -17.433  -39.238   4620.4    582.8
     1     1     7     8     3     1     0     1   -59.0  -17.666  -39.118   4665.0    581.6
     1     1     7     8     3     0     0     0   -60.0  -17.908  -39.026   4708.2    579.7
     1     1     7     8     2    23     0     1   -61.0  -18.155  -38.963   4764.2    576.5
     1     1     7     8     2    22     0     2   -62.0  -18.403  -38.930   4844.2    570.9
     1     1     7     8     2    21     0     3   -63.0  -18.656  -38.929   4949.8    563.7
     1     1     7     8     2    20     0     2   -64.0  -18.915  -38.957   5061.0    554.7
     1     1     7     8     2    19     0     1   -65.0  -19.173  -39.015   5154.0    548.3
     1     1     7     8     2    18     0     0   -66.0  -19.425  -39.106   5230.0    542.7
     1     1     7     8     2    17     0     1   -67.0  -19.672  -39.224   5299.7    537.9
     1     1     7     8     2    16     0     2   -68.0  -19.918  -39.365   5367.6    532.4
     1     1     7     8     2    15     0     3   -69.0  -20.159  -39.528   5429.6    527.7
     1     1     7     8     2    14     0     2   -70.0  -20.403  -39.718   5487.1    524.2
     1     1     7     8     2    13     0     1   -71.0  -20.653  -39.939   5545.0    521.0
     1     1     7     8     2    12     0     0   -72.0  -20.906  -40.192   5598.0    517.0
     1     1     7     8     2    11     0     1   -73.0  -21.163  -40.476   5651.8    513.3
     1     1     7     8     2    10     0     2   -74.0  -21.431  -40.791   5708.2    509.6
     1     1     7     8     2     9     0     3   -75.0  -21.714  -41.141   5757.5    504.1
     1     1     7     8     2     8     0     2   -76.0  -22.004  -41.557   5794.3    492.8
     1     1     7     8     2     7     0     1   -77.0  -22.288  -42.055   5879.0    482.2
     1     1     7     8     2     6     0     0   -78.0  -22.552  -42.624   6012.0    474.6
     1     1     7     8     2     5     0     1   -79.0  -22.789  -43.242   6139.4    468.2
     1     1     7     8     2     4     0     2   -80.0  -23.004  -43.898   6235.2    461.4
     1     1     7     8     2     3     0     3   -81.0  -23.194  -44.601   6281.3    445.5
     1     1     7     8     2     2     0     2   -82.0  -23.346  -45.350   6359.6    433.5
     1     1     7     8     2     1     0     1   -83.0  -23.466  -46.133   6441.6    428.3
     1     1     7     8     2     0     0     0   -84.0  -23.574  -46.953   6480.8    424.1
     1     1     7     8     1    23     0     1   -85.0  -23.664  -47.791   6487.5    424.5
     1     1     7     8     1    22     0     2   -86.0  -23.730  -48.625   6453.4    422.0
     1     1     7     8     1    21     0     3   -87.0  -23.773  -49.461   6463.8    419.6
     1     1     7     8     1    20     0     2   -88.0  -23.772  -50.300   6510.1    418.5
     1     1     7     8     1    19     0     1   -89.0  -23.719  -51.137   6540.8    420.8
     1     1     7     8     1    18     0     0   -90.0  -23.621  -51.955   6544.3    428.9
     1     1     7     8     1    17     0     1   -91.0  -23.476  -52.734   6508.1    435.8
     1     1     7     8     1    16     0     2   -92.0  -23.290  -53.480   6497.5    441.3
     1     1     7     8     1    15     0     3   -93.0  -23.082  -54.210   6501.6    442.9
     1     1     7     8     1    14     0     2   -94.0  -22.864  -54.936   6464.7    435.7
     1     1     7     8     1    13     0     1   -95.0  -22.634  -55.648   6442.2    438.3
     1     1     7     8     1    12     0     0   -96.0  -22.387  -56.319   6383.9    445.5
     1     1     7     8     1    11     0     1   -97.0  -22.136  -56.940   6325.9    455.2
     1     1     7     8     1    10     0     2   -98.0  -21.882  -57.512   6277.2    461.7
     1     1     7     8     1     9     0     3   -99.0  -21.606  -58.035   6238.6    467.9
     1     1     7     8     1     8     0     2  -100.0  -21.324  -58.513   6182.1    472.4
     1     1     7     8     1     7     0     1  -101.0  -21.058  -58.960   6125.0    476.6
     1     1     7     8     1     6     0     0  -102.0  -20.802  -59.383   6066.0    478.7
     1     1     7     8     1     5     0     1  -103.0  -20.555  -59.798   6012.8    479.9
     1     1     7     8     1     4     0     2  -104.0  -20.316  -60.220   5960.9    481.8
     1     1     7     8     1     3     0     3  -105.0  -20.079  -60.641   5899.0    485.1
     1     1     7     8     1     2     0     2  -106.0  -19.841  -61.059   5821.9    488.4
     1     1     7     8     1     1     0     1  -107.0  -19.597  -61.473   5745.0    487.7
     1     1     7     8     1     0     0     0  -108.0  -19.341  -61.884   5700.1    485.5
     1     1     7     7    31    23     0     1  -109.0  -19.074  -62.286   5689.0    484.6
     1     1     7     7    31    22     0     2  -110.0  -18.813  -62.669   5688.8    484.1
     1     1     7     7    31    21     0     3  -111.0  -18.562  -63.037   5652.5    482.1
     1     1     7     7    31    20     0     2  -112.0  -18.312  -63.407   5528.3    468.3
     1     1     7     7    31    19     0     1  -113.0  -18.057  -63.798   5404.5    452.4
     1     1     7     7    31    18     0     0  -114.0  -17.802  -64.204   5365.2    448.1
     1     1     7     7    31    17     0     1  -115.0  -17.545  -64.611   5415.8    453.8
     1     1     7     7    31    16     0     2  -116.0  -17.289  -65.004   5534.6    468.2
     1     1     7     7    31    15     0     3  -117.0  -17.029  -65.395   5507.9    451.1
     1     1     7     7    31    14     0     2  -118.0  -16.752  -65.817   5422.8    423.8
     1     1     7     7    31    13     0     1  -119.0  -16.460  -66.262   5457.0    422.5
     1     1     7     7    31    12     0     0  -120.0  -16.169  -66.690   5533.6    435.2
