     7     1
    GDAS     7     7    22     0     0
    GDAS     7     8     8     0     0
    GDAS     7     8    15     0     0
    GDAS     7     8    22     0     0
    GDAS     7     8    29     0     0
    GDAS     7     8     1     0     0
    GDAS     7     7    29     0     0
     1 BACKWARD OMEGA   
     7     8    24    18  -23.561  -46.740  4000.0
     1 PRESSURE
     1     1     7     8    24    18     0     0     0.0  -23.561  -46.740   4000.0    585.1
     1     1     7     8    24    17     0     1    -1.0  -23.379  -46.837   3982.2    582.8
     1     1     7     8    24    16     0     2    -2.0  -23.239  -46.910   3984.6    580.9
     1     1     7     8    24    15     0     3    -3.0  -23.142  -46.963   4007.1    578.8
     1     1     7     8    24    14     0     2    -4.0  -23.079  -47.011   4039.0    575.8
     1     1     7     8    24    13     0     1    -5.0  -23.038  -47.062   4067.9    574.0
     1     1     7     8    24    12     0     0    -6.0  -23.019  -47.117   4091.8    573.1
     1     1     7     8    24    11     0     1    -7.0  -23.019  -47.180   4118.4    572.5
     1     1     7     8    24    10     0     2    -8.0  -23.038  -47.257   4155.8    570.9
     1     1     7     8    24     9     0     3    -9.0  -23.074  -47.349   4203.2    568.7
     1     1     7     8    24     8     0     2   -10.0  -23.111  -47.455   4254.5    566.1
     1     1     7     8    24     7     0     1   -11.0  -23.132  -47.573   4302.8    564.0
     1     1     7     8    24     6     0     0   -12.0  -23.139  -47.703   4346.6    562.4
     1     1     7     8    24     5     0     1   -13.0  -23.123  -47.840   4390.5    561.7
     1     1     7     8    24     4     0     2   -14.0  -23.078  -47.979   4442.3    560.7
     1     1     7     8    24     3     0     3   -15.0  -23.001  -48.119   4492.8    556.3
     1     1     7     8    24     2     0     2   -16.0  -22.901  -48.250   4546.3    550.1
     1     1     7     8    24     1     0     1   -17.0  -22.787  -48.361   4611.5    544.1
     1     1     7     8    24     0     0     0   -18.0  -22.658  -48.450   4691.2    538.1
     1     1     7     8    23    23     0     1   -19.0  -22.524  -48.519   4776.3    531.6
     1     1     7     8    23    22     0     2   -20.0  -22.399  -48.575   4853.8    526.7
     1     1     7     8    23    21     0     3   -21.0  -22.283  -48.618   4922.0    522.7
     1     1     7     8    23    20     0     2   -22.0  -22.176  -48.647   4981.2    519.9
     1     1     7     8    23    19     0     1   -23.0  -22.078  -48.658   5032.5    517.5
     1     1     7     8    23    18     0     0   -24.0  -21.990  -48.649   5075.6    515.5
     1     1     7     8    23    17     0     1   -25.0  -21.921  -48.616   5115.1    513.3
     1     1     7     8    23    16     0     2   -26.0  -21.878  -48.556   5160.8    510.2
     1     1     7     8    23    15     0     3   -27.0  -21.862  -48.470   5214.2    506.4
     1     1     7     8    23    14     0     2   -28.0  -21.875  -48.370   5270.2    501.7
     1     1     7     8    23    13     0     1   -29.0  -21.917  -48.270   5321.2    497.8
     1     1     7     8    23    12     0     0   -30.0  -21.989  -48.170   5365.1    494.5
     1     1     7     8    23    11     0     1   -31.0  -22.097  -48.093   5412.9    491.8
     1     1     7     8    23    10     0     2   -32.0  -22.250  -48.060   5478.3    487.9
     1     1     7     8    23     9     0     3   -33.0  -22.449  -48.074   5561.0    483.2
     1     1     7     8    23     8     0     2   -34.0  -22.676  -48.121   5655.4    477.6
     1     1     7     8    23     7     0     1   -35.0  -22.913  -48.185   5761.5    471.1
     1     1     7     8    23     6     0     0   -36.0  -23.167  -48.267   5882.0    461.6
     1     1     7     8    23     5     0     1   -37.0  -23.451  -48.374   6012.7    450.1
     1     1     7     8    23     4     0     2   -38.0  -23.765  -48.515   6135.9    440.0
     1     1     7     8    23     3     0     3   -39.0  -24.100  -48.699   6241.4    433.1
     1     1     7     8    23     2     0     2   -40.0  -24.439  -48.924   6314.9    429.9
     1     1     7     8    23     1     0     1   -41.0  -24.778  -49.186   6341.8    426.8
     1     1     7     8    23     0     0     0   -42.0  -25.118  -49.479   6325.2    423.8
     1     1     7     8    22    23     0     1   -43.0  -25.452  -49.820   6287.4    421.4
     1     1     7     8    22    22     0     2   -44.0  -25.780  -50.227   6281.4    419.7
     1     1     7     8    22    21     0     3   -45.0  -26.100  -50.701   6336.7    419.0
     1     1     7     8    22    20     0     2   -46.0  -26.411  -51.233   6392.1    411.8
     1     1     7     8    22    19     0     1   -47.0  -26.704  -51.805   6434.0    411.0
     1     1     7     8    22    18     0     0   -48.0  -26.965  -52.408   6454.8    421.9
     1     1     7     8    22    17     0     1   -49.0  -27.161  -53.026   6416.6    437.9
     1     1     7     8    22    16     0     2   -50.0  -27.290  -53.648   6298.5    446.1
     1     1     7     8    22    15     0     3   -51.0  -27.372  -54.267   6174.7    456.3
     1     1     7     8    22    14     0     2   -52.0  -27.415  -54.871   6074.5    469.8
     1     1     7     8    22    13     0     1   -53.0  -27.437  -55.469   6025.4    477.2
     1     1     7     8    22    12     0     0   -54.0  -27.454  -56.078   6023.4    481.3
     1     1     7     8    22    11     0     1   -55.0  -27.434  -56.694   6008.2    480.9
     1     1     7     8    22    10     0     2   -56.0  -27.353  -57.297   5934.5    486.7
     1     1     7     8    22     9     0     3   -57.0  -27.231  -57.881   5822.2    493.9
     1     1     7     8    22     8     0     2   -58.0  -27.095  -58.443   5732.9    503.0
     1     1     7     8    22     7     0     1   -59.0  -26.964  -58.986   5708.3    504.9
     1     1     7     8    22     6     0     0   -60.0  -26.846  -59.516   5728.7    501.6
     1     1     7     8    22     5     0     1   -61.0  -26.745  -60.027   5754.7    496.4
     1     1     7     8    22     4     0     2   -62.0  -26.658  -60.512   5772.0    496.3
     1     1     7     8    22     3     0     3   -63.0  -26.593  -60.976   5784.3    497.3
     1     1     7     8    22     2     0     2   -64.0  -26.544  -61.444   5783.9    494.0
     1     1     7     8    22     1     0     1   -65.0  -26.512  -61.933   5785.8    489.6
     1     1     7     8    22     0     0     0   -66.0  -26.497  -62.441   5807.1    489.1
     1     1     7     8    21    23     0     1   -67.0  -26.490  -62.963   5825.8    489.5
     1     1     7     8    21    22     0     2   -68.0  -26.482  -63.507   5813.7    485.7
     1     1     7     8    21    21     0     3   -69.0  -26.456  -64.092   5787.1    479.8
     1     1     7     8    21    20     0     2   -70.0  -26.393  -64.734   5735.7    467.7
     1     1     7     8    21    19     0     1   -71.0  -26.249  -65.502   5501.8    415.4
     1     1     7     8    21    18     0     0   -72.0  -25.973  -66.508   5160.7    339.7
     1     1     7     8    21    17     0     1   -73.0  -25.731  -67.738   5198.4    312.8
     1     1     7     8    21    16     0     2   -74.0  -25.484  -68.995   5387.7    315.8
     1     1     7     8    21    15     0     3   -75.0  -25.160  -69.980   5895.3    393.4
     1     1     7     8    21    14     0     2   -76.0  -24.797  -70.664   6090.8    447.6
     1     1     7     8    21    13     0     1   -77.0  -24.476  -71.226   6238.0    472.4
     1     1     7     8    21    12     0     0   -78.0  -24.143  -71.720   6273.4    468.4
     1     1     7     8    21    11     0     1   -79.0  -23.791  -72.250   6251.1    468.1
     1     1     7     8    21    10     0     2   -80.0  -23.456  -72.900   6196.6    476.0
     1     1     7     8    21     9     0     3   -81.0  -23.140  -73.655   6120.0    479.5
     1     1     7     8    21     8     0     2   -82.0  -22.829  -74.451   6085.1    481.2
     1     1     7     8    21     7     0     1   -83.0  -22.527  -75.221   6090.3    482.1
     1     1     7     8    21     6     0     0   -84.0  -22.227  -75.982   6110.5    478.6
     1     1     7     8    21     5     0     1   -85.0  -21.929  -76.740   6158.8    476.7
     1     1     7     8    21     4     0     2   -86.0  -21.642  -77.479   6184.7    474.7
     1     1     7     8    21     3     0     3   -87.0  -21.370  -78.194   6185.4    474.2
     1     1     7     8    21     2     0     2   -88.0  -21.112  -78.900   6181.7    475.4
     1     1     7     8    21     1     0     1   -89.0  -20.867  -79.604   6207.0    474.4
     1     1     7     8    21     0     0     0   -90.0  -20.642  -80.305   6260.0    471.3
     1     1     7     8    20    23     0     1   -91.0  -20.442  -81.016   6325.9    465.4
     1     1     7     8    20    22     0     2   -92.0  -20.267  -81.740   6394.1    461.7
     1     1     7     8    20    21     0     3   -93.0  -20.114  -82.468   6440.5    458.3
     1     1     7     8    20    20     0     2   -94.0  -19.974  -83.199   6469.3    456.5
     1     1     7     8    20    19     0     1   -95.0  -19.840  -83.927   6492.6    456.4
     1     1     7     8    20    18     0     0   -96.0  -19.715  -84.650   6500.0    455.6
     1     1     7     8    20    17     0     1   -97.0  -19.587  -85.366   6501.7    455.8
     1     1     7     8    20    16     0     2   -98.0  -19.445  -86.073   6502.5    456.4
     1     1     7     8    20    15     0     3   -99.0  -19.290  -86.776   6501.8    456.3
     1     1     7     8    20    14     0     2  -100.0  -19.121  -87.468   6509.1    456.0
     1     1     7     8    20    13     0     1  -101.0  -18.945  -88.147   6524.5    454.7
     1     1     7     8    20    12     0     0  -102.0  -18.764  -88.815   6544.0    453.1
     1     1     7     8    20    11     0     1  -103.0  -18.587  -89.463   6553.3    451.9
     1     1     7     8    20    10     0     2  -104.0  -18.418  -90.086   6543.7    452.2
     1     1     7     8    20     9     0     3  -105.0  -18.256  -90.691   6522.4    454.1
     1     1     7     8    20     8     0     2  -106.0  -18.102  -91.280   6491.6    456.5
     1     1     7     8    20     7     0     1  -107.0  -17.954  -91.853   6456.9    458.1
     1     1     7     8    20     6     0     0  -108.0  -17.809  -92.408   6427.3    460.5
     1     1     7     8    20     5     0     1  -109.0  -17.671  -92.947   6410.3    462.5
     1     1     7     8    20     4     0     2  -110.0  -17.542  -93.472   6413.4    462.1
     1     1     7     8    20     3     0     3  -111.0  -17.418  -93.983   6436.1    460.7
     1     1     7     8    20     2     0     2  -112.0  -17.301  -94.483   6458.6    458.3
     1     1     7     8    20     1     0     1  -113.0  -17.193  -94.972   6466.6    457.5
     1     1     7     8    20     0     0     0  -114.0  -17.094  -95.452   6470.4    457.8
     1     1     7     8    19    23     0     1  -115.0  -17.006  -95.924   6479.2    458.3
     1     1     7     8    19    22     0     2  -116.0  -16.929  -96.385   6491.8    457.1
     1     1     7     8    19    21     0     3  -117.0  -16.863  -96.834   6506.3    455.7
     1     1     7     8    19    20     0     2  -118.0  -16.802  -97.267   6520.0    455.1
     1     1     7     8    19    19     0     1  -119.0  -16.747  -97.680   6527.8    455.4
     1     1     7     8    19    18     0     0  -120.0  -16.697  -98.071   6526.6    455.9
