     7     1
    GDAS     7     7    22     0     0
    GDAS     7     8     8     0     0
    GDAS     7     8    15     0     0
    GDAS     7     8    22     0     0
    GDAS     7     8    29     0     0
    GDAS     7     8     1     0     0
    GDAS     7     7    29     0     0
     1 BACKWARD OMEGA   
     7     8    14     6  -23.561  -46.740  4000.0
     1 PRESSURE
     1     1     7     8    14     6     0     0     0.0  -23.561  -46.740   4000.0    588.2
     1     1     7     8    14     5     0     1    -1.0  -23.494  -46.634   4012.6    587.6
     1     1     7     8    14     4     0     2    -2.0  -23.444  -46.519   4053.7    583.7
     1     1     7     8    14     3     0     3    -3.0  -23.412  -46.399   4123.0    577.9
     1     1     7     8    14     2     0     2    -4.0  -23.399  -46.275   4210.5    570.4
     1     1     7     8    14     1     0     1    -5.0  -23.401  -46.142   4305.9    563.9
     1     1     7     8    14     0     0     0    -6.0  -23.415  -46.002   4412.0    557.6
     1     1     7     8    13    23     0     1    -7.0  -23.454  -45.867   4522.2    552.5
     1     1     7     8    13    22     0     2    -8.0  -23.524  -45.751   4618.2    551.0
     1     1     7     8    13    21     0     3    -9.0  -23.618  -45.651   4696.4    551.9
     1     1     7     8    13    20     0     2   -10.0  -23.719  -45.564   4769.7    555.0
     1     1     7     8    13    19     0     1   -11.0  -23.815  -45.492   4856.8    555.6
     1     1     7     8    13    18     0     0   -12.0  -23.911  -45.438   4960.5    554.6
     1     1     7     8    13    17     0     1   -13.0  -24.014  -45.394   5065.0    552.0
     1     1     7     8    13    16     0     2   -14.0  -24.134  -45.348   5138.1    547.7
     1     1     7     8    13    15     0     3   -15.0  -24.270  -45.300   5191.3    544.6
     1     1     7     8    13    14     0     2   -16.0  -24.422  -45.255   5226.9    542.9
     1     1     7     8    13    13     0     1   -17.0  -24.590  -45.219   5250.0    541.7
     1     1     7     8    13    12     0     0   -18.0  -24.773  -45.192   5263.9    541.1
     1     1     7     8    13    11     0     1   -19.0  -24.968  -45.177   5286.7    540.6
     1     1     7     8    13    10     0     2   -20.0  -25.176  -45.178   5334.0    536.8
     1     1     7     8    13     9     0     3   -21.0  -25.404  -45.197   5405.2    531.4
     1     1     7     8    13     8     0     2   -22.0  -25.648  -45.231   5490.1    524.8
     1     1     7     8    13     7     0     1   -23.0  -25.900  -45.283   5580.0    518.6
     1     1     7     8    13     6     0     0   -24.0  -26.160  -45.362   5673.8    512.3
     1     1     7     8    13     5     0     1   -25.0  -26.426  -45.459   5770.5    506.3
     1     1     7     8    13     4     0     2   -26.0  -26.702  -45.570   5874.1    499.8
     1     1     7     8    13     3     0     3   -27.0  -26.989  -45.703   5988.8    492.4
     1     1     7     8    13     2     0     2   -28.0  -27.294  -45.867   6104.7    484.0
     1     1     7     8    13     1     0     1   -29.0  -27.614  -46.068   6200.0    477.4
     1     1     7     8    13     0     0     0   -30.0  -27.943  -46.309   6260.1    472.8
     1     1     7     8    12    23     0     1   -31.0  -28.269  -46.590   6304.8    470.5
     1     1     7     8    12    22     0     2   -32.0  -28.591  -46.912   6364.6    467.2
     1     1     7     8    12    21     0     3   -33.0  -28.907  -47.277   6443.7    462.4
     1     1     7     8    12    20     0     2   -34.0  -29.215  -47.693   6518.2    455.7
     1     1     7     8    12    19     0     1   -35.0  -29.511  -48.162   6576.9    452.7
     1     1     7     8    12    18     0     0   -36.0  -29.785  -48.673   6605.6    451.9
     1     1     7     8    12    17     0     1   -37.0  -30.031  -49.209   6604.8    452.6
     1     1     7     8    12    16     0     2   -38.0  -30.253  -49.758   6603.3    452.1
     1     1     7     8    12    15     0     3   -39.0  -30.453  -50.321   6603.7    451.9
     1     1     7     8    12    14     0     2   -40.0  -30.629  -50.903   6603.8    451.7
     1     1     7     8    12    13     0     1   -41.0  -30.786  -51.505   6585.5    450.5
     1     1     7     8    12    12     0     0   -42.0  -30.929  -52.127   6549.8    448.1
     1     1     7     8    12    11     0     1   -43.0  -31.070  -52.779   6509.9    445.9
     1     1     7     8    12    10     0     2   -44.0  -31.214  -53.468   6489.1    445.0
     1     1     7     8    12     9     0     3   -45.0  -31.342  -54.183   6474.4    445.9
     1     1     7     8    12     8     0     2   -46.0  -31.426  -54.917   6471.2    451.6
     1     1     7     8    12     7     0     1   -47.0  -31.460  -55.667   6435.6    451.2
     1     1     7     8    12     6     0     0   -48.0  -31.456  -56.420   6428.2    451.9
     1     1     7     8    12     5     0     1   -49.0  -31.394  -57.158   6434.4    455.4
     1     1     7     8    12     4     0     2   -50.0  -31.281  -57.873   6425.1    458.6
     1     1     7     8    12     3     0     3   -51.0  -31.148  -58.558   6379.4    461.3
     1     1     7     8    12     2     0     2   -52.0  -30.997  -59.213   6293.3    466.6
     1     1     7     8    12     1     0     1   -53.0  -30.820  -59.845   6193.8    474.2
     1     1     7     8    12     0     0     0   -54.0  -30.627  -60.452   6112.2    480.7
     1     1     7     8    11    23     0     1   -55.0  -30.438  -61.029   6059.5    482.9
     1     1     7     8    11    22     0     2   -56.0  -30.261  -61.572   6026.4    482.5
     1     1     7     8    11    21     0     3   -57.0  -30.091  -62.081   5995.9    484.2
     1     1     7     8    11    20     0     2   -58.0  -29.924  -62.573   5952.0    484.8
     1     1     7     8    11    19     0     1   -59.0  -29.764  -63.067   5910.7    484.0
     1     1     7     8    11    18     0     0   -60.0  -29.618  -63.570   5885.5    482.2
     1     1     7     8    11    17     0     1   -61.0  -29.478  -64.091   5890.8    481.5
     1     1     7     8    11    16     0     2   -62.0  -29.333  -64.639   5893.7    478.0
     1     1     7     8    11    15     0     3   -63.0  -29.180  -65.219   5891.8    473.3
     1     1     7     8    11    14     0     2   -64.0  -29.009  -65.830   5864.4    471.0
     1     1     7     8    11    13     0     1   -65.0  -28.805  -66.505   5660.8    448.1
     1     1     7     8    11    12     0     0   -66.0  -28.547  -67.318   5511.8    419.1
     1     1     7     8    11    11     0     1   -67.0  -28.205  -68.389   5232.9    339.8
     1     1     7     8    11    10     0     2   -68.0  -27.759  -69.741   5504.5    354.7
     1     1     7     8    11     9     0     3   -69.0  -27.355  -70.606   5865.9    443.5
     1     1     7     8    11     8     0     2   -70.0  -26.997  -71.154   5881.0    487.9
     1     1     7     8    11     7     0     1   -71.0  -26.655  -71.606   5791.5    501.0
     1     1     7     8    11     6     0     0   -72.0  -26.320  -72.022   5759.0    507.5
     1     1     7     8    11     5     0     1   -73.0  -25.995  -72.417   5718.7    506.6
     1     1     7     8    11     4     0     2   -74.0  -25.677  -72.805   5657.6    508.4
     1     1     7     8    11     3     0     3   -75.0  -25.367  -73.170   5581.4    513.0
     1     1     7     8    11     2     0     2   -76.0  -25.063  -73.497   5503.1    520.5
     1     1     7     8    11     1     0     1   -77.0  -24.766  -73.795   5431.8    527.2
     1     1     7     8    11     0     0     0   -78.0  -24.480  -74.070   5370.8    531.1
     1     1     7     8    10    23     0     1   -79.0  -24.208  -74.325   5317.0    533.1
     1     1     7     8    10    22     0     2   -80.0  -23.951  -74.559   5262.7    536.1
     1     1     7     8    10    21     0     3   -81.0  -23.713  -74.767   5201.3    540.9
     1     1     7     8    10    20     0     2   -82.0  -23.498  -74.944   5164.3    547.2
     1     1     7     8    10    19     0     1   -83.0  -23.296  -75.099   5173.2    546.7
     1     1     7     8    10    18     0     0   -84.0  -23.092  -75.237   5213.5    543.5
     1     1     7     8    10    17     0     1   -85.0  -22.899  -75.367   5262.5    538.4
     1     1     7     8    10    16     0     2   -86.0  -22.736  -75.491   5307.0    534.8
     1     1     7     8    10    15     0     3   -87.0  -22.596  -75.603   5350.3    531.5
     1     1     7     8    10    14     0     2   -88.0  -22.477  -75.710   5378.1    528.0
     1     1     7     8    10    13     0     1   -89.0  -22.392  -75.818   5376.2    527.6
     1     1     7     8    10    12     0     0   -90.0  -22.348  -75.919   5345.5    529.2
     1     1     7     8    10    11     0     1   -91.0  -22.351  -76.021   5307.2    532.7
     1     1     7     8    10    10     0     2   -92.0  -22.404  -76.139   5282.7    534.4
     1     1     7     8    10     9     0     3   -93.0  -22.509  -76.276   5273.1    535.2
     1     1     7     8    10     8     0     2   -94.0  -22.654  -76.436   5292.0    535.6
     1     1     7     8    10     7     0     1   -95.0  -22.823  -76.620   5350.9    532.9
     1     1     7     8    10     6     0     0   -96.0  -23.021  -76.828   5452.2    527.8
     1     1     7     8    10     5     0     1   -97.0  -23.257  -77.063   5558.0    518.5
     1     1     7     8    10     4     0     2   -98.0  -23.535  -77.330   5640.3    511.5
     1     1     7     8    10     3     0     3   -99.0  -23.853  -77.627   5719.6    505.6
     1     1     7     8    10     2     0     2  -100.0  -24.212  -77.962   5837.4    499.1
     1     1     7     8    10     1     0     1  -101.0  -24.603  -78.352   6018.8    487.2
     1     1     7     8    10     0     0     0  -102.0  -25.030  -78.812   6243.8    471.5
     1     1     7     8     9    23     0     1  -103.0  -25.499  -79.332   6481.9    454.9
     1     1     7     8     9    22     0     2  -104.0  -26.021  -79.896   6721.0    441.5
     1     1     7     8     9    21     0     3  -105.0  -26.603  -80.507   6975.5    425.8
     1     1     7     8     9    20     0     2  -106.0  -27.236  -81.166   7270.3    409.2
     1     1     7     8     9    19     0     1  -107.0  -27.917  -81.867   7616.0    390.7
     1     1     7     8     9    18     0     0  -108.0  -28.638  -82.599   7968.1    369.9
     1     1     7     8     9    17     0     1  -109.0  -29.374  -83.356   8274.0    352.7
     1     1     7     8     9    16     0     2  -110.0  -30.138  -84.127   8521.9    340.8
     1     1     7     8     9    15     0     3  -111.0  -30.938  -84.903   8768.4    328.8
     1     1     7     8     9    14     0     2  -112.0  -31.748  -85.719   9020.0    316.6
     1     1     7     8     9    13     0     1  -113.0  -32.585  -86.583   9226.7    306.1
     1     1     7     8     9    12     0     0  -114.0  -33.433  -87.492   9375.0    298.9
     1     1     7     8     9    11     0     1  -115.0  -34.236  -88.469   9448.5    295.8
     1     1     7     8     9    10     0     2  -116.0  -35.028  -89.508   9489.8    294.2
     1     1     7     8     9     9     0     3  -117.0  -35.814  -90.595   9470.8    294.2
     1     1     7     8     9     8     0     2  -118.0  -36.535  -91.717   9380.7    299.9
     1     1     7     8     9     7     0     1  -119.0  -37.180  -92.911   9323.5    302.7
     1     1     7     8     9     6     0     0  -120.0  -37.732  -94.201   9256.5    305.4
