     7     1
    GDAS     7     7    22     0     0
    GDAS     7     8     8     0     0
    GDAS     7     8    15     0     0
    GDAS     7     8    22     0     0
    GDAS     7     8    29     0     0
    GDAS     7     8     1     0     0
    GDAS     7     7    29     0     0
     1 BACKWARD OMEGA   
     7     8    31    12  -23.561  -46.740  4000.0
     1 PRESSURE
     1     1     7     8    31    12     0     0     0.0  -23.561  -46.740   4000.0    588.7
     1     1     7     8    31    11     0     1    -1.0  -23.654  -47.118   3990.9    587.0
     1     1     7     8    31    10     0     2    -2.0  -23.711  -47.499   3970.0    588.3
     1     1     7     8    31     9     0     3    -3.0  -23.731  -47.874   3926.4    590.6
     1     1     7     8    31     8     0     2    -4.0  -23.724  -48.239   3848.8    594.1
     1     1     7     8    31     7     0     1    -5.0  -23.697  -48.591   3743.1    600.0
     1     1     7     8    31     6     0     0    -6.0  -23.653  -48.932   3630.6    606.1
     1     1     7     8    31     5     0     1    -7.0  -23.597  -49.257   3535.6    615.2
     1     1     7     8    31     4     0     2    -8.0  -23.525  -49.555   3454.9    624.0
     1     1     7     8    31     3     0     3    -9.0  -23.432  -49.819   3373.4    633.9
     1     1     7     8    31     2     0     2   -10.0  -23.325  -50.049   3281.9    645.3
     1     1     7     8    31     1     0     1   -11.0  -23.210  -50.255   3180.2    656.8
     1     1     7     8    31     0     0     0   -12.0  -23.086  -50.444   3081.6    668.2
     1     1     7     8    30    23     0     1   -13.0  -22.953  -50.622   3018.3    677.5
     1     1     7     8    30    22     0     2   -14.0  -22.819  -50.798   3007.5    677.8
     1     1     7     8    30    21     0     3   -15.0  -22.696  -50.979   3037.0    674.7
     1     1     7     8    30    20     0     2   -16.0  -22.581  -51.162   3068.8    671.4
     1     1     7     8    30    19     0     1   -17.0  -22.469  -51.341   3071.4    673.8
     1     1     7     8    30    18     0     0   -18.0  -22.363  -51.520   3049.2    678.7
     1     1     7     8    30    17     0     1   -19.0  -22.259  -51.693   3020.0    685.3
     1     1     7     8    30    16     0     2   -20.0  -22.153  -51.858   2998.7    690.3
     1     1     7     8    30    15     0     3   -21.0  -22.044  -52.011   2986.4    694.4
     1     1     7     8    30    14     0     2   -22.0  -21.931  -52.163   2964.1    694.3
     1     1     7     8    30    13     0     1   -23.0  -21.812  -52.324   2924.0    696.6
     1     1     7     8    30    12     0     0   -24.0  -21.687  -52.493   2869.5    700.4
     1     1     7     8    30    11     0     1   -25.0  -21.548  -52.671   2813.7    705.4
     1     1     7     8    30    10     0     2   -26.0  -21.386  -52.853   2767.1    708.9
     1     1     7     8    30     9     0     3   -27.0  -21.204  -53.032   2725.5    712.2
     1     1     7     8    30     8     0     2   -28.0  -21.010  -53.196   2692.4    714.6
     1     1     7     8    30     7     0     1   -29.0  -20.810  -53.343   2673.8    713.6
     1     1     7     8    30     6     0     0   -30.0  -20.599  -53.473   2665.7    711.5
     1     1     7     8    30     5     0     1   -31.0  -20.386  -53.585   2656.3    709.1
     1     1     7     8    30     4     0     2   -32.0  -20.178  -53.682   2636.8    708.4
     1     1     7     8    30     3     0     3   -33.0  -19.976  -53.764   2607.4    708.6
     1     1     7     8    30     2     0     2   -34.0  -19.775  -53.825   2588.2    710.2
     1     1     7     8    30     1     0     1   -35.0  -19.567  -53.865   2601.6    708.8
     1     1     7     8    30     0     0     0   -36.0  -19.345  -53.885   2658.2    704.1
     1     1     7     8    29    23     0     1   -37.0  -19.114  -53.878   2746.1    694.5
     1     1     7     8    29    22     0     2   -38.0  -18.887  -53.834   2836.0    685.1
     1     1     7     8    29    21     0     3   -39.0  -18.673  -53.761   2904.4    677.5
     1     1     7     8    29    20     0     2   -40.0  -18.475  -53.677   2941.3    673.7
     1     1     7     8    29    19     0     1   -41.0  -18.295  -53.598   2951.1    672.0
     1     1     7     8    29    18     0     0   -42.0  -18.133  -53.527   2939.0    671.9
     1     1     7     8    29    17     0     1   -43.0  -17.980  -53.461   2918.5    673.2
     1     1     7     8    29    16     0     2   -44.0  -17.828  -53.398   2905.6    673.5
     1     1     7     8    29    15     0     3   -45.0  -17.671  -53.341   2907.3    673.2
     1     1     7     8    29    14     0     2   -46.0  -17.515  -53.286   2915.9    671.2
     1     1     7     8    29    13     0     1   -47.0  -17.365  -53.227   2919.0    670.9
     1     1     7     8    29    12     0     0   -48.0  -17.215  -53.161   2917.4    671.4
     1     1     7     8    29    11     0     1   -49.0  -17.062  -53.082   2919.7    672.2
     1     1     7     8    29    10     0     2   -50.0  -16.905  -52.987   2932.5    671.7
     1     1     7     8    29     9     0     3   -51.0  -16.746  -52.870   2953.4    670.1
     1     1     7     8    29     8     0     2   -52.0  -16.590  -52.732   2987.3    669.1
     1     1     7     8    29     7     0     1   -53.0  -16.441  -52.571   3038.4    667.3
     1     1     7     8    29     6     0     0   -54.0  -16.296  -52.386   3107.6    665.0
     1     1     7     8    29     5     0     1   -55.0  -16.162  -52.185   3189.0    662.5
     1     1     7     8    29     4     0     2   -56.0  -16.047  -51.979   3271.3    660.3
     1     1     7     8    29     3     0     3   -57.0  -15.956  -51.764   3336.9    655.3
     1     1     7     8    29     2     0     2   -58.0  -15.892  -51.543   3389.7    650.7
     1     1     7     8    29     1     0     1   -59.0  -15.852  -51.324   3442.2    646.1
     1     1     7     8    29     0     0     0   -60.0  -15.828  -51.110   3501.2    641.0
     1     1     7     8    28    23     0     1   -61.0  -15.820  -50.901   3561.9    633.1
     1     1     7     8    28    22     0     2   -62.0  -15.830  -50.701   3616.1    624.0
     1     1     7     8    28    21     0     3   -63.0  -15.852  -50.513   3662.1    615.9
     1     1     7     8    28    20     0     2   -64.0  -15.876  -50.344   3697.2    609.6
     1     1     7     8    28    19     0     1   -65.0  -15.897  -50.199   3722.0    605.0
     1     1     7     8    28    18     0     0   -66.0  -15.913  -50.081   3740.2    601.4
     1     1     7     8    28    17     0     1   -67.0  -15.922  -49.987   3758.1    598.7
     1     1     7     8    28    16     0     2   -68.0  -15.924  -49.912   3780.7    596.1
     1     1     7     8    28    15     0     3   -69.0  -15.924  -49.861   3808.2    593.4
     1     1     7     8    28    14     0     2   -70.0  -15.917  -49.828   3837.7    590.4
     1     1     7     8    28    13     0     1   -71.0  -15.900  -49.809   3865.4    588.1
     1     1     7     8    28    12     0     0   -72.0  -15.874  -49.803   3891.6    586.1
     1     1     7     8    28    11     0     1   -73.0  -15.841  -49.812   3916.8    584.4
     1     1     7     8    28    10     0     2   -74.0  -15.804  -49.838   3942.7    582.8
     1     1     7     8    28     9     0     3   -75.0  -15.764  -49.881   3970.9    581.3
     1     1     7     8    28     8     0     2   -76.0  -15.715  -49.931   4005.2    580.2
     1     1     7     8    28     7     0     1   -77.0  -15.656  -49.979   4048.9    578.1
     1     1     7     8    28     6     0     0   -78.0  -15.586  -50.028   4102.9    575.6
     1     1     7     8    28     5     0     1   -79.0  -15.505  -50.069   4160.7    572.8
     1     1     7     8    28     4     0     2   -80.0  -15.410  -50.094   4214.2    570.5
     1     1     7     8    28     3     0     3   -81.0  -15.303  -50.098   4261.9    568.4
     1     1     7     8    28     2     0     2   -82.0  -15.195  -50.086   4303.7    566.0
     1     1     7     8    28     1     0     1   -83.0  -15.096  -50.063   4339.2    563.7
     1     1     7     8    28     0     0     0   -84.0  -15.010  -50.028   4366.8    561.5
     1     1     7     8    27    23     0     1   -85.0  -14.947  -49.988   4382.6    559.8
     1     1     7     8    27    22     0     2   -86.0  -14.913  -49.950   4382.2    559.6
     1     1     7     8    27    21     0     3   -87.0  -14.907  -49.912   4364.8    560.3
     1     1     7     8    27    20     0     2   -88.0  -14.915  -49.882   4342.7    562.5
     1     1     7     8    27    19     0     1   -89.0  -14.925  -49.872   4327.7    563.5
     1     1     7     8    27    18     0     0   -90.0  -14.936  -49.882   4320.1    564.1
     1     1     7     8    27    17     0     1   -91.0  -14.943  -49.908   4320.4    564.3
     1     1     7     8    27    16     0     2   -92.0  -14.941  -49.942   4329.0    564.0
     1     1     7     8    27    15     0     3   -93.0  -14.932  -49.985   4346.6    563.3
     1     1     7     8    27    14     0     2   -94.0  -14.918  -50.033   4373.4    562.2
     1     1     7     8    27    13     0     1   -95.0  -14.899  -50.087   4407.1    561.0
     1     1     7     8    27    12     0     0   -96.0  -14.877  -50.145   4445.5    559.5
     1     1     7     8    27    11     0     1   -97.0  -14.850  -50.199   4486.4    557.4
     1     1     7     8    27    10     0     2   -98.0  -14.819  -50.241   4528.6    555.1
     1     1     7     8    27     9     0     3   -99.0  -14.783  -50.273   4572.0    552.6
     1     1     7     8    27     8     0     2  -100.0  -14.738  -50.300   4609.0    550.5
     1     1     7     8    27     7     0     1  -101.0  -14.683  -50.326   4632.0    549.9
     1     1     7     8    27     6     0     0  -102.0  -14.617  -50.347   4640.5    550.3
     1     1     7     8    27     5     0     1  -103.0  -14.546  -50.360   4640.1    552.0
     1     1     7     8    27     4     0     2  -104.0  -14.474  -50.362   4636.1    553.3
     1     1     7     8    27     3     0     3  -105.0  -14.402  -50.354   4627.2    554.8
     1     1     7     8    27     2     0     2  -106.0  -14.339  -50.345   4629.3    556.1
     1     1     7     8    27     1     0     1  -107.0  -14.290  -50.348   4659.4    554.4
     1     1     7     8    27     0     0     0  -108.0  -14.249  -50.360   4717.7    550.8
     1     1     7     8    26    23     0     1  -109.0  -14.191  -50.376   4782.4    545.3
     1     1     7     8    26    22     0     2  -110.0  -14.102  -50.386   4832.6    542.5
     1     1     7     8    26    21     0     3  -111.0  -13.986  -50.391   4869.0    540.6
     1     1     7     8    26    20     0     2  -112.0  -13.865  -50.391   4892.8    539.7
     1     1     7     8    26    19     0     1  -113.0  -13.754  -50.386   4908.9    539.0
     1     1     7     8    26    18     0     0  -114.0  -13.654  -50.378   4918.3    538.8
     1     1     7     8    26    17     0     1  -115.0  -13.568  -50.366   4926.3    538.9
     1     1     7     8    26    16     0     2  -116.0  -13.496  -50.352   4938.7    538.3
     1     1     7     8    26    15     0     3  -117.0  -13.438  -50.332   4956.2    537.4
     1     1     7     8    26    14     0     2  -118.0  -13.385  -50.317   4983.4    535.7
     1     1     7     8    26    13     0     1  -119.0  -13.332  -50.315   5023.3    533.1
     1     1     7     8    26    12     0     0  -120.0  -13.279  -50.326   5073.7    529.9
