     7     1
    GDAS     7     7    22     0     0
    GDAS     7     8     8     0     0
    GDAS     7     8    15     0     0
    GDAS     7     8    22     0     0
    GDAS     7     8    29     0     0
    GDAS     7     8     1     0     0
    GDAS     7     7    29     0     0
     1 BACKWARD OMEGA   
     7     8     2    18  -23.561  -46.740  4000.0
     1 PRESSURE
     1     1     7     8     2    18     0     0     0.0  -23.561  -46.740   4000.0    587.2
     1     1     7     8     2    17     0     1    -1.0  -23.509  -47.084   4026.8    582.3
     1     1     7     8     2    16     0     2    -2.0  -23.474  -47.421   4048.2    582.5
     1     1     7     8     2    15     0     3    -3.0  -23.457  -47.745   4061.9    583.8
     1     1     7     8     2    14     0     2    -4.0  -23.455  -48.073   4075.4    583.8
     1     1     7     8     2    13     0     1    -5.0  -23.455  -48.430   4085.0    578.4
     1     1     7     8     2    12     0     0    -6.0  -23.448  -48.820   4094.4    572.6
     1     1     7     8     2    11     0     1    -7.0  -23.428  -49.229   4113.6    571.0
     1     1     7     8     2    10     0     2    -8.0  -23.398  -49.633   4147.1    572.7
     1     1     7     8     2     9     0     3    -9.0  -23.356  -50.026   4191.5    573.8
     1     1     7     8     2     8     0     2   -10.0  -23.291  -50.421   4235.9    572.4
     1     1     7     8     2     7     0     1   -11.0  -23.197  -50.831   4275.5    571.8
     1     1     7     8     2     6     0     0   -12.0  -23.075  -51.245   4306.4    573.6
     1     1     7     8     2     5     0     1   -13.0  -22.930  -51.648   4325.7    576.9
     1     1     7     8     2     4     0     2   -14.0  -22.770  -52.024   4338.7    580.3
     1     1     7     8     2     3     0     3   -15.0  -22.599  -52.369   4346.5    581.3
     1     1     7     8     2     2     0     2   -16.0  -22.419  -52.693   4347.6    580.6
     1     1     7     8     2     1     0     1   -17.0  -22.232  -53.007   4331.7    581.0
     1     1     7     8     2     0     0     0   -18.0  -22.045  -53.305   4301.6    584.8
     1     1     7     8     1    23     0     1   -19.0  -21.850  -53.582   4259.5    589.6
     1     1     7     8     1    22     0     2   -20.0  -21.644  -53.847   4222.4    591.1
     1     1     7     8     1    21     0     3   -21.0  -21.433  -54.112   4194.3    589.7
     1     1     7     8     1    20     0     2   -22.0  -21.220  -54.372   4181.8    587.6
     1     1     7     8     1    19     0     1   -23.0  -21.008  -54.618   4187.9    586.3
     1     1     7     8     1    18     0     0   -24.0  -20.796  -54.849   4217.1    585.5
     1     1     7     8     1    17     0     1   -25.0  -20.590  -55.062   4249.4    584.3
     1     1     7     8     1    16     0     2   -26.0  -20.398  -55.255   4262.9    586.7
     1     1     7     8     1    15     0     3   -27.0  -20.225  -55.431   4254.4    591.0
     1     1     7     8     1    14     0     2   -28.0  -20.069  -55.599   4234.8    596.6
     1     1     7     8     1    13     0     1   -29.0  -19.926  -55.763   4214.7    601.3
     1     1     7     8     1    12     0     0   -30.0  -19.797  -55.928   4197.3    605.5
     1     1     7     8     1    11     0     1   -31.0  -19.672  -56.087   4184.9    607.8
     1     1     7     8     1    10     0     2   -32.0  -19.540  -56.232   4180.9    608.2
     1     1     7     8     1     9     0     3   -33.0  -19.402  -56.360   4187.9    607.6
     1     1     7     8     1     8     0     2   -34.0  -19.264  -56.477   4200.0    606.8
     1     1     7     8     1     7     0     1   -35.0  -19.131  -56.590   4211.9    606.3
     1     1     7     8     1     6     0     0   -36.0  -18.999  -56.707   4225.8    605.7
     1     1     7     8     1     5     0     1   -37.0  -18.869  -56.821   4237.0    604.4
     1     1     7     8     1     4     0     2   -38.0  -18.741  -56.925   4239.5    604.1
     1     1     7     8     1     3     0     3   -39.0  -18.610  -57.025   4230.8    604.6
     1     1     7     8     1     2     0     2   -40.0  -18.480  -57.120   4224.3    605.3
     1     1     7     8     1     1     0     1   -41.0  -18.360  -57.209   4236.3    603.5
     1     1     7     8     1     0     0     0   -42.0  -18.249  -57.295   4268.1    600.1
     1     1     7     7    31    23     0     1   -43.0  -18.140  -57.375   4310.6    595.2
     1     1     7     7    31    22     0     2   -44.0  -18.025  -57.438   4354.9    590.7
     1     1     7     7    31    21     0     3   -45.0  -17.901  -57.482   4400.8    586.9
     1     1     7     7    31    20     0     2   -46.0  -17.774  -57.507   4437.0    584.2
     1     1     7     7    31    19     0     1   -47.0  -17.651  -57.521   4456.6    583.6
     1     1     7     7    31    18     0     0   -48.0  -17.537  -57.526   4463.1    583.9
     1     1     7     7    31    17     0     1   -49.0  -17.436  -57.526   4463.1    585.1
     1     1     7     7    31    16     0     2   -50.0  -17.348  -57.525   4462.2    585.9
     1     1     7     7    31    15     0     3   -51.0  -17.274  -57.525   4460.2    586.7
     1     1     7     7    31    14     0     2   -52.0  -17.207  -57.530   4467.4    587.2
     1     1     7     7    31    13     0     1   -53.0  -17.141  -57.539   4494.5    585.4
     1     1     7     7    31    12     0     0   -54.0  -17.075  -57.556   4542.1    582.1
     1     1     7     7    31    11     0     1   -55.0  -17.009  -57.575   4599.7    577.1
     1     1     7     7    31    10     0     2   -56.0  -16.944  -57.591   4653.9    572.5
     1     1     7     7    31     9     0     3   -57.0  -16.880  -57.602   4705.7    568.1
     1     1     7     7    31     8     0     2   -58.0  -16.819  -57.613   4750.5    564.3
     1     1     7     7    31     7     0     1   -59.0  -16.768  -57.631   4782.7    561.7
     1     1     7     7    31     6     0     0   -60.0  -16.725  -57.656   4800.1    560.1
     1     1     7     7    31     5     0     1   -61.0  -16.680  -57.678   4809.0    560.0
     1     1     7     7    31     4     0     2   -62.0  -16.625  -57.688   4816.8    559.4
     1     1     7     7    31     3     0     3   -63.0  -16.560  -57.684   4825.0    558.8
     1     1     7     7    31     2     0     2   -64.0  -16.481  -57.668   4834.7    557.6
     1     1     7     7    31     1     0     1   -65.0  -16.388  -57.639   4846.0    556.2
     1     1     7     7    31     0     0     0   -66.0  -16.283  -57.596   4858.8    554.7
     1     1     7     7    30    23     0     1   -67.0  -16.174  -57.541   4871.3    552.9
     1     1     7     7    30    22     0     2   -68.0  -16.069  -57.479   4880.8    551.4
     1     1     7     7    30    21     0     3   -69.0  -15.967  -57.412   4885.9    550.3
     1     1     7     7    30    20     0     2   -70.0  -15.876  -57.345   4895.0    550.1
     1     1     7     7    30    19     0     1   -71.0  -15.799  -57.280   4914.2    548.6
     1     1     7     7    30    18     0     0   -72.0  -15.735  -57.215   4940.6    546.7
     1     1     7     7    30    17     0     1   -73.0  -15.681  -57.150   4967.5    544.8
     1     1     7     7    30    16     0     2   -74.0  -15.636  -57.089   4991.0    543.5
     1     1     7     7    30    15     0     3   -75.0  -15.599  -57.032   5012.7    542.4
     1     1     7     7    30    14     0     2   -76.0  -15.574  -56.980   5037.5    541.0
     1     1     7     7    30    13     0     1   -77.0  -15.561  -56.932   5071.0    538.6
     1     1     7     7    30    12     0     0   -78.0  -15.561  -56.890   5115.9    535.5
     1     1     7     7    30    11     0     1   -79.0  -15.570  -56.847   5162.6    531.2
     1     1     7     7    30    10     0     2   -80.0  -15.583  -56.798   5199.9    528.2
     1     1     7     7    30     9     0     3   -81.0  -15.598  -56.742   5227.9    525.9
     1     1     7     7    30     8     0     2   -82.0  -15.613  -56.681   5244.6    524.6
     1     1     7     7    30     7     0     1   -83.0  -15.629  -56.617   5247.3    524.4
     1     1     7     7    30     6     0     0   -84.0  -15.645  -56.550   5234.7    525.2
     1     1     7     7    30     5     0     1   -85.0  -15.659  -56.479   5214.3    527.3
     1     1     7     7    30     4     0     2   -86.0  -15.669  -56.395   5194.2    528.8
     1     1     7     7    30     3     0     3   -87.0  -15.678  -56.298   5174.3    530.3
     1     1     7     7    30     2     0     2   -88.0  -15.686  -56.189   5166.8    531.3
     1     1     7     7    30     1     0     1   -89.0  -15.697  -56.071   5185.1    529.8
     1     1     7     7    30     0     0     0   -90.0  -15.711  -55.943   5228.4    525.9
     1     1     7     7    29    23     0     1   -91.0  -15.733  -55.814   5277.9    519.6
     1     1     7     7    29    22     0     2   -92.0  -15.767  -55.694   5319.3    515.3
     1     1     7     7    29    21     0     3   -93.0  -15.817  -55.584   5353.0    511.8
     1     1     7     7    29    20     0     2   -94.0  -15.881  -55.482   5388.2    509.4
     1     1     7     7    29    19     0     1   -95.0  -15.962  -55.384   5436.6    506.0
     1     1     7     7    29    18     0     0   -96.0  -16.060  -55.295   5500.6    501.6
     1     1     7     7    29    17     0     1   -97.0  -16.171  -55.223   5567.9    496.7
     1     1     7     7    29    16     0     2   -98.0  -16.292  -55.172   5628.6    493.4
     1     1     7     7    29    15     0     3   -99.0  -16.423  -55.141   5683.1    490.8
     1     1     7     7    29    14     0     2  -100.0  -16.567  -55.135   5733.6    488.6
     1     1     7     7    29    13     0     1  -101.0  -16.726  -55.157   5783.9    486.7
     1     1     7     7    29    12     0     0  -102.0  -16.896  -55.208   5837.7    484.9
     1     1     7     7    29    11     0     1  -103.0  -17.065  -55.289   5889.1    482.5
     1     1     7     7    29    10     0     2  -104.0  -17.219  -55.400   5929.4    480.7
     1     1     7     7    29     9     0     3  -105.0  -17.354  -55.533   5957.1    480.0
     1     1     7     7    29     8     0     2  -106.0  -17.479  -55.692   5975.1    480.7
     1     1     7     7    29     7     0     1  -107.0  -17.603  -55.881   5989.6    481.7
     1     1     7     7    29     6     0     0  -108.0  -17.727  -56.104   6002.4    482.7
     1     1     7     7    29     5     0     1  -109.0  -17.851  -56.353   6022.4    482.8
     1     1     7     7    29     4     0     2  -110.0  -17.979  -56.622   6062.5    480.8
     1     1     7     7    29     3     0     3  -111.0  -18.116  -56.918   6125.9    477.0
     1     1     7     7    29     2     0     2  -112.0  -18.260  -57.246   6190.3    470.1
     1     1     7     7    29     1     0     1  -113.0  -18.396  -57.599   6248.8    464.5
     1     1     7     7    29     0     0     0  -114.0  -18.514  -57.976   6313.6    458.9
     1     1     7     7    28    23     0     1  -115.0  -18.617  -58.365   6383.6    452.3
     1     1     7     7    28    22     0     2  -116.0  -18.712  -58.750   6450.5    446.4
     1     1     7     7    28    21     0     3  -117.0  -18.799  -59.129   6505.2    441.8
     1     1     7     7    28    20     0     2  -118.0  -18.882  -59.508   6552.5    439.4
     1     1     7     7    28    19     0     1  -119.0  -18.970  -59.905   6600.4    435.9
     1     1     7     7    28    18     0     0  -120.0  -19.062  -60.325   6656.7    433.0
