     7     1
    GDAS     7     7    22     0     0
    GDAS     7     8     8     0     0
    GDAS     7     8    15     0     0
    GDAS     7     8    22     0     0
    GDAS     7     8    29     0     0
    GDAS     7     8     1     0     0
    GDAS     7     7    29     0     0
     1 BACKWARD OMEGA   
     7     8     8     6  -23.561  -46.740  4000.0
     1 PRESSURE
     1     1     7     8     8     6     0     0     0.0  -23.561  -46.740   4000.0    585.8
     1     1     7     8     8     5     0     1    -1.0  -23.271  -47.253   3943.6    588.3
     1     1     7     8     8     4     0     2    -2.0  -22.946  -47.746   3940.9    594.8
     1     1     7     8     8     3     0     3    -3.0  -22.598  -48.210   3947.3    594.2
     1     1     7     8     8     2     0     2    -4.0  -22.237  -48.638   3960.5    592.4
     1     1     7     8     8     1     0     1    -5.0  -21.868  -49.025   3974.1    595.6
     1     1     7     8     8     0     0     0    -6.0  -21.496  -49.377   3957.0    597.5
     1     1     7     8     7    23     0     1    -7.0  -21.121  -49.700   3927.5    601.2
     1     1     7     8     7    22     0     2    -8.0  -20.740  -49.995   3904.9    604.6
     1     1     7     8     7    21     0     3    -9.0  -20.355  -50.257   3894.3    607.5
     1     1     7     8     7    20     0     2   -10.0  -19.967  -50.483   3882.1    609.5
     1     1     7     8     7    19     0     1   -11.0  -19.571  -50.672   3854.7    609.4
     1     1     7     8     7    18     0     0   -12.0  -19.169  -50.820   3807.9    610.5
     1     1     7     8     7    17     0     1   -13.0  -18.773  -50.919   3759.2    612.7
     1     1     7     8     7    16     0     2   -14.0  -18.386  -50.971   3744.3    609.5
     1     1     7     8     7    15     0     3   -15.0  -18.001  -50.979   3778.7    601.9
     1     1     7     8     7    14     0     2   -16.0  -17.615  -50.952   3841.9    595.3
     1     1     7     8     7    13     0     1   -17.0  -17.235  -50.896   3882.0    592.9
     1     1     7     8     7    12     0     0   -18.0  -16.872  -50.810   3896.6    593.3
     1     1     7     8     7    11     0     1   -19.0  -16.537  -50.698   3892.6    596.5
     1     1     7     8     7    10     0     2   -20.0  -16.226  -50.555   3874.5    598.4
     1     1     7     8     7     9     0     3   -21.0  -15.926  -50.373   3845.5    598.9
     1     1     7     8     7     8     0     2   -22.0  -15.623  -50.156   3816.3    599.6
     1     1     7     8     7     7     0     1   -23.0  -15.310  -49.909   3790.8    599.3
     1     1     7     8     7     6     0     0   -24.0  -14.996  -49.625   3770.0    601.3
     1     1     7     8     7     5     0     1   -25.0  -14.686  -49.313   3760.2    604.5
     1     1     7     8     7     4     0     2   -26.0  -14.377  -48.976   3767.7    605.3
     1     1     7     8     7     3     0     3   -27.0  -14.070  -48.600   3792.5    604.5
     1     1     7     8     7     2     0     2   -28.0  -13.774  -48.186   3839.6    603.1
     1     1     7     8     7     1     0     1   -29.0  -13.489  -47.738   3902.5    601.2
     1     1     7     8     7     0     0     0   -30.0  -13.218  -47.259   3959.7    596.7
     1     1     7     8     6    23     0     1   -31.0  -12.971  -46.769   3988.9    589.5
     1     1     7     8     6    22     0     2   -32.0  -12.760  -46.291   3982.7    581.2
     1     1     7     8     6    21     0     3   -33.0  -12.574  -45.831   3980.3    577.7
     1     1     7     8     6    20     0     2   -34.0  -12.401  -45.373   4012.9    579.6
     1     1     7     8     6    19     0     1   -35.0  -12.238  -44.903   4074.8    579.2
     1     1     7     8     6    18     0     0   -36.0  -12.086  -44.418   4154.9    577.8
     1     1     7     8     6    17     0     1   -37.0  -11.958  -43.913   4227.7    574.1
     1     1     7     8     6    16     0     2   -38.0  -11.866  -43.398   4259.9    567.8
     1     1     7     8     6    15     0     3   -39.0  -11.811  -42.880   4264.4    563.7
     1     1     7     8     6    14     0     2   -40.0  -11.779  -42.366   4238.9    556.9
     1     1     7     8     6    13     0     1   -41.0  -11.758  -41.861   4207.0    555.2
     1     1     7     8     6    12     0     0   -42.0  -11.745  -41.357   4189.7    563.1
     1     1     7     8     6    11     0     1   -43.0  -11.748  -40.853   4173.2    571.6
     1     1     7     8     6    10     0     2   -44.0  -11.774  -40.355   4169.0    581.2
     1     1     7     8     6     9     0     3   -45.0  -11.826  -39.868   4168.7    589.3
     1     1     7     8     6     8     0     2   -46.0  -11.897  -39.390   4158.8    594.1
     1     1     7     8     6     7     0     1   -47.0  -11.980  -38.921   4136.8    600.3
     1     1     7     8     6     6     0     0   -48.0  -12.077  -38.456   4106.8    609.1
     1     1     7     8     6     5     0     1   -49.0  -12.182  -37.991   4084.6    619.2
     1     1     7     8     6     4     0     2   -50.0  -12.277  -37.527   4076.8    623.5
     1     1     7     8     6     3     0     3   -51.0  -12.358  -37.062   4088.8    625.2
     1     1     7     8     6     2     0     2   -52.0  -12.431  -36.596   4112.9    622.8
     1     1     7     8     6     1     0     1   -53.0  -12.504  -36.134   4142.3    620.2
     1     1     7     8     6     0     0     0   -54.0  -12.585  -35.679   4172.6    618.0
     1     1     7     8     5    23     0     1   -55.0  -12.674  -35.244   4200.0    615.3
     1     1     7     8     5    22     0     2   -56.0  -12.774  -34.837   4224.3    613.4
     1     1     7     8     5    21     0     3   -57.0  -12.885  -34.460   4250.0    611.7
     1     1     7     8     5    20     0     2   -58.0  -13.002  -34.103   4284.5    610.4
     1     1     7     8     5    19     0     1   -59.0  -13.126  -33.758   4330.1    606.6
     1     1     7     8     5    18     0     0   -60.0  -13.260  -33.422   4381.7    602.4
     1     1     7     8     5    17     0     1   -61.0  -13.405  -33.093   4427.8    598.2
     1     1     7     8     5    16     0     2   -62.0  -13.559  -32.768   4461.8    596.5
     1     1     7     8     5    15     0     3   -63.0  -13.717  -32.448   4487.5    595.2
     1     1     7     8     5    14     0     2   -64.0  -13.882  -32.139   4507.3    594.2
     1     1     7     8     5    13     0     1   -65.0  -14.058  -31.844   4521.4    593.3
     1     1     7     8     5    12     0     0   -66.0  -14.243  -31.561   4528.8    592.8
     1     1     7     8     5    11     0     1   -67.0  -14.433  -31.288   4534.9    592.4
     1     1     7     8     5    10     0     2   -68.0  -14.626  -31.026   4545.9    591.6
     1     1     7     8     5     9     0     3   -69.0  -14.828  -30.776   4565.4    590.2
     1     1     7     8     5     8     0     2   -70.0  -15.036  -30.537   4608.1    587.8
     1     1     7     8     5     7     0     1   -71.0  -15.246  -30.315   4681.0    582.1
     1     1     7     8     5     6     0     0   -72.0  -15.459  -30.113   4777.3    574.9
     1     1     7     8     5     5     0     1   -73.0  -15.680  -29.932   4880.3    566.9
     1     1     7     8     5     4     0     2   -74.0  -15.909  -29.766   4977.5    560.3
     1     1     7     8     5     3     0     3   -75.0  -16.142  -29.617   5070.8    554.1
     1     1     7     8     5     2     0     2   -76.0  -16.381  -29.488   5157.9    547.9
     1     1     7     8     5     1     0     1   -77.0  -16.628  -29.380   5233.6    542.7
     1     1     7     8     5     0     0     0   -78.0  -16.881  -29.294   5292.9    538.6
     1     1     7     8     4    23     0     1   -79.0  -17.142  -29.228   5344.9    535.6
     1     1     7     8     4    22     0     2   -80.0  -17.418  -29.187   5403.0    531.2
     1     1     7     8     4    21     0     3   -81.0  -17.709  -29.180   5471.1    526.3
     1     1     7     8     4    20     0     2   -82.0  -18.011  -29.207   5536.7    520.7
     1     1     7     8     4    19     0     1   -83.0  -18.315  -29.262   5587.1    518.0
     1     1     7     8     4    18     0     0   -84.0  -18.614  -29.347   5623.3    516.2
     1     1     7     8     4    17     0     1   -85.0  -18.902  -29.459   5651.5    515.1
     1     1     7     8     4    16     0     2   -86.0  -19.179  -29.596   5675.6    513.6
     1     1     7     8     4    15     0     3   -87.0  -19.448  -29.758   5693.0    512.4
     1     1     7     8     4    14     0     2   -88.0  -19.712  -29.941   5711.4    512.0
     1     1     7     8     4    13     0     1   -89.0  -19.982  -30.142   5744.7    510.2
     1     1     7     8     4    12     0     0   -90.0  -20.260  -30.366   5791.0    506.7
     1     1     7     8     4    11     0     1   -91.0  -20.536  -30.612   5842.4    502.8
     1     1     7     8     4    10     0     2   -92.0  -20.800  -30.880   5894.9    499.3
     1     1     7     8     4     9     0     3   -93.0  -21.053  -31.171   5943.9    495.7
     1     1     7     8     4     8     0     2   -94.0  -21.304  -31.479   5989.3    492.6
     1     1     7     8     4     7     0     1   -95.0  -21.559  -31.805   6034.3    489.6
     1     1     7     8     4     6     0     0   -96.0  -21.817  -32.156   6081.1    486.9
     1     1     7     8     4     5     0     1   -97.0  -22.089  -32.530   6118.1    484.0
     1     1     7     8     4     4     0     2   -98.0  -22.373  -32.918   6137.1    482.9
     1     1     7     8     4     3     0     3   -99.0  -22.666  -33.324   6159.6    482.1
     1     1     7     8     4     2     0     2  -100.0  -22.971  -33.758   6206.1    479.9
     1     1     7     8     4     1     0     1  -101.0  -23.282  -34.231   6262.6    475.6
     1     1     7     8     4     0     0     0  -102.0  -23.589  -34.751   6307.0    472.3
     1     1     7     8     3    23     0     1  -103.0  -23.891  -35.320   6350.3    470.5
     1     1     7     8     3    22     0     2  -104.0  -24.183  -35.937   6409.3    466.7
     1     1     7     8     3    21     0     3  -105.0  -24.455  -36.610   6480.0    461.4
     1     1     7     8     3    20     0     2  -106.0  -24.705  -37.334   6547.9    457.1
     1     1     7     8     3    19     0     1  -107.0  -24.923  -38.092   6613.5    452.7
     1     1     7     8     3    18     0     0  -108.0  -25.088  -38.883   6685.6    448.8
     1     1     7     8     3    17     0     1  -109.0  -25.221  -39.703   6736.6    445.3
     1     1     7     8     3    16     0     2  -110.0  -25.338  -40.541   6787.6    442.8
     1     1     7     8     3    15     0     3  -111.0  -25.413  -41.396   6867.1    438.2
     1     1     7     8     3    14     0     2  -112.0  -25.447  -42.271   6956.2    432.5
     1     1     7     8     3    13     0     1  -113.0  -25.457  -43.158   6997.8    430.3
     1     1     7     8     3    12     0     0  -114.0  -25.434  -44.049   6983.6    431.7
     1     1     7     8     3    11     0     1  -115.0  -25.403  -44.934   6939.5    433.9
     1     1     7     8     3    10     0     2  -116.0  -25.384  -45.817   6898.2    435.0
     1     1     7     8     3     9     0     3  -117.0  -25.359  -46.708   6887.6    435.9
     1     1     7     8     3     8     0     2  -118.0  -25.308  -47.602   6886.3    433.1
     1     1     7     8     3     7     0     1  -119.0  -25.232  -48.489   6829.2    419.9
     1     1     7     8     3     6     0     0  -120.0  -25.137  -49.375   6781.0    402.1
