     7     1
    GDAS     7     7    22     0     0
    GDAS     7     8     8     0     0
    GDAS     7     8    15     0     0
    GDAS     7     8    22     0     0
    GDAS     7     8    29     0     0
    GDAS     7     8     1     0     0
    GDAS     7     7    29     0     0
     1 BACKWARD OMEGA   
     7     8    16     6  -23.561  -46.740  4000.0
     1 PRESSURE
     1     1     7     8    16     6     0     0     0.0  -23.561  -46.740   4000.0    589.6
     1     1     7     8    16     5     0     1    -1.0  -23.450  -46.640   3989.1    588.7
     1     1     7     8    16     4     0     2    -2.0  -23.340  -46.521   3984.2    585.6
     1     1     7     8    16     3     0     3    -3.0  -23.231  -46.381   3979.6    580.9
     1     1     7     8    16     2     0     2    -4.0  -23.127  -46.228   3978.6    574.5
     1     1     7     8    16     1     0     1    -5.0  -23.027  -46.073   3985.8    565.6
     1     1     7     8    16     0     0     0    -6.0  -22.934  -45.912   4017.6    561.1
     1     1     7     8    15    23     0     1    -7.0  -22.850  -45.728   4046.7    559.0
     1     1     7     8    15    22     0     2    -8.0  -22.781  -45.512   4046.9    560.4
     1     1     7     8    15    21     0     3    -9.0  -22.729  -45.275   4023.9    563.0
     1     1     7     8    15    20     0     2   -10.0  -22.696  -45.036   4000.7    567.2
     1     1     7     8    15    19     0     1   -11.0  -22.675  -44.808   4003.4    572.5
     1     1     7     8    15    18     0     0   -12.0  -22.661  -44.595   4012.1    577.8
     1     1     7     8    15    17     0     1   -13.0  -22.642  -44.392   4020.0    583.0
     1     1     7     8    15    16     0     2   -14.0  -22.612  -44.192   4027.9    587.6
     1     1     7     8    15    15     0     3   -15.0  -22.573  -43.994   4039.9    591.1
     1     1     7     8    15    14     0     2   -16.0  -22.526  -43.797   4046.3    591.5
     1     1     7     8    15    13     0     1   -17.0  -22.467  -43.595   4042.9    592.6
     1     1     7     8    15    12     0     0   -18.0  -22.394  -43.391   4029.4    593.8
     1     1     7     8    15    11     0     1   -19.0  -22.321  -43.189   4023.1    595.2
     1     1     7     8    15    10     0     2   -20.0  -22.263  -42.988   4041.2    594.2
     1     1     7     8    15     9     0     3   -21.0  -22.220  -42.785   4083.7    592.2
     1     1     7     8    15     8     0     2   -22.0  -22.181  -42.573   4141.6    589.1
     1     1     7     8    15     7     0     1   -23.0  -22.130  -42.350   4204.8    586.3
     1     1     7     8    15     6     0     0   -24.0  -22.068  -42.116   4272.2    583.4
     1     1     7     8    15     5     0     1   -25.0  -22.005  -41.868   4341.0    582.6
     1     1     7     8    15     4     0     2   -26.0  -21.944  -41.604   4410.6    585.9
     1     1     7     8    15     3     0     3   -27.0  -21.883  -41.328   4475.2    589.8
     1     1     7     8    15     2     0     2   -28.0  -21.827  -41.046   4535.0    594.3
     1     1     7     8    15     1     0     1   -29.0  -21.783  -40.769   4572.1    592.2
     1     1     7     8    15     0     0     0   -30.0  -21.751  -40.498   4605.5    589.1
     1     1     7     8    14    23     0     1   -31.0  -21.724  -40.234   4640.6    585.6
     1     1     7     8    14    22     0     2   -32.0  -21.692  -39.973   4675.4    582.1
     1     1     7     8    14    21     0     3   -33.0  -21.645  -39.716   4705.9    579.6
     1     1     7     8    14    20     0     2   -34.0  -21.587  -39.454   4723.7    578.4
     1     1     7     8    14    19     0     1   -35.0  -21.526  -39.182   4727.3    578.6
     1     1     7     8    14    18     0     0   -36.0  -21.463  -38.901   4720.9    579.3
     1     1     7     8    14    17     0     1   -37.0  -21.422  -38.612   4716.1    580.0
     1     1     7     8    14    16     0     2   -38.0  -21.428  -38.321   4725.2    579.1
     1     1     7     8    14    15     0     3   -39.0  -21.483  -38.034   4751.4    577.0
     1     1     7     8    14    14     0     2   -40.0  -21.580  -37.762   4792.1    574.0
     1     1     7     8    14    13     0     1   -41.0  -21.704  -37.513   4840.0    571.0
     1     1     7     8    14    12     0     0   -42.0  -21.850  -37.283   4895.3    567.5
     1     1     7     8    14    11     0     1   -43.0  -22.000  -37.067   4965.2    562.8
     1     1     7     8    14    10     0     2   -44.0  -22.143  -36.848   5050.6    555.7
     1     1     7     8    14     9     0     3   -45.0  -22.285  -36.619   5148.3    547.8
     1     1     7     8    14     8     0     2   -46.0  -22.436  -36.383   5249.0    540.0
     1     1     7     8    14     7     0     1   -47.0  -22.604  -36.148   5347.9    533.4
     1     1     7     8    14     6     0     0   -48.0  -22.792  -35.915   5451.1    526.6
     1     1     7     8    14     5     0     1   -49.0  -23.011  -35.692   5554.4    519.4
     1     1     7     8    14     4     0     2   -50.0  -23.263  -35.486   5652.2    513.0
     1     1     7     8    14     3     0     3   -51.0  -23.548  -35.304   5747.8    507.2
     1     1     7     8    14     2     0     2   -52.0  -23.867  -35.146   5853.1    501.0
     1     1     7     8    14     1     0     1   -53.0  -24.217  -35.009   5975.6    493.1
     1     1     7     8    14     0     0     0   -54.0  -24.597  -34.892   6109.3    483.9
     1     1     7     8    13    23     0     1   -55.0  -25.009  -34.804   6240.4    474.4
     1     1     7     8    13    22     0     2   -56.0  -25.446  -34.755   6354.1    466.8
     1     1     7     8    13    21     0     3   -57.0  -25.898  -34.741   6449.1    461.1
     1     1     7     8    13    20     0     2   -58.0  -26.349  -34.764   6556.0    456.0
     1     1     7     8    13    19     0     1   -59.0  -26.791  -34.824   6712.5    446.9
     1     1     7     8    13    18     0     0   -60.0  -27.227  -34.910   6928.1    433.7
     1     1     7     8    13    17     0     1   -61.0  -27.693  -35.006   7170.3    417.3
     1     1     7     8    13    16     0     2   -62.0  -28.212  -35.099   7409.7    403.6
     1     1     7     8    13    15     0     3   -63.0  -28.782  -35.170   7648.8    390.7
     1     1     7     8    13    14     0     2   -64.0  -29.406  -35.237   7863.9    378.1
     1     1     7     8    13    13     0     1   -65.0  -30.078  -35.325   8042.8    368.6
     1     1     7     8    13    12     0     0   -66.0  -30.794  -35.434   8202.1    360.2
     1     1     7     8    13    11     0     1   -67.0  -31.552  -35.586   8372.3    351.4
     1     1     7     8    13    10     0     2   -68.0  -32.373  -35.807   8560.4    340.5
     1     1     7     8    13     9     0     3   -69.0  -33.298  -36.114   8730.5    332.0
     1     1     7     8    13     8     0     2   -70.0  -34.273  -36.528   8883.9    324.0
     1     1     7     8    13     7     0     1   -71.0  -35.243  -37.069   9050.6    315.7
     1     1     7     8    13     6     0     0   -72.0  -36.220  -37.762   9186.3    308.0
     1     1     7     8    13     5     0     1   -73.0  -37.195  -38.586   9293.3    303.1
     1     1     7     8    13     4     0     2   -74.0  -38.105  -39.513   9372.5    299.1
     1     1     7     8    13     3     0     3   -75.0  -38.945  -40.533   9460.6    295.1
     1     1     7     8    13     2     0     2   -76.0  -39.766  -41.662   9560.6    290.0
     1     1     7     8    13     1     0     1   -77.0  -40.545  -42.899   9659.8    285.4
     1     1     7     8    13     0     0     0   -78.0  -41.243  -44.214   9788.2    279.5
     1     1     7     8    12    23     0     1   -79.0  -41.846  -45.622   9936.8    272.6
     1     1     7     8    12    22     0     2   -80.0  -42.333  -47.148  10085.9    266.0
     1     1     7     8    12    21     0     3   -81.0  -42.719  -48.760  10237.3    259.2
