     7     1
    GDAS     7     7    22     0     0
    GDAS     7     8     8     0     0
    GDAS     7     8    15     0     0
    GDAS     7     8    22     0     0
    GDAS     7     8    29     0     0
    GDAS     7     8     1     0     0
    GDAS     7     7    29     0     0
     1 BACKWARD OMEGA   
     7     8     2     6  -23.561  -46.740  4000.0
     1 PRESSURE
     1     1     7     8     2     6     0     0     0.0  -23.561  -46.740   4000.0    586.6
     1     1     7     8     2     5     0     1    -1.0  -23.560  -47.040   3963.2    587.9
     1     1     7     8     2     4     0     2    -2.0  -23.527  -47.345   3952.1    589.7
     1     1     7     8     2     3     0     3    -3.0  -23.461  -47.650   3950.5    590.9
     1     1     7     8     2     2     0     2    -4.0  -23.368  -47.948   3948.4    593.4
     1     1     7     8     2     1     0     1    -5.0  -23.258  -48.239   3934.3    592.6
     1     1     7     8     2     0     0     0    -6.0  -23.126  -48.530   3920.5    589.8
     1     1     7     8     1    23     0     1    -7.0  -22.979  -48.816   3914.0    585.6
     1     1     7     8     1    22     0     2    -8.0  -22.830  -49.084   3926.2    584.9
     1     1     7     8     1    21     0     3    -9.0  -22.685  -49.320   3950.9    588.4
     1     1     7     8     1    20     0     2   -10.0  -22.554  -49.525   3963.2    591.1
     1     1     7     8     1    19     0     1   -11.0  -22.439  -49.708   3955.3    594.6
     1     1     7     8     1    18     0     0   -12.0  -22.343  -49.867   3927.3    598.7
     1     1     7     8     1    17     0     1   -13.0  -22.271  -50.009   3894.8    603.7
     1     1     7     8     1    16     0     2   -14.0  -22.222  -50.144   3870.9    605.9
     1     1     7     8     1    15     0     3   -15.0  -22.192  -50.275   3856.7    607.3
     1     1     7     8     1    14     0     2   -16.0  -22.174  -50.407   3849.3    607.6
     1     1     7     8     1    13     0     1   -17.0  -22.161  -50.546   3847.0    607.7
     1     1     7     8     1    12     0     0   -18.0  -22.151  -50.691   3850.5    607.3
     1     1     7     8     1    11     0     1   -19.0  -22.138  -50.840   3859.2    606.3
     1     1     7     8     1    10     0     2   -20.0  -22.115  -50.995   3872.2    605.0
     1     1     7     8     1     9     0     3   -21.0  -22.083  -51.154   3894.0    605.1
     1     1     7     8     1     8     0     2   -22.0  -22.048  -51.314   3912.9    605.4
     1     1     7     8     1     7     0     1   -23.0  -22.011  -51.468   3922.1    607.1
     1     1     7     8     1     6     0     0   -24.0  -21.974  -51.616   3923.8    609.2
     1     1     7     8     1     5     0     1   -25.0  -21.942  -51.755   3927.2    611.8
     1     1     7     8     1     4     0     2   -26.0  -21.921  -51.883   3940.2    612.7
     1     1     7     8     1     3     0     3   -27.0  -21.907  -51.998   3961.0    612.8
     1     1     7     8     1     2     0     2   -28.0  -21.908  -52.108   3980.8    610.3
     1     1     7     8     1     1     0     1   -29.0  -21.928  -52.222   3999.4    608.4
     1     1     7     8     1     0     0     0   -30.0  -21.969  -52.339   4018.3    606.5
     1     1     7     7    31    23     0     1   -31.0  -22.033  -52.471   4039.7    603.9
     1     1     7     7    31    22     0     2   -32.0  -22.120  -52.629   4064.4    600.6
     1     1     7     7    31    21     0     3   -33.0  -22.232  -52.813   4089.1    597.4
     1     1     7     7    31    20     0     2   -34.0  -22.366  -53.016   4111.4    595.2
     1     1     7     7    31    19     0     1   -35.0  -22.515  -53.232   4136.8    595.1
     1     1     7     7    31    18     0     0   -36.0  -22.683  -53.460   4163.3    594.8
     1     1     7     7    31    17     0     1   -37.0  -22.871  -53.694   4183.0    594.6
     1     1     7     7    31    16     0     2   -38.0  -23.080  -53.928   4186.4    596.0
     1     1     7     7    31    15     0     3   -39.0  -23.306  -54.168   4170.0    596.0
     1     1     7     7    31    14     0     2   -40.0  -23.534  -54.436   4158.8    595.3
     1     1     7     7    31    13     0     1   -41.0  -23.761  -54.748   4165.2    593.2
     1     1     7     7    31    12     0     0   -42.0  -23.998  -55.102   4184.5    593.3
     1     1     7     7    31    11     0     1   -43.0  -24.220  -55.485   4220.5    595.3
     1     1     7     7    31    10     0     2   -44.0  -24.396  -55.889   4268.7    593.0
     1     1     7     7    31     9     0     3   -45.0  -24.522  -56.309   4327.6    590.3
     1     1     7     7    31     8     0     2   -46.0  -24.636  -56.728   4388.2    589.5
     1     1     7     7    31     7     0     1   -47.0  -24.768  -57.135   4447.3    589.2
     1     1     7     7    31     6     0     0   -48.0  -24.917  -57.532   4511.8    583.9
     1     1     7     7    31     5     0     1   -49.0  -25.089  -57.916   4600.6    576.1
     1     1     7     7    31     4     0     2   -50.0  -25.296  -58.279   4714.4    568.4
     1     1     7     7    31     3     0     3   -51.0  -25.547  -58.618   4836.7    561.9
     1     1     7     7    31     2     0     2   -52.0  -25.848  -58.954   4961.8    555.0
     1     1     7     7    31     1     0     1   -53.0  -26.202  -59.302   5084.0    544.8
     1     1     7     7    31     0     0     0   -54.0  -26.617  -59.662   5237.9    532.4
     1     1     7     7    30    23     0     1   -55.0  -27.076  -60.035   5437.4    518.6
     1     1     7     7    30    22     0     2   -56.0  -27.575  -60.421   5666.0    502.9
     1     1     7     7    30    21     0     3   -57.0  -28.148  -60.820   5888.4    487.1
     1     1     7     7    30    20     0     2   -58.0  -28.771  -61.244   6095.7    472.7
     1     1     7     7    30    19     0     1   -59.0  -29.406  -61.706   6330.0    459.9
     1     1     7     7    30    18     0     0   -60.0  -30.068  -62.204   6567.1    443.9
     1     1     7     7    30    17     0     1   -61.0  -30.740  -62.715   6804.8    428.2
     1     1     7     7    30    16     0     2   -62.0  -31.395  -63.230   7001.6    411.6
     1     1     7     7    30    15     0     3   -63.0  -32.049  -63.775   7161.1    390.3
     1     1     7     7    30    14     0     2   -64.0  -32.742  -64.362   7296.0    372.2
     1     1     7     7    30    13     0     1   -65.0  -33.486  -65.014   7352.9    361.9
     1     1     7     7    30    12     0     0   -66.0  -34.209  -65.755   7434.0    370.2
     1     1     7     7    30    11     0     1   -67.0  -34.906  -66.600   7515.4    370.4
     1     1     7     7    30    10     0     2   -68.0  -35.565  -67.613   7576.8    350.7
     1     1     7     7    30     9     0     3   -69.0  -36.240  -68.911   7381.2    319.1
     1     1     7     7    30     8     0     2   -70.0  -36.932  -70.332   7157.5    319.0
     1     1     7     7    30     7     0     1   -71.0  -37.441  -71.876   7276.8    362.2
     1     1     7     7    30     6     0     0   -72.0  -37.754  -73.502   7471.3    381.4
     1     1     7     7    30     5     0     1   -73.0  -38.010  -75.184   7589.9    384.3
     1     1     7     7    30     4     0     2   -74.0  -38.215  -76.934   7621.6    380.4
     1     1     7     7    30     3     0     3   -75.0  -38.348  -78.778   7622.7    379.8
     1     1     7     7    30     2     0     2   -76.0  -38.420  -80.690   7618.1    380.1
     1     1     7     7    30     1     0     1   -77.0  -38.411  -82.641   7599.6    380.7
     1     1     7     7    30     0     0     0   -78.0  -38.366  -84.676   7477.0    387.1
     1     1     7     7    29    23     0     1   -79.0  -38.253  -86.687   7233.0    400.7
     1     1     7     7    29    22     0     2   -80.0  -38.057  -88.619   6881.9    420.6
     1     1     7     7    29    21     0     3   -81.0  -37.751  -90.485   6487.6    444.9
     1     1     7     7    29    20     0     2   -82.0  -37.369  -92.252   6194.7    463.3
     1     1     7     7    29    19     0     1   -83.0  -36.952  -93.916   5940.6    480.4
     1     1     7     7    29    18     0     0   -84.0  -36.509  -95.478   5695.8    496.7
     1     1     7     7    29    17     0     1   -85.0  -36.038  -96.965   5485.3    510.3
     1     1     7     7    29    16     0     2   -86.0  -35.550  -98.394   5329.8    521.4
     1     1     7     7    29    15     0     3   -87.0  -35.034  -99.750   5159.3    534.3
     1     1     7     7    29    14     0     2   -88.0  -34.517 -101.011   5008.8    544.4
     1     1     7     7    29    13     0     1   -89.0  -33.985 -102.164   4845.1    557.0
     1     1     7     7    29    12     0     0   -90.0  -33.459 -103.212   4681.8    569.4
     1     1     7     7    29    11     0     1   -91.0  -32.951 -104.161   4504.4    581.4
     1     1     7     7    29    10     0     2   -92.0  -32.488 -105.019   4268.2    600.6
     1     1     7     7    29     9     0     3   -93.0  -32.108 -105.787   3980.7    624.5
     1     1     7     7    29     8     0     2   -94.0  -31.770 -106.502   3722.3    647.1
     1     1     7     7    29     7     0     1   -95.0  -31.458 -107.166   3542.9    663.4
     1     1     7     7    29     6     0     0   -96.0  -31.169 -107.787   3395.1    673.8
     1     1     7     7    29     5     0     1   -97.0  -30.904 -108.370   3255.5    686.5
     1     1     7     7    29     4     0     2   -98.0  -30.664 -108.915   3154.5    697.0
     1     1     7     7    29     3     0     3   -99.0  -30.425 -109.441   3109.8    701.1
     1     1     7     7    29     2     0     2  -100.0  -30.170 -109.966   3067.5    701.2
     1     1     7     7    29     1     0     1  -101.0  -29.927 -110.483   2985.7    708.3
     1     1     7     7    29     0     0     0  -102.0  -29.720 -110.981   2890.5    719.2
     1     1     7     7    28    23     0     1  -103.0  -29.528 -111.456   2812.3    726.8
     1     1     7     7    28    22     0     2  -104.0  -29.313 -111.905   2745.0    731.7
     1     1     7     7    28    21     0     3  -105.0  -29.075 -112.336   2667.0    737.9
     1     1     7     7    28    20     0     2  -106.0  -28.836 -112.737   2586.0    747.3
     1     1     7     7    28    19     0     1  -107.0  -28.609 -113.106   2519.7    754.1
     1     1     7     7    28    18     0     0  -108.0  -28.387 -113.457   2471.0    759.4
     1     1     7     7    28    17     0     1  -109.0  -28.169 -113.797   2440.0    761.9
     1     1     7     7    28    16     0     2  -110.0  -27.963 -114.131   2420.3    762.9
     1     1     7     7    28    15     0     3  -111.0  -27.780 -114.453   2391.5    763.7
     1     1     7     7    28    14     0     2  -112.0  -27.622 -114.760   2345.5    768.7
     1     1     7     7    28    13     0     1  -113.0  -27.481 -115.059   2298.9    774.3
     1     1     7     7    28    12     0     0  -114.0  -27.355 -115.359   2266.5    777.9
     1     1     7     7    28    11     0     1  -115.0  -27.239 -115.668   2241.4    779.3
     1     1     7     7    28    10     0     2  -116.0  -27.132 -115.986   2216.7    782.1
     1     1     7     7    28     9     0     3  -117.0  -27.039 -116.311   2197.9    784.0
     1     1     7     7    28     8     0     2  -118.0  -26.958 -116.647   2186.3    785.3
     1     1     7     7    28     7     0     1  -119.0  -26.889 -116.995   2179.1    785.9
     1     1     7     7    28     6     0     0  -120.0  -26.839 -117.359   2172.5    786.5
