     7     1
    GDAS     7     7    22     0     0
    GDAS     7     8     8     0     0
    GDAS     7     8    15     0     0
    GDAS     7     8    22     0     0
    GDAS     7     8    29     0     0
    GDAS     7     8     1     0     0
    GDAS     7     7    29     0     0
     1 BACKWARD OMEGA   
     7     8    17    18  -23.561  -46.740  4000.0
     1 PRESSURE
     1     1     7     8    17    18     0     0     0.0  -23.561  -46.740   4000.0    587.4
     1     1     7     8    17    17     0     1    -1.0  -23.321  -46.809   3986.9    582.6
     1     1     7     8    17    16     0     2    -2.0  -23.106  -46.864   3970.2    580.5
     1     1     7     8    17    15     0     3    -3.0  -22.916  -46.903   3953.1    580.4
     1     1     7     8    17    14     0     2    -4.0  -22.744  -46.928   3932.4    580.8
     1     1     7     8    17    13     0     1    -5.0  -22.582  -46.941   3903.2    581.8
     1     1     7     8    17    12     0     0    -6.0  -22.430  -46.942   3865.7    583.2
     1     1     7     8    17    11     0     1    -7.0  -22.280  -46.915   3827.4    584.6
     1     1     7     8    17    10     0     2    -8.0  -22.123  -46.846   3793.2    584.4
     1     1     7     8    17     9     0     3    -9.0  -21.961  -46.735   3759.7    584.2
     1     1     7     8    17     8     0     2   -10.0  -21.802  -46.591   3740.2    585.9
     1     1     7     8    17     7     0     1   -11.0  -21.655  -46.426   3747.5    584.7
     1     1     7     8    17     6     0     0   -12.0  -21.520  -46.242   3785.4    581.5
     1     1     7     8    17     5     0     1   -13.0  -21.401  -46.043   3827.5    576.2
     1     1     7     8    17     4     0     2   -14.0  -21.304  -45.834   3848.9    575.0
     1     1     7     8    17     3     0     3   -15.0  -21.225  -45.617   3854.2    575.2
     1     1     7     8    17     2     0     2   -16.0  -21.159  -45.397   3863.9    575.8
     1     1     7     8    17     1     0     1   -17.0  -21.105  -45.176   3892.8    573.6
     1     1     7     8    17     0     0     0   -18.0  -21.062  -44.952   3934.3    570.3
     1     1     7     8    16    23     0     1   -19.0  -21.031  -44.735   3962.6    566.2
     1     1     7     8    16    22     0     2   -20.0  -21.010  -44.535   3954.3    566.0
     1     1     7     8    16    21     0     3   -21.0  -21.004  -44.352   3909.6    568.2
     1     1     7     8    16    20     0     2   -22.0  -21.015  -44.182   3854.3    573.4
     1     1     7     8    16    19     0     1   -23.0  -21.043  -44.023   3817.0    575.8
     1     1     7     8    16    18     0     0   -24.0  -21.088  -43.874   3807.8    579.4
     1     1     7     8    16    17     0     1   -25.0  -21.132  -43.727   3819.2    581.8
     1     1     7     8    16    16     0     2   -26.0  -21.161  -43.574   3846.0    583.2
     1     1     7     8    16    15     0     3   -27.0  -21.175  -43.416   3884.1    583.7
     1     1     7     8    16    14     0     2   -28.0  -21.180  -43.252   3921.8    583.7
     1     1     7     8    16    13     0     1   -29.0  -21.182  -43.082   3951.1    585.1
     1     1     7     8    16    12     0     0   -30.0  -21.183  -42.904   3974.6    586.5
     1     1     7     8    16    11     0     1   -31.0  -21.180  -42.717   4005.8    587.2
     1     1     7     8    16    10     0     2   -32.0  -21.173  -42.519   4056.9    585.9
     1     1     7     8    16     9     0     3   -33.0  -21.171  -42.312   4127.7    583.1
     1     1     7     8    16     8     0     2   -34.0  -21.171  -42.094   4212.4    579.5
     1     1     7     8    16     7     0     1   -35.0  -21.165  -41.860   4310.5    577.9
     1     1     7     8    16     6     0     0   -36.0  -21.151  -41.608   4417.6    578.0
     1     1     7     8    16     5     0     1   -37.0  -21.136  -41.325   4519.0    579.3
     1     1     7     8    16     4     0     2   -38.0  -21.122  -40.994   4606.8    583.7
     1     1     7     8    16     3     0     3   -39.0  -21.118  -40.625   4653.6    582.2
     1     1     7     8    16     2     0     2   -40.0  -21.137  -40.240   4691.6    582.3
     1     1     7     8    16     1     0     1   -41.0  -21.179  -39.859   4736.1    580.5
     1     1     7     8    16     0     0     0   -42.0  -21.245  -39.485   4790.7    576.7
     1     1     7     8    15    23     0     1   -43.0  -21.329  -39.126   4850.6    571.7
     1     1     7     8    15    22     0     2   -44.0  -21.423  -38.783   4905.3    567.2
     1     1     7     8    15    21     0     3   -45.0  -21.531  -38.454   4951.5    563.0
     1     1     7     8    15    20     0     2   -46.0  -21.658  -38.133   4991.2    560.0
     1     1     7     8    15    19     0     1   -47.0  -21.809  -37.816   5030.4    557.3
     1     1     7     8    15    18     0     0   -48.0  -21.982  -37.506   5070.4    555.0
     1     1     7     8    15    17     0     1   -49.0  -22.181  -37.208   5106.8    552.8
     1     1     7     8    15    16     0     2   -50.0  -22.410  -36.924   5133.0    551.0
     1     1     7     8    15    15     0     3   -51.0  -22.668  -36.658   5146.2    550.0
     1     1     7     8    15    14     0     2   -52.0  -22.944  -36.411   5158.9    550.3
     1     1     7     8    15    13     0     1   -53.0  -23.228  -36.185   5184.6    549.1
     1     1     7     8    15    12     0     0   -54.0  -23.523  -35.980   5225.7    546.8
     1     1     7     8    15    11     0     1   -55.0  -23.826  -35.802   5286.4    542.2
     1     1     7     8    15    10     0     2   -56.0  -24.137  -35.657   5366.6    536.1
     1     1     7     8    15     9     0     3   -57.0  -24.459  -35.546   5457.3    528.9
     1     1     7     8    15     8     0     2   -58.0  -24.794  -35.475   5544.1    522.2
     1     1     7     8    15     7     0     1   -59.0  -25.136  -35.443   5625.5    517.1
     1     1     7     8    15     6     0     0   -60.0  -25.474  -35.452   5712.3    511.7
     1     1     7     8    15     5     0     1   -61.0  -25.807  -35.503   5800.9    505.9
     1     1     7     8    15     4     0     2   -62.0  -26.136  -35.592   5881.2    500.7
     1     1     7     8    15     3     0     3   -63.0  -26.459  -35.717   5950.4    496.1
     1     1     7     8    15     2     0     2   -64.0  -26.774  -35.881   6006.9    491.7
     1     1     7     8    15     1     0     1   -65.0  -27.079  -36.085   6048.3    488.8
     1     1     7     8    15     0     0     0   -66.0  -27.367  -36.326   6079.1    487.4
     1     1     7     8    14    23     0     1   -67.0  -27.628  -36.602   6115.4    485.9
     1     1     7     8    14    22     0     2   -68.0  -27.857  -36.915   6170.5    481.5
     1     1     7     8    14    21     0     3   -69.0  -28.049  -37.267   6245.9    476.6
     1     1     7     8    14    20     0     2   -70.0  -28.209  -37.641   6332.2    471.2
     1     1     7     8    14    19     0     1   -71.0  -28.346  -38.019   6415.8    466.4
     1     1     7     8    14    18     0     0   -72.0  -28.462  -38.397   6489.2    461.3
     1     1     7     8    14    17     0     1   -73.0  -28.567  -38.767   6554.2    457.6
     1     1     7     8    14    16     0     2   -74.0  -28.673  -39.127   6612.7    454.1
     1     1     7     8    14    15     0     3   -75.0  -28.784  -39.481   6659.2    451.4
     1     1     7     8    14    14     0     2   -76.0  -28.895  -39.833   6694.9    449.6
     1     1     7     8    14    13     0     1   -77.0  -29.003  -40.192   6733.2    447.8
     1     1     7     8    14    12     0     0   -78.0  -29.112  -40.561   6789.6    444.8
     1     1     7     8    14    11     0     1   -79.0  -29.218  -40.938   6858.4    439.8
     1     1     7     8    14    10     0     2   -80.0  -29.320  -41.315   6922.8    435.4
     1     1     7     8    14     9     0     3   -81.0  -29.414  -41.698   6971.9    432.0
     1     1     7     8    14     8     0     2   -82.0  -29.503  -42.099   7002.1    430.3
     1     1     7     8    14     7     0     1   -83.0  -29.585  -42.530   7008.4    429.5
     1     1     7     8    14     6     0     0   -84.0  -29.649  -42.987   6981.9    430.8
     1     1     7     8    14     5     0     1   -85.0  -29.695  -43.462   6946.0    434.3
     1     1     7     8    14     4     0     2   -86.0  -29.731  -43.961   6925.4    435.4
     1     1     7     8    14     3     0     3   -87.0  -29.758  -44.498   6906.5    436.2
     1     1     7     8    14     2     0     2   -88.0  -29.768  -45.066   6863.2    438.1
     1     1     7     8    14     1     0     1   -89.0  -29.752  -45.644   6799.2    442.6
     1     1     7     8    14     0     0     0   -90.0  -29.716  -46.236   6737.3    446.5
     1     1     7     8    13    23     0     1   -91.0  -29.640  -46.843   6675.4    449.5
     1     1     7     8    13    22     0     2   -92.0  -29.499  -47.454   6596.3    453.1
     1     1     7     8    13    21     0     3   -93.0  -29.287  -48.074   6506.3    457.5
     1     1     7     8    13    20     0     2   -94.0  -29.029  -48.690   6458.8    465.6
     1     1     7     8    13    19     0     1   -95.0  -28.765  -49.297   6351.0    453.9
     1     1     7     8    13    18     0     0   -96.0  -28.519  -49.914   6201.8    428.9
     1     1     7     8    13    17     0     1   -97.0  -28.288  -50.538   6180.2    424.1
     1     1     7     8    13    16     0     2   -98.0  -28.054  -51.139   6184.3    431.0
     1     1     7     8    13    15     0     3   -99.0  -27.822  -51.714   6151.6    435.9
     1     1     7     8    13    14     0     2  -100.0  -27.587  -52.283   6138.7    442.4
     1     1     7     8    13    13     0     1  -101.0  -27.342  -52.860   6158.7    452.5
     1     1     7     8    13    12     0     0  -102.0  -27.089  -53.444   6173.4    458.1
     1     1     7     8    13    11     0     1  -103.0  -26.830  -54.044   6161.5    457.4
     1     1     7     8    13    10     0     2  -104.0  -26.548  -54.654   6130.1    463.4
     1     1     7     8    13     9     0     3  -105.0  -26.249  -55.253   6053.7    472.9
     1     1     7     8    13     8     0     2  -106.0  -25.943  -55.837   5939.6    480.9
     1     1     7     8    13     7     0     1  -107.0  -25.631  -56.411   5834.4    490.4
     1     1     7     8    13     6     0     0  -108.0  -25.304  -56.970   5685.8    506.2
     1     1     7     8    13     5     0     1  -109.0  -24.960  -57.507   5463.7    521.0
     1     1     7     8    13     4     0     2  -110.0  -24.589  -58.032   5262.5    535.9
     1     1     7     8    13     3     0     3  -111.0  -24.177  -58.572   5127.2    546.9
     1     1     7     8    13     2     0     2  -112.0  -23.734  -59.098   5031.3    548.3
     1     1     7     8    13     1     0     1  -113.0  -23.271  -59.566   4938.2    555.2
     1     1     7     8    13     0     0     0  -114.0  -22.774  -59.976   4814.1    565.2
     1     1     7     8    12    23     0     1  -115.0  -22.268  -60.332   4654.8    573.1
     1     1     7     8    12    22     0     2  -116.0  -21.776  -60.643   4524.7    581.8
     1     1     7     8    12    21     0     3  -117.0  -21.286  -60.918   4450.4    587.8
     1     1     7     8    12    20     0     2  -118.0  -20.813  -61.166   4434.5    587.2
     1     1     7     8    12    19     0     1  -119.0  -20.367  -61.392   4462.3    580.4
     1     1     7     8    12    18     0     0  -120.0  -19.943  -61.595   4519.6    570.9
