     7     1
    GDAS     7     7    22     0     0
    GDAS     7     8     8     0     0
    GDAS     7     8    15     0     0
    GDAS     7     8    22     0     0
    GDAS     7     8    29     0     0
    GDAS     7     8     1     0     0
    GDAS     7     7    29     0     0
     1 BACKWARD OMEGA   
     7     8    18    12  -23.561  -46.740  4000.0
     1 PRESSURE
     1     1     7     8    18    12     0     0     0.0  -23.561  -46.740   4000.0    587.0
     1     1     7     8    18    11     0     1    -1.0  -23.361  -46.863   4036.8    578.8
     1     1     7     8    18    10     0     2    -2.0  -23.176  -46.974   4062.7    574.4
     1     1     7     8    18     9     0     3    -3.0  -22.997  -47.064   4073.6    572.7
     1     1     7     8    18     8     0     2    -4.0  -22.820  -47.130   4062.7    572.9
     1     1     7     8    18     7     0     1    -5.0  -22.641  -47.170   4027.9    574.8
     1     1     7     8    18     6     0     0    -6.0  -22.464  -47.185   3973.9    577.7
     1     1     7     8    18     5     0     1    -7.0  -22.289  -47.165   3925.7    581.3
     1     1     7     8    18     4     0     2    -8.0  -22.112  -47.105   3906.9    580.3
     1     1     7     8    18     3     0     3    -9.0  -21.934  -47.005   3920.7    577.0
     1     1     7     8    18     2     0     2   -10.0  -21.756  -46.875   3958.5    572.3
     1     1     7     8    18     1     0     1   -11.0  -21.583  -46.717   4004.2    568.3
     1     1     7     8    18     0     0     0   -12.0  -21.421  -46.530   4059.3    563.7
     1     1     7     8    17    23     0     1   -13.0  -21.267  -46.336   4113.8    558.5
     1     1     7     8    17    22     0     2   -14.0  -21.111  -46.162   4157.6    555.3
     1     1     7     8    17    21     0     3   -15.0  -20.952  -46.012   4185.8    552.9
     1     1     7     8    17    20     0     2   -16.0  -20.808  -45.870   4195.2    551.9
     1     1     7     8    17    19     0     1   -17.0  -20.692  -45.721   4191.4    552.7
     1     1     7     8    17    18     0     0   -18.0  -20.605  -45.566   4178.2    554.6
     1     1     7     8    17    17     0     1   -19.0  -20.540  -45.397   4166.8    557.4
     1     1     7     8    17    16     0     2   -20.0  -20.488  -45.207   4168.7    559.1
     1     1     7     8    17    15     0     3   -21.0  -20.449  -44.993   4187.8    559.7
     1     1     7     8    17    14     0     2   -22.0  -20.425  -44.758   4196.0    555.2
     1     1     7     8    17    13     0     1   -23.0  -20.422  -44.509   4186.7    552.9
     1     1     7     8    17    12     0     0   -24.0  -20.447  -44.251   4163.2    551.5
     1     1     7     8    17    11     0     1   -25.0  -20.493  -43.988   4145.4    550.9
     1     1     7     8    17    10     0     2   -26.0  -20.545  -43.728   4170.2    554.9
     1     1     7     8    17     9     0     3   -27.0  -20.594  -43.474   4215.8    556.8
     1     1     7     8    17     8     0     2   -28.0  -20.641  -43.227   4271.6    557.8
     1     1     7     8    17     7     0     1   -29.0  -20.689  -42.985   4325.6    558.8
     1     1     7     8    17     6     0     0   -30.0  -20.742  -42.746   4366.8    557.9
     1     1     7     8    17     5     0     1   -31.0  -20.799  -42.508   4410.4    557.9
     1     1     7     8    17     4     0     2   -32.0  -20.857  -42.267   4464.8    556.9
     1     1     7     8    17     3     0     3   -33.0  -20.922  -42.019   4530.8    555.6
     1     1     7     8    17     2     0     2   -34.0  -20.993  -41.760   4608.1    557.6
     1     1     7     8    17     1     0     1   -35.0  -21.068  -41.485   4672.6    562.5
     1     1     7     8    17     0     0     0   -36.0  -21.151  -41.194   4723.9    568.8
     1     1     7     8    16    23     0     1   -37.0  -21.245  -40.894   4760.4    573.9
     1     1     7     8    16    22     0     2   -38.0  -21.350  -40.595   4777.7    574.0
     1     1     7     8    16    21     0     3   -39.0  -21.465  -40.300   4789.2    574.1
     1     1     7     8    16    20     0     2   -40.0  -21.593  -40.006   4807.6    573.9
     1     1     7     8    16    19     0     1   -41.0  -21.737  -39.705   4847.9    571.3
     1     1     7     8    16    18     0     0   -42.0  -21.900  -39.396   4916.7    567.1
     1     1     7     8    16    17     0     1   -43.0  -22.087  -39.085   5002.2    560.4
     1     1     7     8    16    16     0     2   -44.0  -22.295  -38.776   5076.8    554.4
     1     1     7     8    16    15     0     3   -45.0  -22.523  -38.470   5126.9    550.5
     1     1     7     8    16    14     0     2   -46.0  -22.775  -38.172   5156.0    549.5
     1     1     7     8    16    13     0     1   -47.0  -23.051  -37.887   5181.0    548.8
     1     1     7     8    16    12     0     0   -48.0  -23.352  -37.615   5218.9    546.7
     1     1     7     8    16    11     0     1   -49.0  -23.682  -37.367   5277.6    542.1
     1     1     7     8    16    10     0     2   -50.0  -24.046  -37.152   5350.8    536.9
     1     1     7     8    16     9     0     3   -51.0  -24.443  -36.972   5434.7    530.9
     1     1     7     8    16     8     0     2   -52.0  -24.857  -36.824   5532.5    524.2
     1     1     7     8    16     7     0     1   -53.0  -25.274  -36.708   5643.9    516.4
     1     1     7     8    16     6     0     0   -54.0  -25.696  -36.627   5761.9    508.5
     1     1     7     8    16     5     0     1   -55.0  -26.129  -36.579   5864.7    501.0
     1     1     7     8    16     4     0     2   -56.0  -26.568  -36.558   5932.0    496.7
     1     1     7     8    16     3     0     3   -57.0  -27.010  -36.567   5964.8    494.6
     1     1     7     8    16     2     0     2   -58.0  -27.446  -36.611   5988.1    494.6
     1     1     7     8    16     1     0     1   -59.0  -27.877  -36.708   6017.1    492.0
     1     1     7     8    16     0     0     0   -60.0  -28.294  -36.862   6036.9    490.2
     1     1     7     8    15    23     0     1   -61.0  -28.687  -37.067   6056.9    490.5
     1     1     7     8    15    22     0     2   -62.0  -29.054  -37.322   6101.8    488.4
     1     1     7     8    15    21     0     3   -63.0  -29.389  -37.636   6178.6    483.5
     1     1     7     8    15    20     0     2   -64.0  -29.686  -38.000   6272.5    476.4
     1     1     7     8    15    19     0     1   -65.0  -29.946  -38.395   6365.2    470.6
     1     1     7     8    15    18     0     0   -66.0  -30.169  -38.811   6459.3    464.9
     1     1     7     8    15    17     0     1   -67.0  -30.359  -39.253   6563.0    459.0
     1     1     7     8    15    16     0     2   -68.0  -30.522  -39.732   6668.0    451.9
     1     1     7     8    15    15     0     3   -69.0  -30.648  -40.256   6750.2    446.1
     1     1     7     8    15    14     0     2   -70.0  -30.738  -40.802   6791.8    443.9
     1     1     7     8    15    13     0     1   -71.0  -30.796  -41.356   6804.4    444.0
     1     1     7     8    15    12     0     0   -72.0  -30.808  -41.918   6821.0    443.3
     1     1     7     8    15    11     0     1   -73.0  -30.786  -42.490   6856.4    440.9
     1     1     7     8    15    10     0     2   -74.0  -30.747  -43.077   6880.6    438.4
     1     1     7     8    15     9     0     3   -75.0  -30.698  -43.671   6854.2    438.3
     1     1     7     8    15     8     0     2   -76.0  -30.629  -44.267   6804.8    443.2
     1     1     7     8    15     7     0     1   -77.0  -30.520  -44.863   6767.4    445.8
     1     1     7     8    15     6     0     0   -78.0  -30.371  -45.445   6729.3    447.4
     1     1     7     8    15     5     0     1   -79.0  -30.198  -46.003   6681.0    450.1
     1     1     7     8    15     4     0     2   -80.0  -30.019  -46.528   6621.7    454.2
     1     1     7     8    15     3     0     3   -81.0  -29.837  -47.020   6556.1    458.4
     1     1     7     8    15     2     0     2   -82.0  -29.646  -47.497   6484.7    462.0
     1     1     7     8    15     1     0     1   -83.0  -29.435  -47.975   6406.6    465.6
     1     1     7     8    15     0     0     0   -84.0  -29.202  -48.446   6352.9    471.6
     1     1     7     8    14    23     0     1   -85.0  -28.942  -48.907   6324.7    474.9
     1     1     7     8    14    22     0     2   -86.0  -28.647  -49.390   6188.0    455.1
     1     1     7     8    14    21     0     3   -87.0  -28.318  -49.924   5994.6    431.4
     1     1     7     8    14    20     0     2   -88.0  -27.955  -50.470   5851.0    434.0
     1     1     7     8    14    19     0     1   -89.0  -27.575  -50.954   5713.2    453.6
     1     1     7     8    14    18     0     0   -90.0  -27.185  -51.376   5588.3    461.6
     1     1     7     8    14    17     0     1   -91.0  -26.795  -51.755   5540.1    469.8
     1     1     7     8    14    16     0     2   -92.0  -26.432  -52.098   5547.4    471.3
     1     1     7     8    14    15     0     3   -93.0  -26.106  -52.407   5584.8    472.3
     1     1     7     8    14    14     0     2   -94.0  -25.817  -52.684   5590.3    473.1
     1     1     7     8    14    13     0     1   -95.0  -25.566  -52.939   5514.6    482.5
     1     1     7     8    14    12     0     0   -96.0  -25.344  -53.182   5371.4    495.2
     1     1     7     8    14    11     0     1   -97.0  -25.137  -53.419   5230.8    509.7
     1     1     7     8    14    10     0     2   -98.0  -24.924  -53.645   5148.6    518.3
     1     1     7     8    14     9     0     3   -99.0  -24.691  -53.850   5135.1    523.9
     1     1     7     8    14     8     0     2  -100.0  -24.443  -54.031   5165.0    524.5
     1     1     7     8    14     7     0     1  -101.0  -24.191  -54.188   5209.0    524.2
     1     1     7     8    14     6     0     0  -102.0  -23.941  -54.323   5257.0    521.6
     1     1     7     8    14     5     0     1  -103.0  -23.706  -54.450   5294.8    518.0
     1     1     7     8    14     4     0     2  -104.0  -23.496  -54.576   5327.5    515.1
     1     1     7     8    14     3     0     3  -105.0  -23.313  -54.700   5365.6    511.3
     1     1     7     8    14     2     0     2  -106.0  -23.146  -54.824   5411.7    506.0
     1     1     7     8    14     1     0     1  -107.0  -22.984  -54.949   5457.1    500.3
     1     1     7     8    14     0     0     0  -108.0  -22.822  -55.076   5500.9    497.2
     1     1     7     8    13    23     0     1  -109.0  -22.656  -55.196   5533.5    495.4
     1     1     7     8    13    22     0     2  -110.0  -22.489  -55.304   5553.3    494.2
     1     1     7     8    13    21     0     3  -111.0  -22.326  -55.403   5566.4    493.2
     1     1     7     8    13    20     0     2  -112.0  -22.170  -55.493   5573.1    492.4
     1     1     7     8    13    19     0     1  -113.0  -22.025  -55.575   5570.0    492.2
     1     1     7     8    13    18     0     0  -114.0  -21.888  -55.647   5559.4    493.5
     1     1     7     8    13    17     0     1  -115.0  -21.765  -55.711   5536.1    496.0
     1     1     7     8    13    16     0     2  -116.0  -21.660  -55.768   5497.6    499.5
     1     1     7     8    13    15     0     3  -117.0  -21.571  -55.820   5442.6    503.9
     1     1     7     8    13    14     0     2  -118.0  -21.494  -55.873   5380.7    509.3
     1     1     7     8    13    13     0     1  -119.0  -21.426  -55.935   5323.0    513.8
     1     1     7     8    13    12     0     0  -120.0  -21.362  -56.007   5271.9    518.0
