     7     1
    GDAS     7     7    22     0     0
    GDAS     7     8     8     0     0
    GDAS     7     8    15     0     0
    GDAS     7     8    22     0     0
    GDAS     7     8    29     0     0
    GDAS     7     8     1     0     0
    GDAS     7     7    29     0     0
     1 BACKWARD OMEGA   
     7     8    11     6  -23.561  -46.740  4000.0
     1 PRESSURE
     1     1     7     8    11     6     0     0     0.0  -23.561  -46.740   4000.0    587.8
     1     1     7     8    11     5     0     1    -1.0  -23.313  -46.954   3935.6    587.3
     1     1     7     8    11     4     0     2    -2.0  -23.061  -47.114   3875.9    590.5
     1     1     7     8    11     3     0     3    -3.0  -22.811  -47.224   3808.2    595.5
     1     1     7     8    11     2     0     2    -4.0  -22.587  -47.313   3733.6    601.1
     1     1     7     8    11     1     0     1    -5.0  -22.406  -47.405   3658.8    607.2
     1     1     7     8    11     0     0     0    -6.0  -22.262  -47.500   3589.9    613.3
     1     1     7     8    10    23     0     1    -7.0  -22.134  -47.591   3542.2    618.3
     1     1     7     8    10    22     0     2    -8.0  -22.006  -47.672   3530.2    619.5
     1     1     7     8    10    21     0     3    -9.0  -21.876  -47.746   3551.8    618.3
     1     1     7     8    10    20     0     2   -10.0  -21.734  -47.811   3585.4    615.3
     1     1     7     8    10    19     0     1   -11.0  -21.571  -47.862   3615.7    613.5
     1     1     7     8    10    18     0     0   -12.0  -21.389  -47.895   3643.9    611.3
     1     1     7     8    10    17     0     1   -13.0  -21.189  -47.901   3660.6    608.9
     1     1     7     8    10    16     0     2   -14.0  -20.979  -47.875   3654.9    608.4
     1     1     7     8    10    15     0     3   -15.0  -20.764  -47.818   3626.4    610.2
     1     1     7     8    10    14     0     2   -16.0  -20.557  -47.744   3595.9    613.0
     1     1     7     8    10    13     0     1   -17.0  -20.367  -47.662   3583.1    611.9
     1     1     7     8    10    12     0     0   -18.0  -20.193  -47.572   3582.1    609.5
     1     1     7     8    10    11     0     1   -19.0  -20.035  -47.468   3578.8    605.6
     1     1     7     8    10    10     0     2   -20.0  -19.892  -47.344   3565.7    602.9
     1     1     7     8    10     9     0     3   -21.0  -19.767  -47.198   3554.2    600.3
     1     1     7     8    10     8     0     2   -22.0  -19.655  -47.033   3557.2    597.6
     1     1     7     8    10     7     0     1   -23.0  -19.550  -46.847   3586.9    595.5
     1     1     7     8    10     6     0     0   -24.0  -19.452  -46.637   3638.2    592.8
     1     1     7     8    10     5     0     1   -25.0  -19.366  -46.405   3686.5    589.3
     1     1     7     8    10     4     0     2   -26.0  -19.292  -46.146   3707.8    589.6
     1     1     7     8    10     3     0     3   -27.0  -19.225  -45.859   3703.8    593.5
     1     1     7     8    10     2     0     2   -28.0  -19.159  -45.557   3709.8    600.5
     1     1     7     8    10     1     0     1   -29.0  -19.098  -45.256   3751.6    601.7
     1     1     7     8    10     0     0     0   -30.0  -19.048  -44.957   3815.6    600.1
     1     1     7     8     9    23     0     1   -31.0  -19.015  -44.665   3856.1    591.6
     1     1     7     8     9    22     0     2   -32.0  -18.995  -44.386   3860.9    588.1
     1     1     7     8     9    21     0     3   -33.0  -18.987  -44.122   3834.2    586.8
     1     1     7     8     9    20     0     2   -34.0  -18.986  -43.867   3806.4    590.1
     1     1     7     8     9    19     0     1   -35.0  -18.991  -43.622   3799.9    592.4
     1     1     7     8     9    18     0     0   -36.0  -19.000  -43.391   3808.4    593.6
     1     1     7     8     9    17     0     1   -37.0  -19.016  -43.170   3820.9    594.0
     1     1     7     8     9    16     0     2   -38.0  -19.042  -42.958   3829.0    596.1
     1     1     7     8     9    15     0     3   -39.0  -19.076  -42.751   3835.5    600.7
     1     1     7     8     9    14     0     2   -40.0  -19.113  -42.550   3833.2    604.9
     1     1     7     8     9    13     0     1   -41.0  -19.150  -42.357   3820.5    609.6
     1     1     7     8     9    12     0     0   -42.0  -19.184  -42.173   3797.9    614.5
     1     1     7     8     9    11     0     1   -43.0  -19.204  -42.000   3778.9    619.5
     1     1     7     8     9    10     0     2   -44.0  -19.206  -41.835   3769.3    619.6
     1     1     7     8     9     9     0     3   -45.0  -19.194  -41.671   3774.4    619.0
     1     1     7     8     9     8     0     2   -46.0  -19.167  -41.507   3784.5    618.0
     1     1     7     8     9     7     0     1   -47.0  -19.123  -41.337   3791.7    618.5
     1     1     7     8     9     6     0     0   -48.0  -19.061  -41.161   3798.4    619.3
     1     1     7     8     9     5     0     1   -49.0  -18.982  -40.975   3814.7    620.9
     1     1     7     8     9     4     0     2   -50.0  -18.889  -40.781   3852.5    622.7
     1     1     7     8     9     3     0     3   -51.0  -18.786  -40.579   3905.5    623.4
     1     1     7     8     9     2     0     2   -52.0  -18.675  -40.367   3971.5    622.9
     1     1     7     8     9     1     0     1   -53.0  -18.556  -40.142   4050.3    621.9
     1     1     7     8     9     0     0     0   -54.0  -18.429  -39.905   4139.3    618.7
     1     1     7     8     8    23     0     1   -55.0  -18.306  -39.663   4221.1    612.3
     1     1     7     8     8    22     0     2   -56.0  -18.190  -39.418   4284.7    608.3
     1     1     7     8     8    21     0     3   -57.0  -18.082  -39.165   4330.9    605.8
     1     1     7     8     8    20     0     2   -58.0  -17.984  -38.905   4368.4    604.6
     1     1     7     8     8    19     0     1   -59.0  -17.897  -38.642   4404.3    602.4
     1     1     7     8     8    18     0     0   -60.0  -17.822  -38.375   4438.3    600.4
     1     1     7     8     8    17     0     1   -61.0  -17.753  -38.095   4469.9    598.6
     1     1     7     8     8    16     0     2   -62.0  -17.688  -37.797   4497.5    596.6
     1     1     7     8     8    15     0     3   -63.0  -17.629  -37.481   4519.8    594.6
     1     1     7     8     8    14     0     2   -64.0  -17.581  -37.151   4537.1    593.3
     1     1     7     8     8    13     0     1   -65.0  -17.546  -36.821   4551.3    592.4
     1     1     7     8     8    12     0     0   -66.0  -17.525  -36.501   4563.7    592.0
     1     1     7     8     8    11     0     1   -67.0  -17.518  -36.189   4576.8    591.0
     1     1     7     8     8    10     0     2   -68.0  -17.523  -35.878   4593.3    589.5
     1     1     7     8     8     9     0     3   -69.0  -17.533  -35.562   4613.5    587.2
     1     1     7     8     8     8     0     2   -70.0  -17.542  -35.246   4634.1    585.1
     1     1     7     8     8     7     0     1   -71.0  -17.547  -34.936   4653.6    583.6
     1     1     7     8     8     6     0     0   -72.0  -17.550  -34.635   4676.9    582.4
     1     1     7     8     8     5     0     1   -73.0  -17.554  -34.337   4705.9    580.8
     1     1     7     8     8     4     0     2   -74.0  -17.562  -34.037   4737.7    578.7
     1     1     7     8     8     3     0     3   -75.0  -17.576  -33.731   4766.0    576.5
     1     1     7     8     8     2     0     2   -76.0  -17.602  -33.422   4796.4    574.5
     1     1     7     8     8     1     0     1   -77.0  -17.649  -33.115   4838.8    571.5
     1     1     7     8     8     0     0     0   -78.0  -17.720  -32.816   4900.2    567.3
     1     1     7     8     7    23     0     1   -79.0  -17.816  -32.533   4971.0    561.5
     1     1     7     8     7    22     0     2   -80.0  -17.937  -32.274   5034.6    556.8
     1     1     7     8     7    21     0     3   -81.0  -18.080  -32.039   5084.7    553.3
     1     1     7     8     7    20     0     2   -82.0  -18.235  -31.833   5123.5    551.0
     1     1     7     8     7    19     0     1   -83.0  -18.394  -31.660   5163.0    548.4
     1     1     7     8     7    18     0     0   -84.0  -18.557  -31.520   5209.8    545.4
     1     1     7     8     7    17     0     1   -85.0  -18.720  -31.410   5265.8    541.6
     1     1     7     8     7    16     0     2   -86.0  -18.878  -31.324   5327.6    537.4
     1     1     7     8     7    15     0     3   -87.0  -19.031  -31.263   5390.2    533.1
     1     1     7     8     7    14     0     2   -88.0  -19.179  -31.228   5449.9    529.2
     1     1     7     8     7    13     0     1   -89.0  -19.322  -31.218   5507.8    525.6
     1     1     7     8     7    12     0     0   -90.0  -19.463  -31.236   5567.1    521.9
     1     1     7     8     7    11     0     1   -91.0  -19.589  -31.281   5619.5    517.4
     1     1     7     8     7    10     0     2   -92.0  -19.683  -31.354   5653.7    514.7
     1     1     7     8     7     9     0     3   -93.0  -19.743  -31.455   5668.4    513.4
     1     1     7     8     7     8     0     2   -94.0  -19.782  -31.577   5670.3    513.6
     1     1     7     8     7     7     0     1   -95.0  -19.809  -31.711   5665.2    513.8
     1     1     7     8     7     6     0     0   -96.0  -19.820  -31.859   5651.7    514.6
     1     1     7     8     7     5     0     1   -97.0  -19.825  -32.013   5636.1    516.3
     1     1     7     8     7     4     0     2   -98.0  -19.837  -32.167   5623.5    517.3
     1     1     7     8     7     3     0     3   -99.0  -19.859  -32.322   5609.6    518.2
     1     1     7     8     7     2     0     2  -100.0  -19.889  -32.481   5593.2    519.5
     1     1     7     8     7     1     0     1  -101.0  -19.931  -32.644   5576.7    520.8
     1     1     7     8     7     0     0     0  -102.0  -19.979  -32.814   5563.0    521.9
     1     1     7     8     6    23     0     1  -103.0  -20.034  -32.991   5563.2    522.3
     1     1     7     8     6    22     0     2  -104.0  -20.099  -33.176   5585.3    520.5
     1     1     7     8     6    21     0     3  -105.0  -20.177  -33.372   5622.3    517.4
     1     1     7     8     6    20     0     2  -106.0  -20.259  -33.578   5664.0    514.3
     1     1     7     8     6    19     0     1  -107.0  -20.338  -33.794   5709.0    511.5
     1     1     7     8     6    18     0     0  -108.0  -20.411  -34.024   5762.8    508.0
     1     1     7     8     6    17     0     1  -109.0  -20.478  -34.270   5816.3    503.8
     1     1     7     8     6    16     0     2  -110.0  -20.538  -34.527   5853.1    501.3
     1     1     7     8     6    15     0     3  -111.0  -20.583  -34.791   5866.4    500.4
     1     1     7     8     6    14     0     2  -112.0  -20.619  -35.057   5868.7    501.5
     1     1     7     8     6    13     0     1  -113.0  -20.653  -35.333   5873.2    501.1
     1     1     7     8     6    12     0     0  -114.0  -20.680  -35.622   5880.4    500.5
     1     1     7     8     6    11     0     1  -115.0  -20.709  -35.918   5889.5    499.2
     1     1     7     8     6    10     0     2  -116.0  -20.749  -36.214   5902.3    498.2
     1     1     7     8     6     9     0     3  -117.0  -20.797  -36.511   5917.9    497.0
     1     1     7     8     6     8     0     2  -118.0  -20.845  -36.817   5925.4    496.2
     1     1     7     8     6     7     0     1  -119.0  -20.890  -37.137   5918.5    496.9
     1     1     7     8     6     6     0     0  -120.0  -20.931  -37.469   5906.8    497.6
