     7     1
    GDAS     7     7    22     0     0
    GDAS     7     8     8     0     0
    GDAS     7     8    15     0     0
    GDAS     7     8    22     0     0
    GDAS     7     8    29     0     0
    GDAS     7     8     1     0     0
    GDAS     7     7    29     0     0
     1 BACKWARD OMEGA   
     7     8    27     0  -23.561  -46.740  4000.0
     1 PRESSURE
     1     1     7     8    27     0     0     0     0.0  -23.561  -46.740   4000.0    585.4
     1     1     7     8    26    23     0     1    -1.0  -23.510  -47.128   3974.4    584.9
     1     1     7     8    26    22     0     2    -2.0  -23.420  -47.568   3982.5    586.1
     1     1     7     8    26    21     0     3    -3.0  -23.305  -48.067   4015.1    586.1
     1     1     7     8    26    20     0     2    -4.0  -23.152  -48.598   4051.1    577.1
     1     1     7     8    26    19     0     1    -5.0  -22.947  -49.126   4119.5    567.8
     1     1     7     8    26    18     0     0    -6.0  -22.731  -49.649   4218.7    570.5
     1     1     7     8    26    17     0     1    -7.0  -22.525  -50.157   4270.9    571.4
     1     1     7     8    26    16     0     2    -8.0  -22.316  -50.625   4266.5    573.1
     1     1     7     8    26    15     0     3    -9.0  -22.106  -51.056   4226.4    577.6
     1     1     7     8    26    14     0     2   -10.0  -21.896  -51.470   4191.4    588.1
     1     1     7     8    26    13     0     1   -11.0  -21.680  -51.876   4170.2    593.9
     1     1     7     8    26    12     0     0   -12.0  -21.461  -52.270   4153.2    594.9
     1     1     7     8    26    11     0     1   -13.0  -21.244  -52.643   4147.2    594.5
     1     1     7     8    26    10     0     2   -14.0  -21.032  -52.993   4149.0    594.5
     1     1     7     8    26     9     0     3   -15.0  -20.817  -53.309   4139.2    591.1
     1     1     7     8    26     8     0     2   -16.0  -20.596  -53.594   4110.6    588.4
     1     1     7     8    26     7     0     1   -17.0  -20.369  -53.859   4054.9    588.4
     1     1     7     8    26     6     0     0   -18.0  -20.141  -54.115   3986.4    591.9
     1     1     7     8    26     5     0     1   -19.0  -19.904  -54.358   3937.7    600.5
     1     1     7     8    26     4     0     2   -20.0  -19.656  -54.573   3918.0    605.7
     1     1     7     8    26     3     0     3   -21.0  -19.400  -54.762   3916.1    609.3
     1     1     7     8    26     2     0     2   -22.0  -19.142  -54.928   3929.4    611.3
     1     1     7     8    26     1     0     1   -23.0  -18.888  -55.077   3962.8    612.1
     1     1     7     8    26     0     0     0   -24.0  -18.638  -55.214   4020.0    610.7
     1     1     7     8    25    23     0     1   -25.0  -18.388  -55.339   4090.7    606.6
     1     1     7     8    25    22     0     2   -26.0  -18.128  -55.444   4165.6    602.4
     1     1     7     8    25    21     0     3   -27.0  -17.854  -55.525   4244.4    596.6
     1     1     7     8    25    20     0     2   -28.0  -17.588  -55.585   4316.0    590.3
     1     1     7     8    25    19     0     1   -29.0  -17.351  -55.626   4374.7    585.9
     1     1     7     8    25    18     0     0   -30.0  -17.144  -55.642   4426.2    581.9
     1     1     7     8    25    17     0     1   -31.0  -16.963  -55.642   4476.8    578.1
     1     1     7     8    25    16     0     2   -32.0  -16.800  -55.635   4529.5    573.7
     1     1     7     8    25    15     0     3   -33.0  -16.652  -55.622   4583.2    569.2
     1     1     7     8    25    14     0     2   -34.0  -16.516  -55.605   4630.5    564.5
     1     1     7     8    25    13     0     1   -35.0  -16.389  -55.588   4664.9    561.2
     1     1     7     8    25    12     0     0   -36.0  -16.271  -55.570   4687.3    558.8
     1     1     7     8    25    11     0     1   -37.0  -16.161  -55.549   4703.8    557.0
     1     1     7     8    25    10     0     2   -38.0  -16.056  -55.520   4720.2    554.7
     1     1     7     8    25     9     0     3   -39.0  -15.956  -55.485   4736.5    552.1
     1     1     7     8    25     8     0     2   -40.0  -15.857  -55.443   4750.6    549.6
     1     1     7     8    25     7     0     1   -41.0  -15.754  -55.394   4759.4    547.3
     1     1     7     8    25     6     0     0   -42.0  -15.648  -55.341   4761.4    545.4
     1     1     7     8    25     5     0     1   -43.0  -15.540  -55.277   4754.7    544.2
     1     1     7     8    25     4     0     2   -44.0  -15.427  -55.197   4738.8    543.4
     1     1     7     8    25     3     0     3   -45.0  -15.303  -55.101   4714.9    542.6
     1     1     7     8    25     2     0     2   -46.0  -15.175  -54.986   4691.8    541.4
     1     1     7     8    25     1     0     1   -47.0  -15.051  -54.848   4680.1    539.8
     1     1     7     8    25     0     0     0   -48.0  -14.931  -54.690   4679.6    538.8
     1     1     7     8    24    23     0     1   -49.0  -14.833  -54.528   4688.9    538.0
     1     1     7     8    24    22     0     2   -50.0  -14.768  -54.377   4707.6    536.5
     1     1     7     8    24    21     0     3   -51.0  -14.738  -54.235   4736.6    533.9
     1     1     7     8    24    20     0     2   -52.0  -14.734  -54.100   4769.5    530.8
     1     1     7     8    24    19     0     1   -53.0  -14.746  -53.970   4799.0    528.5
     1     1     7     8    24    18     0     0   -54.0  -14.776  -53.843   4824.9    527.6
     1     1     7     8    24    17     0     1   -55.0  -14.817  -53.714   4843.1    527.1
     1     1     7     8    24    16     0     2   -56.0  -14.864  -53.578   4855.1    527.1
     1     1     7     8    24    15     0     3   -57.0  -14.918  -53.434   4862.0    527.4
     1     1     7     8    24    14     0     2   -58.0  -14.970  -53.289   4864.6    527.8
     1     1     7     8    24    13     0     1   -59.0  -15.015  -53.149   4862.1    528.7
     1     1     7     8    24    12     0     0   -60.0  -15.053  -53.018   4851.7    530.4
     1     1     7     8    24    11     0     1   -61.0  -15.075  -52.898   4843.4    532.8
     1     1     7     8    24    10     0     2   -62.0  -15.076  -52.789   4848.6    533.3
     1     1     7     8    24     9     0     3   -63.0  -15.059  -52.688   4868.3    532.7
     1     1     7     8    24     8     0     2   -64.0  -15.031  -52.587   4893.2    531.4
     1     1     7     8    24     7     0     1   -65.0  -14.994  -52.477   4912.9    531.3
     1     1     7     8    24     6     0     0   -66.0  -14.948  -52.360   4926.1    531.7
     1     1     7     8    24     5     0     1   -67.0  -14.897  -52.226   4939.5    532.8
     1     1     7     8    24     4     0     2   -68.0  -14.848  -52.069   4961.6    532.9
     1     1     7     8    24     3     0     3   -69.0  -14.802  -51.889   4993.4    532.1
     1     1     7     8    24     2     0     2   -70.0  -14.769  -51.696   5033.3    530.3
     1     1     7     8    24     1     0     1   -71.0  -14.757  -51.498   5077.5    528.6
     1     1     7     8    24     0     0     0   -72.0  -14.766  -51.295   5124.9    526.6
     1     1     7     8    23    23     0     1   -73.0  -14.795  -51.087   5172.0    524.3
     1     1     7     8    23    22     0     2   -74.0  -14.843  -50.872   5207.2    519.9
     1     1     7     8    23    21     0     3   -75.0  -14.920  -50.655   5235.5    513.5
     1     1     7     8    23    20     0     2   -76.0  -15.031  -50.443   5266.2    507.1
     1     1     7     8    23    19     0     1   -77.0  -15.172  -50.244   5301.5    500.3
     1     1     7     8    23    18     0     0   -78.0  -15.337  -50.060   5340.8    493.6
     1     1     7     8    23    17     0     1   -79.0  -15.521  -49.894   5380.9    487.7
     1     1     7     8    23    16     0     2   -80.0  -15.719  -49.744   5413.2    482.9
     1     1     7     8    23    15     0     3   -81.0  -15.931  -49.607   5437.9    478.1
     1     1     7     8    23    14     0     2   -82.0  -16.157  -49.489   5465.9    475.0
     1     1     7     8    23    13     0     1   -83.0  -16.397  -49.392   5498.3    473.3
     1     1     7     8    23    12     0     0   -84.0  -16.648  -49.313   5535.7    471.8
     1     1     7     8    23    11     0     1   -85.0  -16.913  -49.265   5576.6    469.9
     1     1     7     8    23    10     0     2   -86.0  -17.191  -49.254   5615.0    469.2
     1     1     7     8    23     9     0     3   -87.0  -17.480  -49.271   5644.6    469.6
     1     1     7     8    23     8     0     2   -88.0  -17.774  -49.304   5674.1    471.3
     1     1     7     8    23     7     0     1   -89.0  -18.068  -49.344   5714.1    471.0
     1     1     7     8    23     6     0     0   -90.0  -18.369  -49.388   5765.5    468.2
     1     1     7     8    23     5     0     1   -91.0  -18.678  -49.436   5837.3    464.0
     1     1     7     8    23     4     0     2   -92.0  -19.006  -49.484   5924.7    459.2
     1     1     7     8    23     3     0     3   -93.0  -19.359  -49.530   6029.8    455.6
     1     1     7     8    23     2     0     2   -94.0  -19.716  -49.587   6138.0    452.2
     1     1     7     8    23     1     0     1   -95.0  -20.073  -49.678   6249.7    447.8
     1     1     7     8    23     0     0     0   -96.0  -20.450  -49.807   6350.9    441.4
     1     1     7     8    22    23     0     1   -97.0  -20.833  -49.969   6440.7    435.5
     1     1     7     8    22    22     0     2   -98.0  -21.196  -50.166   6525.6    431.6
     1     1     7     8    22    21     0     3   -99.0  -21.550  -50.410   6611.0    427.2
     1     1     7     8    22    20     0     2  -100.0  -21.912  -50.701   6674.1    421.5
     1     1     7     8    22    19     0     1  -101.0  -22.280  -51.033   6697.9    419.8
     1     1     7     8    22    18     0     0  -102.0  -22.638  -51.399   6697.9    422.8
     1     1     7     8    22    17     0     1  -103.0  -22.964  -51.792   6693.3    426.4
     1     1     7     8    22    16     0     2  -104.0  -23.259  -52.215   6711.8    425.1
     1     1     7     8    22    15     0     3  -105.0  -23.538  -52.671   6768.6    422.0
     1     1     7     8    22    14     0     2  -106.0  -23.813  -53.163   6833.1    417.3
     1     1     7     8    22    13     0     1  -107.0  -24.066  -53.683   6856.0    418.1
     1     1     7     8    22    12     0     0  -108.0  -24.298  -54.225   6827.7    420.9
     1     1     7     8    22    11     0     1  -109.0  -24.494  -54.799   6806.0    425.7
     1     1     7     8    22    10     0     2  -110.0  -24.627  -55.420   6794.8    426.9
     1     1     7     8    22     9     0     3  -111.0  -24.685  -56.090   6738.7    429.7
     1     1     7     8    22     8     0     2  -112.0  -24.685  -56.763   6670.0    441.5
     1     1     7     8    22     7     0     1  -113.0  -24.646  -57.418   6586.5    449.4
     1     1     7     8    22     6     0     0  -114.0  -24.566  -58.074   6528.7    453.1
     1     1     7     8    22     5     0     1  -115.0  -24.456  -58.725   6499.5    454.2
     1     1     7     8    22     4     0     2  -116.0  -24.322  -59.345   6470.1    454.8
     1     1     7     8    22     3     0     3  -117.0  -24.160  -59.917   6438.0    456.9
     1     1     7     8    22     2     0     2  -118.0  -23.992  -60.454   6395.2    458.6
     1     1     7     8    22     1     0     1  -119.0  -23.845  -60.971   6345.4    458.8
     1     1     7     8    22     0     0     0  -120.0  -23.715  -61.472   6310.4    461.1
