     7     1
    GDAS     7     7    22     0     0
    GDAS     7     8     8     0     0
    GDAS     7     8    15     0     0
    GDAS     7     8    22     0     0
    GDAS     7     8    29     0     0
    GDAS     7     8     1     0     0
    GDAS     7     7    29     0     0
     1 BACKWARD OMEGA   
     7     8    26    18  -23.561  -46.740  4000.0
     1 PRESSURE
     1     1     7     8    26    18     0     0     0.0  -23.561  -46.740   4000.0    584.2
     1     1     7     8    26    17     0     1    -1.0  -23.341  -47.238   4046.7    577.2
     1     1     7     8    26    16     0     2    -2.0  -23.089  -47.697   4090.7    579.5
     1     1     7     8    26    15     0     3    -3.0  -22.818  -48.116   4104.9    580.5
     1     1     7     8    26    14     0     2    -4.0  -22.546  -48.503   4080.5    579.0
     1     1     7     8    26    13     0     1    -5.0  -22.281  -48.870   4056.3    582.7
     1     1     7     8    26    12     0     0    -6.0  -22.024  -49.217   4039.1    589.7
     1     1     7     8    26    11     0     1    -7.0  -21.781  -49.551   4015.9    592.3
     1     1     7     8    26    10     0     2    -8.0  -21.555  -49.880   3992.0    594.2
     1     1     7     8    26     9     0     3    -9.0  -21.339  -50.196   3963.1    597.3
     1     1     7     8    26     8     0     2   -10.0  -21.128  -50.494   3933.5    602.9
     1     1     7     8    26     7     0     1   -11.0  -20.914  -50.769   3905.0    608.1
     1     1     7     8    26     6     0     0   -12.0  -20.691  -51.021   3871.3    612.2
     1     1     7     8    26     5     0     1   -13.0  -20.467  -51.245   3836.3    615.0
     1     1     7     8    26     4     0     2   -14.0  -20.248  -51.438   3811.0    616.2
     1     1     7     8    26     3     0     3   -15.0  -20.030  -51.600   3793.5    616.7
     1     1     7     8    26     2     0     2   -16.0  -19.815  -51.739   3789.7    615.0
     1     1     7     8    26     1     0     1   -17.0  -19.608  -51.862   3813.9    609.9
     1     1     7     8    26     0     0     0   -18.0  -19.409  -51.965   3868.6    602.4
     1     1     7     8    25    23     0     1   -19.0  -19.215  -52.049   3936.4    592.6
     1     1     7     8    25    22     0     2   -20.0  -19.020  -52.113   3994.0    585.0
     1     1     7     8    25    21     0     3   -21.0  -18.824  -52.157   4039.3    579.6
     1     1     7     8    25    20     0     2   -22.0  -18.636  -52.189   4071.8    576.5
     1     1     7     8    25    19     0     1   -23.0  -18.466  -52.214   4096.5    573.8
     1     1     7     8    25    18     0     0   -24.0  -18.314  -52.234   4115.7    571.7
     1     1     7     8    25    17     0     1   -25.0  -18.175  -52.250   4135.8    570.0
     1     1     7     8    25    16     0     2   -26.0  -18.039  -52.261   4162.2    567.5
     1     1     7     8    25    15     0     3   -27.0  -17.905  -52.269   4194.5    565.1
     1     1     7     8    25    14     0     2   -28.0  -17.767  -52.274   4229.3    562.6
     1     1     7     8    25    13     0     1   -29.0  -17.621  -52.278   4263.7    560.2
     1     1     7     8    25    12     0     0   -30.0  -17.468  -52.280   4295.7    557.9
     1     1     7     8    25    11     0     1   -31.0  -17.310  -52.270   4322.9    555.6
     1     1     7     8    25    10     0     2   -32.0  -17.149  -52.239   4344.1    553.6
     1     1     7     8    25     9     0     3   -33.0  -16.986  -52.187   4361.1    552.0
     1     1     7     8    25     8     0     2   -34.0  -16.826  -52.121   4381.5    553.5
     1     1     7     8    25     7     0     1   -35.0  -16.674  -52.049   4396.7    555.7
     1     1     7     8    25     6     0     0   -36.0  -16.528  -51.970   4407.0    558.5
     1     1     7     8    25     5     0     1   -37.0  -16.384  -51.879   4418.4    562.0
     1     1     7     8    25     4     0     2   -38.0  -16.240  -51.771   4436.1    564.1
     1     1     7     8    25     3     0     3   -39.0  -16.095  -51.642   4458.0    565.6
     1     1     7     8    25     2     0     2   -40.0  -15.958  -51.502   4478.4    565.4
     1     1     7     8    25     1     0     1   -41.0  -15.838  -51.364   4496.4    564.4
     1     1     7     8    25     0     0     0   -42.0  -15.733  -51.230   4519.9    563.1
     1     1     7     8    24    23     0     1   -43.0  -15.643  -51.101   4546.5    561.2
     1     1     7     8    24    22     0     2   -44.0  -15.566  -50.981   4571.4    559.4
     1     1     7     8    24    21     0     3   -45.0  -15.500  -50.864   4590.7    556.2
     1     1     7     8    24    20     0     2   -46.0  -15.439  -50.747   4607.4    553.4
     1     1     7     8    24    19     0     1   -47.0  -15.377  -50.627   4618.9    551.0
     1     1     7     8    24    18     0     0   -48.0  -15.314  -50.501   4623.9    548.9
     1     1     7     8    24    17     0     1   -49.0  -15.250  -50.368   4625.6    547.1
     1     1     7     8    24    16     0     2   -50.0  -15.185  -50.224   4627.0    544.9
     1     1     7     8    24    15     0     3   -51.0  -15.119  -50.066   4625.6    542.5
     1     1     7     8    24    14     0     2   -52.0  -15.053  -49.905   4624.4    541.0
     1     1     7     8    24    13     0     1   -53.0  -14.990  -49.750   4625.4    540.5
     1     1     7     8    24    12     0     0   -54.0  -14.931  -49.604   4628.1    540.0
     1     1     7     8    24    11     0     1   -55.0  -14.872  -49.464   4634.1    539.1
     1     1     7     8    24    10     0     2   -56.0  -14.812  -49.324   4645.9    537.7
     1     1     7     8    24     9     0     3   -57.0  -14.754  -49.186   4664.6    535.8
     1     1     7     8    24     8     0     2   -58.0  -14.701  -49.045   4684.3    533.7
     1     1     7     8    24     7     0     1   -59.0  -14.655  -48.898   4695.8    531.8
     1     1     7     8    24     6     0     0   -60.0  -14.616  -48.747   4699.6    530.3
     1     1     7     8    24     5     0     1   -61.0  -14.585  -48.595   4709.3    529.4
     1     1     7     8    24     4     0     2   -62.0  -14.566  -48.437   4736.2    526.2
     1     1     7     8    24     3     0     3   -63.0  -14.563  -48.272   4777.8    521.8
     1     1     7     8    24     2     0     2   -64.0  -14.587  -48.103   4826.0    515.9
     1     1     7     8    24     1     0     1   -65.0  -14.641  -47.934   4877.0    510.7
     1     1     7     8    24     0     0     0   -66.0  -14.723  -47.768   4932.6    506.6
     1     1     7     8    23    23     0     1   -67.0  -14.834  -47.610   4993.7    502.4
     1     1     7     8    23    22     0     2   -68.0  -14.986  -47.466   5068.1    496.9
     1     1     7     8    23    21     0     3   -69.0  -15.176  -47.336   5159.0    491.1
     1     1     7     8    23    20     0     2   -70.0  -15.389  -47.215   5248.6    484.7
     1     1     7     8    23    19     0     1   -71.0  -15.610  -47.103   5322.3    480.1
     1     1     7     8    23    18     0     0   -72.0  -15.841  -47.001   5378.1    476.3
     1     1     7     8    23    17     0     1   -73.0  -16.079  -46.907   5425.7    474.9
     1     1     7     8    23    16     0     2   -74.0  -16.316  -46.816   5471.2    475.2
     1     1     7     8    23    15     0     3   -75.0  -16.547  -46.724   5507.8    475.7
     1     1     7     8    23    14     0     2   -76.0  -16.783  -46.630   5545.0    476.2
     1     1     7     8    23    13     0     1   -77.0  -17.032  -46.535   5594.4    475.1
     1     1     7     8    23    12     0     0   -78.0  -17.295  -46.440   5655.9    471.1
     1     1     7     8    23    11     0     1   -79.0  -17.575  -46.368   5725.0    464.7
     1     1     7     8    23    10     0     2   -80.0  -17.877  -46.329   5788.3    459.0
     1     1     7     8    23     9     0     3   -81.0  -18.207  -46.317   5843.1    453.0
     1     1     7     8    23     8     0     2   -82.0  -18.556  -46.327   5906.2    447.6
     1     1     7     8    23     7     0     1   -83.0  -18.919  -46.350   5995.3    439.5
     1     1     7     8    23     6     0     0   -84.0  -19.297  -46.385   6110.9    430.3
     1     1     7     8    23     5     0     1   -85.0  -19.694  -46.443   6229.0    420.6
     1     1     7     8    23     4     0     2   -86.0  -20.114  -46.510   6333.6    414.0
     1     1     7     8    23     3     0     3   -87.0  -20.552  -46.574   6434.3    411.1
     1     1     7     8    23     2     0     2   -88.0  -20.999  -46.656   6542.0    409.2
     1     1     7     8    23     1     0     1   -89.0  -21.469  -46.792   6664.0    401.6
     1     1     7     8    23     0     0     0   -90.0  -21.983  -46.987   6831.0    392.9
     1     1     7     8    22    23     0     1   -91.0  -22.503  -47.243   7031.7    386.4
     1     1     7     8    22    22     0     2   -92.0  -22.983  -47.561   7199.5    384.7
     1     1     7     8    22    21     0     3   -93.0  -23.449  -47.927   7319.8    379.8
     1     1     7     8    22    20     0     2   -94.0  -23.931  -48.343   7389.4    370.7
     1     1     7     8    22    19     0     1   -95.0  -24.430  -48.814   7459.0    367.8
     1     1     7     8    22    18     0     0   -96.0  -24.950  -49.340   7433.6    364.5
     1     1     7     8    22    17     0     1   -97.0  -25.480  -49.934   7357.4    361.4
     1     1     7     8    22    16     0     2   -98.0  -25.983  -50.608   7353.3    363.6
     1     1     7     8    22    15     0     3   -99.0  -26.445  -51.364   7327.7    362.4
     1     1     7     8    22    14     0     2  -100.0  -26.847  -52.177   7343.0    369.9
     1     1     7     8    22    13     0     1  -101.0  -27.142  -52.986   7394.3    384.3
     1     1     7     8    22    12     0     0  -102.0  -27.377  -53.796   7368.3    386.7
     1     1     7     8    22    11     0     1  -103.0  -27.582  -54.635   7373.5    391.5
     1     1     7     8    22    10     0     2  -104.0  -27.711  -55.489   7330.3    399.4
     1     1     7     8    22     9     0     3  -105.0  -27.749  -56.333   7211.8    409.3
     1     1     7     8    22     8     0     2  -106.0  -27.742  -57.140   7095.4    418.9
     1     1     7     8    22     7     0     1  -107.0  -27.738  -57.935   7032.9    421.4
     1     1     7     8    22     6     0     0  -108.0  -27.732  -58.752   7031.4    422.3
     1     1     7     8    22     5     0     1  -109.0  -27.717  -59.582   7037.8    421.8
     1     1     7     8    22     4     0     2  -110.0  -27.688  -60.407   7041.5    421.6
     1     1     7     8    22     3     0     3  -111.0  -27.638  -61.237   7050.4    420.3
     1     1     7     8    22     2     0     2  -112.0  -27.572  -62.097   7052.7    417.3
     1     1     7     8    22     1     0     1  -113.0  -27.491  -62.973   7062.8    416.2
     1     1     7     8    22     0     0     0  -114.0  -27.390  -63.844   7070.5    414.1
     1     1     7     8    21    23     0     1  -115.0  -27.261  -64.737   7044.9    404.7
     1     1     7     8    21    22     0     2  -116.0  -27.083  -65.771   6638.6    347.1
     1     1     7     8    21    21     0     3  -117.0  -26.907  -67.135   6329.5    293.7
     1     1     7     8    21    20     0     2  -118.0  -26.746  -68.872   6263.8    257.4
     1     1     7     8    21    19     0     1  -119.0  -26.447  -70.251   7268.5    351.4
     1     1     7     8    21    18     0     0  -120.0  -26.127  -71.118   7505.1    391.1
