     7     1
    GDAS     7     7    22     0     0
    GDAS     7     8     8     0     0
    GDAS     7     8    15     0     0
    GDAS     7     8    22     0     0
    GDAS     7     8    29     0     0
    GDAS     7     8     1     0     0
    GDAS     7     7    29     0     0
     1 BACKWARD OMEGA   
     7     8     6    12  -23.561  -46.740  4000.0
     1 PRESSURE
     1     1     7     8     6    12     0     0     0.0  -23.561  -46.740   4000.0    587.9
     1     1     7     8     6    11     0     1    -1.0  -23.508  -47.045   3989.7    585.5
     1     1     7     8     6    10     0     2    -2.0  -23.460  -47.360   3991.0    586.7
     1     1     7     8     6     9     0     3    -3.0  -23.418  -47.679   4004.0    587.7
     1     1     7     8     6     8     0     2    -4.0  -23.372  -47.999   4026.5    588.2
     1     1     7     8     6     7     0     1    -5.0  -23.312  -48.325   4030.5    583.3
     1     1     7     8     6     6     0     0    -6.0  -23.240  -48.658   4016.4    579.3
     1     1     7     8     6     5     0     1    -7.0  -23.158  -48.997   3984.5    577.0
     1     1     7     8     6     4     0     2    -8.0  -23.065  -49.334   3973.9    584.1
     1     1     7     8     6     3     0     3    -9.0  -22.960  -49.657   3973.0    591.5
     1     1     7     8     6     2     0     2   -10.0  -22.844  -49.964   3972.1    596.8
     1     1     7     8     6     1     0     1   -11.0  -22.715  -50.255   3952.6    599.5
     1     1     7     8     6     0     0     0   -12.0  -22.577  -50.533   3928.9    602.3
     1     1     7     8     5    23     0     1   -13.0  -22.420  -50.803   3917.6    603.9
     1     1     7     8     5    22     0     2   -14.0  -22.239  -51.075   3925.3    603.8
     1     1     7     8     5    21     0     3   -15.0  -22.035  -51.343   3947.3    605.4
     1     1     7     8     5    20     0     2   -16.0  -21.818  -51.601   3963.6    607.6
     1     1     7     8     5    19     0     1   -17.0  -21.599  -51.843   3963.8    610.2
     1     1     7     8     5    18     0     0   -18.0  -21.382  -52.068   3950.8    611.8
     1     1     7     8     5    17     0     1   -19.0  -21.174  -52.277   3938.5    613.2
     1     1     7     8     5    16     0     2   -20.0  -20.982  -52.476   3937.3    613.4
     1     1     7     8     5    15     0     3   -21.0  -20.809  -52.670   3943.4    613.2
     1     1     7     8     5    14     0     2   -22.0  -20.647  -52.869   3951.5    612.3
     1     1     7     8     5    13     0     1   -23.0  -20.487  -53.076   3954.9    611.2
     1     1     7     8     5    12     0     0   -24.0  -20.329  -53.291   3954.0    608.1
     1     1     7     8     5    11     0     1   -25.0  -20.164  -53.513   3959.6    604.2
     1     1     7     8     5    10     0     2   -26.0  -19.981  -53.740   3974.8    598.5
     1     1     7     8     5     9     0     3   -27.0  -19.788  -53.970   3993.2    593.7
     1     1     7     8     5     8     0     2   -28.0  -19.589  -54.194   4015.6    594.9
     1     1     7     8     5     7     0     1   -29.0  -19.386  -54.405   4031.2    597.6
     1     1     7     8     5     6     0     0   -30.0  -19.182  -54.603   4046.8    600.3
     1     1     7     8     5     5     0     1   -31.0  -18.973  -54.789   4077.0    602.4
     1     1     7     8     5     4     0     2   -32.0  -18.749  -54.962   4128.0    602.2
     1     1     7     8     5     3     0     3   -33.0  -18.504  -55.116   4188.6    600.9
     1     1     7     8     5     2     0     2   -34.0  -18.234  -55.232   4243.7    598.4
     1     1     7     8     5     1     0     1   -35.0  -17.942  -55.291   4285.0    596.3
     1     1     7     8     5     0     0     0   -36.0  -17.634  -55.293   4314.8    593.4
     1     1     7     8     4    23     0     1   -37.0  -17.334  -55.247   4353.4    589.9
     1     1     7     8     4    22     0     2   -38.0  -17.053  -55.175   4414.2    583.8
     1     1     7     8     4    21     0     3   -39.0  -16.781  -55.085   4489.9    575.1
     1     1     7     8     4    20     0     2   -40.0  -16.504  -54.980   4558.4    565.4
     1     1     7     8     4    19     0     1   -41.0  -16.220  -54.853   4603.7    558.4
     1     1     7     8     4    18     0     0   -42.0  -15.934  -54.704   4631.8    553.2
     1     1     7     8     4    17     0     1   -43.0  -15.647  -54.530   4642.1    548.4
     1     1     7     8     4    16     0     2   -44.0  -15.359  -54.325   4639.6    544.3
     1     1     7     8     4    15     0     3   -45.0  -15.065  -54.088   4626.9    541.1
     1     1     7     8     4    14     0     2   -46.0  -14.775  -53.823   4626.8    544.1
     1     1     7     8     4    13     0     1   -47.0  -14.502  -53.540   4616.7    549.6
     1     1     7     8     4    12     0     0   -48.0  -14.251  -53.245   4578.6    556.3
     1     1     7     8     4    11     0     1   -49.0  -14.023  -52.931   4521.7    564.3
     1     1     7     8     4    10     0     2   -50.0  -13.809  -52.589   4462.0    569.2
     1     1     7     8     4     9     0     3   -51.0  -13.605  -52.215   4413.4    573.0
     1     1     7     8     4     8     0     2   -52.0  -13.409  -51.816   4376.9    577.8
     1     1     7     8     4     7     0     1   -53.0  -13.229  -51.405   4348.4    584.7
     1     1     7     8     4     6     0     0   -54.0  -13.067  -50.979   4318.8    589.9
     1     1     7     8     4     5     0     1   -55.0  -12.926  -50.538   4276.9    589.9
     1     1     7     8     4     4     0     2   -56.0  -12.809  -50.073   4247.1    589.2
     1     1     7     8     4     3     0     3   -57.0  -12.715  -49.580   4224.2    587.8
     1     1     7     8     4     2     0     2   -58.0  -12.641  -49.058   4201.9    585.2
     1     1     7     8     4     1     0     1   -59.0  -12.588  -48.516   4191.4    589.4
     1     1     7     8     4     0     0     0   -60.0  -12.562  -47.961   4172.8    593.7
     1     1     7     8     3    23     0     1   -61.0  -12.556  -47.411   4128.0    590.1
     1     1     7     8     3    22     0     2   -62.0  -12.556  -46.878   4081.4    585.5
     1     1     7     8     3    21     0     3   -63.0  -12.566  -46.361   4022.1    580.3
     1     1     7     8     3    20     0     2   -64.0  -12.584  -45.863   3968.3    579.5
     1     1     7     8     3    19     0     1   -65.0  -12.610  -45.383   3942.1    584.1
     1     1     7     8     3    18     0     0   -66.0  -12.647  -44.922   3924.5    587.8
     1     1     7     8     3    17     0     1   -67.0  -12.694  -44.471   3921.2    592.9
     1     1     7     8     3    16     0     2   -68.0  -12.751  -44.024   3934.5    596.7
     1     1     7     8     3    15     0     3   -69.0  -12.815  -43.581   3950.0    595.5
     1     1     7     8     3    14     0     2   -70.0  -12.883  -43.138   3966.9    594.5
     1     1     7     8     3    13     0     1   -71.0  -12.958  -42.693   3950.9    586.9
     1     1     7     8     3    12     0     0   -72.0  -13.041  -42.251   3898.5    577.9
     1     1     7     8     3    11     0     1   -73.0  -13.128  -41.830   3855.0    580.3
     1     1     7     8     3    10     0     2   -74.0  -13.224  -41.443   3847.3    591.4
     1     1     7     8     3     9     0     3   -75.0  -13.340  -41.084   3853.7    600.6
     1     1     7     8     3     8     0     2   -76.0  -13.473  -40.741   3860.8    606.1
     1     1     7     8     3     7     0     1   -77.0  -13.618  -40.407   3864.4    610.8
     1     1     7     8     3     6     0     0   -78.0  -13.777  -40.082   3864.6    614.6
     1     1     7     8     3     5     0     1   -79.0  -13.949  -39.759   3874.4    621.8
     1     1     7     8     3     4     0     2   -80.0  -14.127  -39.431   3899.7    628.1
     1     1     7     8     3     3     0     3   -81.0  -14.316  -39.097   3949.2    632.9
     1     1     7     8     3     2     0     2   -82.0  -14.509  -38.777   4004.9    631.0
     1     1     7     8     3     1     0     1   -83.0  -14.697  -38.488   4053.5    627.5
     1     1     7     8     3     0     0     0   -84.0  -14.884  -38.229   4089.1    624.5
     1     1     7     8     2    23     0     1   -85.0  -15.076  -37.996   4109.6    622.9
     1     1     7     8     2    22     0     2   -86.0  -15.276  -37.781   4119.2    622.4
     1     1     7     8     2    21     0     3   -87.0  -15.486  -37.586   4118.4    622.7
     1     1     7     8     2    20     0     2   -88.0  -15.710  -37.410   4110.3    623.8
     1     1     7     8     2    19     0     1   -89.0  -15.952  -37.254   4098.2    625.1
     1     1     7     8     2    18     0     0   -90.0  -16.208  -37.120   4087.5    626.4
     1     1     7     8     2    17     0     1   -91.0  -16.475  -37.006   4087.6    627.0
     1     1     7     8     2    16     0     2   -92.0  -16.750  -36.910   4103.4    626.1
     1     1     7     8     2    15     0     3   -93.0  -17.032  -36.840   4134.3    624.0
     1     1     7     8     2    14     0     2   -94.0  -17.312  -36.797   4172.8    620.3
     1     1     7     8     2    13     0     1   -95.0  -17.588  -36.782   4210.5    617.0
     1     1     7     8     2    12     0     0   -96.0  -17.867  -36.799   4242.6    614.1
     1     1     7     8     2    11     0     1   -97.0  -18.146  -36.846   4271.2    611.8
     1     1     7     8     2    10     0     2   -98.0  -18.419  -36.913   4303.3    609.5
     1     1     7     8     2     9     0     3   -99.0  -18.691  -36.994   4343.0    606.6
     1     1     7     8     2     8     0     2  -100.0  -18.953  -37.096   4395.4    603.3
     1     1     7     8     2     7     0     1  -101.0  -19.198  -37.226   4466.8    598.1
     1     1     7     8     2     6     0     0  -102.0  -19.431  -37.383   4559.4    590.8
     1     1     7     8     2     5     0     1  -103.0  -19.658  -37.562   4664.3    582.5
     1     1     7     8     2     4     0     2  -104.0  -19.881  -37.761   4774.6    574.3
     1     1     7     8     2     3     0     3  -105.0  -20.104  -37.981   4889.8    565.8
     1     1     7     8     2     2     0     2  -106.0  -20.328  -38.224   4999.2    557.3
     1     1     7     8     2     1     0     1  -107.0  -20.552  -38.489   5087.8    551.3
     1     1     7     8     2     0     0     0  -108.0  -20.778  -38.779   5152.5    546.9
     1     1     7     8     1    23     0     1  -109.0  -21.004  -39.097   5204.2    544.2
     1     1     7     8     1    22     0     2  -110.0  -21.224  -39.447   5253.9    540.3
     1     1     7     8     1    21     0     3  -111.0  -21.431  -39.828   5302.4    536.3
     1     1     7     8     1    20     0     2  -112.0  -21.625  -40.235   5340.6    532.7
     1     1     7     8     1    19     0     1  -113.0  -21.804  -40.654   5366.3    532.3
     1     1     7     8     1    18     0     0  -114.0  -21.963  -41.080   5378.5    531.5
     1     1     7     8     1    17     0     1  -115.0  -22.097  -41.516   5364.6    522.1
     1     1     7     8     1    16     0     2  -116.0  -22.205  -41.957   5378.0    512.4
     1     1     7     8     1    15     0     3  -117.0  -22.296  -42.390   5412.0    505.8
     1     1     7     8     1    14     0     2  -118.0  -22.390  -42.826   5441.9    500.8
     1     1     7     8     1    13     0     1  -119.0  -22.508  -43.272   5453.4    498.1
     1     1     7     8     1    12     0     0  -120.0  -22.651  -43.720   5439.3    497.3
