     7     1
    GDAS     7     7    22     0     0
    GDAS     7     8     8     0     0
    GDAS     7     8    15     0     0
    GDAS     7     8    22     0     0
    GDAS     7     8    29     0     0
    GDAS     7     8     1     0     0
    GDAS     7     7    29     0     0
     1 BACKWARD OMEGA   
     7     8    22    18  -23.561  -46.740  4000.0
     1 PRESSURE
     1     1     7     8    22    18     0     0     0.0  -23.561  -46.740   4000.0    586.5
     1     1     7     8    22    17     0     1    -1.0  -23.609  -46.872   4018.4    585.3
     1     1     7     8    22    16     0     2    -2.0  -23.670  -46.999   4044.7    582.9
     1     1     7     8    22    15     0     3    -3.0  -23.745  -47.124   4082.4    581.0
     1     1     7     8    22    14     0     2    -4.0  -23.832  -47.258   4120.1    578.2
     1     1     7     8    22    13     0     1    -5.0  -23.928  -47.409   4148.7    575.7
     1     1     7     8    22    12     0     0    -6.0  -24.026  -47.577   4164.2    574.4
     1     1     7     8    22    11     0     1    -7.0  -24.124  -47.765   4175.0    575.9
     1     1     7     8    22    10     0     2    -8.0  -24.216  -47.975   4181.2    576.7
     1     1     7     8    22     9     0     3    -9.0  -24.303  -48.207   4186.3    576.4
     1     1     7     8    22     8     0     2   -10.0  -24.382  -48.460   4183.7    574.1
     1     1     7     8    22     7     0     1   -11.0  -24.452  -48.728   4161.4    572.5
     1     1     7     8    22     6     0     0   -12.0  -24.509  -49.012   4118.2    571.0
     1     1     7     8    22     5     0     1   -13.0  -24.545  -49.301   4074.9    572.4
     1     1     7     8    22     4     0     2   -14.0  -24.558  -49.591   4040.9    571.5
     1     1     7     8    22     3     0     3   -15.0  -24.541  -49.880   4012.4    570.3
     1     1     7     8    22     2     0     2   -16.0  -24.501  -50.161   3994.0    571.1
     1     1     7     8    22     1     0     1   -17.0  -24.451  -50.427   3982.3    573.2
     1     1     7     8    22     0     0     0   -18.0  -24.384  -50.676   3970.4    575.6
     1     1     7     8    21    23     0     1   -19.0  -24.296  -50.896   3961.5    578.4
     1     1     7     8    21    22     0     2   -20.0  -24.193  -51.076   3962.2    581.0
     1     1     7     8    21    21     0     3   -21.0  -24.081  -51.215   3973.0    583.5
     1     1     7     8    21    20     0     2   -22.0  -23.970  -51.326   3978.6    585.5
     1     1     7     8    21    19     0     1   -23.0  -23.868  -51.422   3965.4    589.4
     1     1     7     8    21    18     0     0   -24.0  -23.774  -51.500   3934.7    594.0
     1     1     7     8    21    17     0     1   -25.0  -23.695  -51.563   3894.1    599.6
     1     1     7     8    21    16     0     2   -26.0  -23.636  -51.616   3852.3    604.5
     1     1     7     8    21    15     0     3   -27.0  -23.599  -51.661   3811.1    608.9
     1     1     7     8    21    14     0     2   -28.0  -23.583  -51.706   3781.5    612.6
     1     1     7     8    21    13     0     1   -29.0  -23.587  -51.762   3774.1    613.6
     1     1     7     8    21    12     0     0   -30.0  -23.611  -51.834   3788.9    613.0
     1     1     7     8    21    11     0     1   -31.0  -23.646  -51.921   3812.4    610.4
     1     1     7     8    21    10     0     2   -32.0  -23.681  -52.021   3828.9    609.4
     1     1     7     8    21     9     0     3   -33.0  -23.719  -52.131   3835.6    608.7
     1     1     7     8    21     8     0     2   -34.0  -23.755  -52.253   3838.5    609.3
     1     1     7     8    21     7     0     1   -35.0  -23.789  -52.390   3844.2    609.5
     1     1     7     8    21     6     0     0   -36.0  -23.818  -52.539   3855.7    609.5
     1     1     7     8    21     5     0     1   -37.0  -23.842  -52.695   3871.6    609.2
     1     1     7     8    21     4     0     2   -38.0  -23.856  -52.854   3889.8    609.2
     1     1     7     8    21     3     0     3   -39.0  -23.861  -53.014   3912.9    608.8
     1     1     7     8    21     2     0     2   -40.0  -23.862  -53.172   3955.8    607.8
     1     1     7     8    21     1     0     1   -41.0  -23.867  -53.329   4028.6    603.4
     1     1     7     8    21     0     0     0   -42.0  -23.876  -53.491   4127.0    597.0
     1     1     7     8    20    23     0     1   -43.0  -23.890  -53.663   4229.1    589.3
     1     1     7     8    20    22     0     2   -44.0  -23.910  -53.846   4317.4    584.2
     1     1     7     8    20    21     0     3   -45.0  -23.934  -54.040   4394.8    579.6
     1     1     7     8    20    20     0     2   -46.0  -23.962  -54.240   4464.4    574.3
     1     1     7     8    20    19     0     1   -47.0  -23.994  -54.444   4535.8    568.8
     1     1     7     8    20    18     0     0   -48.0  -24.030  -54.651   4608.6    563.2
     1     1     7     8    20    17     0     1   -49.0  -24.076  -54.860   4668.2    557.9
     1     1     7     8    20    16     0     2   -50.0  -24.140  -55.064   4702.3    556.6
     1     1     7     8    20    15     0     3   -51.0  -24.224  -55.263   4712.5    558.1
     1     1     7     8    20    14     0     2   -52.0  -24.334  -55.464   4718.9    560.6
     1     1     7     8    20    13     0     1   -53.0  -24.474  -55.688   4741.9    559.2
     1     1     7     8    20    12     0     0   -54.0  -24.642  -55.946   4775.7    555.9
     1     1     7     8    20    11     0     1   -55.0  -24.838  -56.232   4816.6    553.2
     1     1     7     8    20    10     0     2   -56.0  -25.072  -56.529   4857.6    553.6
     1     1     7     8    20     9     0     3   -57.0  -25.348  -56.834   4896.3    555.2
     1     1     7     8    20     8     0     2   -58.0  -25.653  -57.165   4921.8    554.9
     1     1     7     8    20     7     0     1   -59.0  -25.963  -57.527   4938.4    552.4
     1     1     7     8    20     6     0     0   -60.0  -26.277  -57.920   4967.7    549.9
     1     1     7     8    20     5     0     1   -61.0  -26.587  -58.350   5033.1    548.3
     1     1     7     8    20     4     0     2   -62.0  -26.881  -58.803   5135.4    542.0
     1     1     7     8    20     3     0     3   -63.0  -27.169  -59.275   5270.1    531.8
     1     1     7     8    20     2     0     2   -64.0  -27.468  -59.774   5425.1    519.3
     1     1     7     8    20     1     0     1   -65.0  -27.794  -60.308   5574.6    508.4
     1     1     7     8    20     0     0     0   -66.0  -28.157  -60.876   5694.6    499.4
     1     1     7     8    19    23     0     1   -67.0  -28.566  -61.481   5804.5    492.9
     1     1     7     8    19    22     0     2   -68.0  -29.019  -62.128   5966.3    485.1
     1     1     7     8    19    21     0     3   -69.0  -29.526  -62.827   6143.2    465.8
     1     1     7     8    19    20     0     2   -70.0  -30.079  -63.573   6279.1    443.7
     1     1     7     8    19    19     0     1   -71.0  -30.648  -64.338   6367.1    425.7
     1     1     7     8    19    18     0     0   -72.0  -31.222  -65.119   6497.8    406.2
     1     1     7     8    19    17     0     1   -73.0  -31.777  -65.900   6814.2    407.6
     1     1     7     8    19    16     0     2   -74.0  -32.315  -66.661   7009.8    389.5
     1     1     7     8    19    15     0     3   -75.0  -32.855  -67.395   7252.2    376.2
     1     1     7     8    19    14     0     2   -76.0  -33.421  -68.113   7481.4    360.2
     1     1     7     8    19    13     0     1   -77.0  -34.064  -68.892   7310.0    314.5
     1     1     7     8    19    12     0     0   -78.0  -34.746  -69.769   7146.0    287.6
     1     1     7     8    19    11     0     1   -79.0  -35.394  -70.695   7481.6    305.8
     1     1     7     8    19    10     0     2   -80.0  -35.993  -71.580   7961.7    329.8
     1     1     7     8    19     9     0     3   -81.0  -36.525  -72.405   8326.0    335.1
     1     1     7     8    19     8     0     2   -82.0  -37.015  -73.256   8549.8    330.8
     1     1     7     8    19     7     0     1   -83.0  -37.463  -74.185   8658.2    326.8
     1     1     7     8    19     6     0     0   -84.0  -37.860  -75.146   8669.5    329.4
     1     1     7     8    19     5     0     1   -85.0  -38.184  -76.121   8572.4    332.6
     1     1     7     8    19     4     0     2   -86.0  -38.421  -77.133   8495.5    337.7
     1     1     7     8    19     3     0     3   -87.0  -38.603  -78.209   8424.9    340.7
     1     1     7     8    19     2     0     2   -88.0  -38.723  -79.357   8358.7    344.4
     1     1     7     8    19     1     0     1   -89.0  -38.773  -80.559   8260.2    349.5
     1     1     7     8    19     0     0     0   -90.0  -38.774  -81.808   8159.4    355.0
     1     1     7     8    18    23     0     1   -91.0  -38.749  -83.101   8086.1    358.8
     1     1     7     8    18    22     0     2   -92.0  -38.676  -84.440   8008.1    362.3
     1     1     7     8    18    21     0     3   -93.0  -38.528  -85.847   7905.3    367.5
     1     1     7     8    18    20     0     2   -94.0  -38.345  -87.303   7783.4    374.4
     1     1     7     8    18    19     0     1   -95.0  -38.142  -88.756   7635.0    382.9
     1     1     7     8    18    18     0     0   -96.0  -37.885  -90.204   7483.7    391.2
     1     1     7     8    18    17     0     1   -97.0  -37.608  -91.644   7364.4    398.7
     1     1     7     8    18    16     0     2   -98.0  -37.342  -93.089   7288.6    403.7
     1     1     7     8    18    15     0     3   -99.0  -37.078  -94.545   7251.5    406.1
     1     1     7     8    18    14     0     2  -100.0  -36.819  -95.978   7239.7    406.6
     1     1     7     8    18    13     0     1  -101.0  -36.554  -97.374   7211.8    408.0
     1     1     7     8    18    12     0     0  -102.0  -36.270  -98.749   7150.4    411.6
     1     1     7     8    18    11     0     1  -103.0  -36.016 -100.090   7067.6    417.5
     1     1     7     8    18    10     0     2  -104.0  -35.802 -101.408   6987.3    421.8
     1     1     7     8    18     9     0     3  -105.0  -35.584 -102.716   6905.5    426.2
     1     1     7     8    18     8     0     2  -106.0  -35.382 -104.022   6809.9    433.3
     1     1     7     8    18     7     0     1  -107.0  -35.215 -105.339   6697.6    439.7
     1     1     7     8    18     6     0     0  -108.0  -35.053 -106.656   6587.1    446.9
     1     1     7     8    18     5     0     1  -109.0  -34.898 -107.980   6516.4    452.5
     1     1     7     8    18     4     0     2  -110.0  -34.779 -109.346   6504.5    452.3
     1     1     7     8    18     3     0     3  -111.0  -34.683 -110.779   6539.6    449.6
     1     1     7     8    18     2     0     2  -112.0  -34.581 -112.271   6581.6    447.0
     1     1     7     8    18     1     0     1  -113.0  -34.478 -113.813   6600.1    445.9
     1     1     7     8    18     0     0     0  -114.0  -34.374 -115.397   6573.7    447.3
     1     1     7     8    17    23     0     1  -115.0  -34.233 -116.985   6498.9    452.2
     1     1     7     8    17    22     0     2  -116.0  -34.034 -118.563   6436.1    456.6
     1     1     7     8    17    21     0     3  -117.0  -33.775 -120.117   6396.9    459.0
     1     1     7     8    17    20     0     2  -118.0  -33.500 -121.642   6365.5    461.4
     1     1     7     8    17    19     0     1  -119.0  -33.219 -123.123   6356.0    462.1
     1     1     7     8    17    18     0     0  -120.0  -32.897 -124.545   6346.9    463.2
