     7     1
    GDAS     7     7    22     0     0
    GDAS     7     8     8     0     0
    GDAS     7     8    15     0     0
    GDAS     7     8    22     0     0
    GDAS     7     8    29     0     0
    GDAS     7     8     1     0     0
    GDAS     7     7    29     0     0
     1 BACKWARD OMEGA   
     7     8    12    18  -23.561  -46.740  4000.0
     1 PRESSURE
     1     1     7     8    12    18     0     0     0.0  -23.561  -46.740   4000.0    588.4
     1     1     7     8    12    17     0     1    -1.0  -23.697  -46.752   4066.1    587.8
     1     1     7     8    12    16     0     2    -2.0  -23.823  -46.777   4146.7    585.0
     1     1     7     8    12    15     0     3    -3.0  -23.940  -46.817   4243.6    579.9
     1     1     7     8    12    14     0     2    -4.0  -24.055  -46.869   4362.2    573.1
     1     1     7     8    12    13     0     1    -5.0  -24.179  -46.934   4504.3    565.5
     1     1     7     8    12    12     0     0    -6.0  -24.311  -47.013   4662.3    557.6
     1     1     7     8    12    11     0     1    -7.0  -24.459  -47.114   4814.1    550.0
     1     1     7     8    12    10     0     2    -8.0  -24.631  -47.239   4934.3    546.3
     1     1     7     8    12     9     0     3    -9.0  -24.829  -47.387   5022.7    545.4
     1     1     7     8    12     8     0     2   -10.0  -25.043  -47.555   5094.0    546.2
     1     1     7     8    12     7     0     1   -11.0  -25.273  -47.747   5159.3    542.2
     1     1     7     8    12     6     0     0   -12.0  -25.523  -47.971   5232.4    539.5
     1     1     7     8    12     5     0     1   -13.0  -25.791  -48.238   5266.7    531.9
     1     1     7     8    12     4     0     2   -14.0  -26.084  -48.568   5255.1    523.0
     1     1     7     8    12     3     0     3   -15.0  -26.402  -48.963   5220.9    517.0
     1     1     7     8    12     2     0     2   -16.0  -26.728  -49.413   5201.8    512.3
     1     1     7     8    12     1     0     1   -17.0  -27.060  -49.935   5195.3    496.3
     1     1     7     8    12     0     0     0   -18.0  -27.407  -50.560   5208.2    480.7
     1     1     7     8    11    23     0     1   -19.0  -27.742  -51.248   5280.4    482.7
     1     1     7     8    11    22     0     2   -20.0  -28.042  -51.951   5367.2    485.4
     1     1     7     8    11    21     0     3   -21.0  -28.297  -52.656   5467.5    486.1
     1     1     7     8    11    20     0     2   -22.0  -28.530  -53.355   5551.7    487.4
     1     1     7     8    11    19     0     1   -23.0  -28.763  -54.049   5620.7    492.8
     1     1     7     8    11    18     0     0   -24.0  -28.997  -54.752   5637.9    492.3
     1     1     7     8    11    17     0     1   -25.0  -29.230  -55.469   5686.4    500.0
     1     1     7     8    11    16     0     2   -26.0  -29.462  -56.199   5749.3    501.6
     1     1     7     8    11    15     0     3   -27.0  -29.693  -56.945   5820.3    495.5
     1     1     7     8    11    14     0     2   -28.0  -29.924  -57.725   5930.5    489.0
     1     1     7     8    11    13     0     1   -29.0  -30.149  -58.552   6042.7    481.8
     1     1     7     8    11    12     0     0   -30.0  -30.358  -59.419   6179.2    473.5
     1     1     7     8    11    11     0     1   -31.0  -30.547  -60.324   6347.8    461.8
     1     1     7     8    11    10     0     2   -32.0  -30.716  -61.280   6475.2    451.9
     1     1     7     8    11     9     0     3   -33.0  -30.875  -62.291   6523.4    446.3
     1     1     7     8    11     8     0     2   -34.0  -31.014  -63.312   6569.6    438.5
     1     1     7     8    11     7     0     1   -35.0  -31.112  -64.396   6559.6    410.8
     1     1     7     8    11     6     0     0   -36.0  -31.157  -65.541   6616.1    410.6
     1     1     7     8    11     5     0     1   -37.0  -31.167  -66.640   6521.3    410.8
     1     1     7     8    11     4     0     2   -38.0  -31.123  -67.752   6506.4    401.8
     1     1     7     8    11     3     0     3   -39.0  -30.992  -68.964   6477.6    355.7
     1     1     7     8    11     2     0     2   -40.0  -30.758  -70.357   6328.9    310.6
     1     1     7     8    11     1     0     1   -41.0  -30.484  -71.503   6948.5    394.3
     1     1     7     8    11     0     0     0   -42.0  -30.178  -72.398   7051.4    422.8
     1     1     7     8    10    23     0     1   -43.0  -29.869  -73.207   6994.2    424.2
     1     1     7     8    10    22     0     2   -44.0  -29.594  -73.950   6956.5    426.5
     1     1     7     8    10    21     0     3   -45.0  -29.342  -74.648   6936.5    429.0
     1     1     7     8    10    20     0     2   -46.0  -29.109  -75.319   6932.9    430.3
     1     1     7     8    10    19     0     1   -47.0  -28.893  -75.977   6939.6    427.5
     1     1     7     8    10    18     0     0   -48.0  -28.683  -76.623   6958.4    426.3
     1     1     7     8    10    17     0     1   -49.0  -28.482  -77.270   6957.3    426.7
     1     1     7     8    10    16     0     2   -50.0  -28.294  -77.937   6939.4    427.1
     1     1     7     8    10    15     0     3   -51.0  -28.116  -78.617   6929.6    429.1
     1     1     7     8    10    14     0     2   -52.0  -27.945  -79.293   6935.3    429.4
     1     1     7     8    10    13     0     1   -53.0  -27.777  -79.950   6957.3    427.9
     1     1     7     8    10    12     0     0   -54.0  -27.607  -80.590   6985.6    425.7
     1     1     7     8    10    11     0     1   -55.0  -27.448  -81.204   7010.4    423.7
     1     1     7     8    10    10     0     2   -56.0  -27.319  -81.784   7034.2    423.0
     1     1     7     8    10     9     0     3   -57.0  -27.222  -82.344   7057.6    421.7
     1     1     7     8    10     8     0     2   -58.0  -27.149  -82.882   7086.6    420.2
     1     1     7     8    10     7     0     1   -59.0  -27.095  -83.390   7124.5    418.3
     1     1     7     8    10     6     0     0   -60.0  -27.054  -83.864   7153.2    417.2
     1     1     7     8    10     5     0     1   -61.0  -27.037  -84.308   7174.0    416.6
     1     1     7     8    10     4     0     2   -62.0  -27.052  -84.731   7210.9    414.7
     1     1     7     8    10     3     0     3   -63.0  -27.093  -85.133   7281.8    410.9
     1     1     7     8    10     2     0     2   -64.0  -27.161  -85.530   7363.8    405.0
     1     1     7     8    10     1     0     1   -65.0  -27.264  -85.936   7426.2    401.9
     1     1     7     8    10     0     0     0   -66.0  -27.405  -86.347   7470.5    399.3
     1     1     7     8     9    23     0     1   -67.0  -27.591  -86.761   7502.3    397.3
     1     1     7     8     9    22     0     2   -68.0  -27.833  -87.180   7526.9    396.3
     1     1     7     8     9    21     0     3   -69.0  -28.136  -87.615   7553.4    395.1
     1     1     7     8     9    20     0     2   -70.0  -28.480  -88.077   7583.6    393.0
     1     1     7     8     9    19     0     1   -71.0  -28.844  -88.569   7618.9    391.3
     1     1     7     8     9    18     0     0   -72.0  -29.237  -89.090   7652.5    389.7
     1     1     7     8     9    17     0     1   -73.0  -29.636  -89.647   7691.6    388.0
     1     1     7     8     9    16     0     2   -74.0  -30.013  -90.241   7763.6    384.5
     1     1     7     8     9    15     0     3   -75.0  -30.378  -90.862   7870.4    378.5
     1     1     7     8     9    14     0     2   -76.0  -30.735  -91.507   7981.8    370.5
     1     1     7     8     9    13     0     1   -77.0  -31.076  -92.169   8056.6    366.7
     1     1     7     8     9    12     0     0   -78.0  -31.406  -92.849   8094.4    364.4
     1     1     7     8     9    11     0     1   -79.0  -31.726  -93.532   8124.3    363.9
     1     1     7     8     9    10     0     2   -80.0  -32.016  -94.193   8141.6    363.4
     1     1     7     8     9     9     0     3   -81.0  -32.259  -94.821   8147.7    363.4
     1     1     7     8     9     8     0     2   -82.0  -32.488  -95.423   8183.8    363.2
     1     1     7     8     9     7     0     1   -83.0  -32.733  -96.008   8254.1    359.0
     1     1     7     8     9     6     0     0   -84.0  -32.985  -96.555   8329.5    354.6
     1     1     7     8     9     5     0     1   -85.0  -33.259  -97.087   8383.2    352.3
     1     1     7     8     9     4     0     2   -86.0  -33.580  -97.641   8401.5    350.8
     1     1     7     8     9     3     0     3   -87.0  -33.944  -98.206   8393.7    351.2
     1     1     7     8     9     2     0     2   -88.0  -34.317  -98.799   8368.4    353.3
     1     1     7     8     9     1     0     1   -89.0  -34.673  -99.439   8336.7    355.6
     1     1     7     8     9     0     0     0   -90.0  -35.030 -100.118   8331.0    357.2
     1     1     7     8     8    23     0     1   -91.0  -35.367 -100.841   8328.2    355.4
     1     1     7     8     8    22     0     2   -92.0  -35.660 -101.607   8334.8    356.3
     1     1     7     8     8    21     0     3   -93.0  -35.935 -102.398   8369.2    354.6
     1     1     7     8     8    20     0     2   -94.0  -36.202 -103.218   8422.8    351.5
     1     1     7     8     8    19     0     1   -95.0  -36.437 -104.073   8467.6    349.9
     1     1     7     8     8    18     0     0   -96.0  -36.646 -104.944   8476.2    349.4
     1     1     7     8     8    17     0     1   -97.0  -36.835 -105.846   8467.7    350.4
     1     1     7     8     8    16     0     2   -98.0  -36.977 -106.810   8437.7    352.0
     1     1     7     8     8    15     0     3   -99.0  -37.063 -107.811   8387.5    354.8
     1     1     7     8     8    14     0     2  -100.0  -37.102 -108.831   8332.4    357.7
     1     1     7     8     8    13     0     1  -101.0  -37.066 -109.868   8262.3    361.5
     1     1     7     8     8    12     0     0  -102.0  -36.961 -110.904   8186.3    365.7
     1     1     7     8     8    11     0     1  -103.0  -36.788 -111.910   8121.0    369.2
     1     1     7     8     8    10     0     2  -104.0  -36.520 -112.856   8054.2    372.2
     1     1     7     8     8     9     0     3  -105.0  -36.192 -113.724   7977.2    376.7
     1     1     7     8     8     8     0     2  -106.0  -35.848 -114.531   7896.6    381.3
     1     1     7     8     8     7     0     1  -107.0  -35.469 -115.267   7826.9    385.6
     1     1     7     8     8     6     0     0  -108.0  -35.063 -115.934   7772.7    389.6
     1     1     7     8     8     5     0     1  -109.0  -34.642 -116.530   7734.7    391.8
     1     1     7     8     8     4     0     2  -110.0  -34.196 -117.031   7705.4    392.7
     1     1     7     8     8     3     0     3  -111.0  -33.723 -117.414   7668.1    394.5
     1     1     7     8     8     2     0     2  -112.0  -33.246 -117.694   7622.6    397.4
     1     1     7     8     8     1     0     1  -113.0  -32.787 -117.899   7573.2    400.4
     1     1     7     8     8     0     0     0  -114.0  -32.350 -118.039   7525.1    403.4
     1     1     7     8     7    23     0     1  -115.0  -31.946 -118.112   7486.4    406.0
     1     1     7     8     7    22     0     2  -116.0  -31.582 -118.115   7458.6    407.4
     1     1     7     8     7    21     0     3  -117.0  -31.260 -118.063   7429.9    408.6
     1     1     7     8     7    20     0     2  -118.0  -30.986 -117.972   7389.8    411.0
     1     1     7     8     7    19     0     1  -119.0  -30.761 -117.847   7342.8    414.2
     1     1     7     8     7    18     0     0  -120.0  -30.576 -117.692   7298.8    417.0
