     7     1
    GDAS     7     7    22     0     0
    GDAS     7     8     8     0     0
    GDAS     7     8    15     0     0
    GDAS     7     8    22     0     0
    GDAS     7     8    29     0     0
    GDAS     7     8     1     0     0
    GDAS     7     7    29     0     0
     1 BACKWARD OMEGA   
     7     8    28     6  -23.561  -46.740  4000.0
     1 PRESSURE
     1     1     7     8    28     6     0     0     0.0  -23.561  -46.740   4000.0    584.8
     1     1     7     8    28     5     0     1    -1.0  -23.409  -47.223   4007.0    582.1
     1     1     7     8    28     4     0     2    -2.0  -23.246  -47.717   4031.2    585.0
     1     1     7     8    28     3     0     3    -3.0  -23.071  -48.224   4045.7    585.0
     1     1     7     8    28     2     0     2    -4.0  -22.904  -48.734   4029.1    578.2
     1     1     7     8    28     1     0     1    -5.0  -22.752  -49.250   4021.3    580.8
     1     1     7     8    28     0     0     0    -6.0  -22.601  -49.784   4017.5    590.0
     1     1     7     8    27    23     0     1    -7.0  -22.444  -50.337   4014.5    594.5
     1     1     7     8    27    22     0     2    -8.0  -22.282  -50.915   4038.2    592.8
     1     1     7     8    27    21     0     3    -9.0  -22.113  -51.524   4099.5    594.3
     1     1     7     8    27    20     0     2   -10.0  -21.920  -52.152   4167.2    595.0
     1     1     7     8    27    19     0     1   -11.0  -21.703  -52.796   4220.9    589.0
     1     1     7     8    27    18     0     0   -12.0  -21.470  -53.461   4291.7    583.3
     1     1     7     8    27    17     0     1   -13.0  -21.214  -54.138   4359.9    573.2
     1     1     7     8    27    16     0     2   -14.0  -20.931  -54.814   4433.7    567.1
     1     1     7     8    27    15     0     3   -15.0  -20.627  -55.479   4506.4    567.6
     1     1     7     8    27    14     0     2   -16.0  -20.294  -56.125   4554.7    572.8
     1     1     7     8    27    13     0     1   -17.0  -19.922  -56.744   4562.1    575.9
     1     1     7     8    27    12     0     0   -18.0  -19.518  -57.332   4542.1    578.6
     1     1     7     8    27    11     0     1   -19.0  -19.103  -57.883   4511.6    579.1
     1     1     7     8    27    10     0     2   -20.0  -18.707  -58.397   4478.8    575.8
     1     1     7     8    27     9     0     3   -21.0  -18.342  -58.879   4439.7    571.0
     1     1     7     8    27     8     0     2   -22.0  -17.988  -59.341   4406.6    569.7
     1     1     7     8    27     7     0     1   -23.0  -17.636  -59.794   4393.2    574.5
     1     1     7     8    27     6     0     0   -24.0  -17.301  -60.247   4374.6    576.7
     1     1     7     8    27     5     0     1   -25.0  -16.982  -60.701   4372.2    578.2
     1     1     7     8    27     4     0     2   -26.0  -16.673  -61.146   4388.7    576.4
     1     1     7     8    27     3     0     3   -27.0  -16.380  -61.578   4401.2    573.6
     1     1     7     8    27     2     0     2   -28.0  -16.102  -62.004   4403.0    570.6
     1     1     7     8    27     1     0     1   -29.0  -15.821  -62.416   4431.6    574.5
     1     1     7     8    27     0     0     0   -30.0  -15.525  -62.810   4473.9    575.3
     1     1     7     8    26    23     0     1   -31.0  -15.221  -63.171   4522.8    571.7
     1     1     7     8    26    22     0     2   -32.0  -14.906  -63.490   4584.2    569.7
     1     1     7     8    26    21     0     3   -33.0  -14.579  -63.774   4659.8    565.6
     1     1     7     8    26    20     0     2   -34.0  -14.254  -64.019   4739.6    560.1
     1     1     7     8    26    19     0     1   -35.0  -13.948  -64.216   4814.8    555.7
     1     1     7     8    26    18     0     0   -36.0  -13.669  -64.369   4865.2    552.7
     1     1     7     8    26    17     0     1   -37.0  -13.413  -64.492   4879.1    552.5
     1     1     7     8    26    16     0     2   -38.0  -13.172  -64.585   4865.7    553.6
     1     1     7     8    26    15     0     3   -39.0  -12.940  -64.645   4836.4    555.8
     1     1     7     8    26    14     0     2   -40.0  -12.724  -64.682   4796.0    558.5
     1     1     7     8    26    13     0     1   -41.0  -12.526  -64.714   4741.7    562.7
     1     1     7     8    26    12     0     0   -42.0  -12.341  -64.738   4676.6    567.7
     1     1     7     8    26    11     0     1   -43.0  -12.185  -64.751   4611.3    573.1
     1     1     7     8    26    10     0     2   -44.0  -12.076  -64.752   4552.9    577.1
     1     1     7     8    26     9     0     3   -45.0  -12.014  -64.743   4497.2    580.7
     1     1     7     8    26     8     0     2   -46.0  -11.979  -64.732   4445.9    584.8
     1     1     7     8    26     7     0     1   -47.0  -11.955  -64.726   4404.5    587.9
     1     1     7     8    26     6     0     0   -48.0  -11.941  -64.721   4373.1    590.2
     1     1     7     8    26     5     0     1   -49.0  -11.940  -64.720   4357.6    592.0
     1     1     7     8    26     4     0     2   -50.0  -11.955  -64.723   4365.2    591.8
     1     1     7     8    26     3     0     3   -51.0  -11.990  -64.729   4398.2    589.8
     1     1     7     8    26     2     0     2   -52.0  -12.042  -64.747   4447.2    585.2
     1     1     7     8    26     1     0     1   -53.0  -12.103  -64.785   4499.7    580.9
     1     1     7     8    26     0     0     0   -54.0  -12.171  -64.842   4552.9    576.5
     1     1     7     8    25    23     0     1   -55.0  -12.235  -64.915   4607.4    572.4
     1     1     7     8    25    22     0     2   -56.0  -12.285  -65.001   4666.7    567.9
     1     1     7     8    25    21     0     3   -57.0  -12.319  -65.097   4733.0    562.9
     1     1     7     8    25    20     0     2   -58.0  -12.340  -65.194   4797.6    557.8
     1     1     7     8    25    19     0     1   -59.0  -12.349  -65.286   4849.6    554.4
     1     1     7     8    25    18     0     0   -60.0  -12.342  -65.371   4886.8    552.0
     1     1     7     8    25    17     0     1   -61.0  -12.320  -65.444   4918.2    550.8
     1     1     7     8    25    16     0     2   -62.0  -12.287  -65.504   4953.7    548.7
     1     1     7     8    25    15     0     3   -63.0  -12.245  -65.548   4992.3    546.4
     1     1     7     8    25    14     0     2   -64.0  -12.203  -65.575   5022.8    543.3
     1     1     7     8    25    13     0     1   -65.0  -12.168  -65.592   5034.9    542.4
     1     1     7     8    25    12     0     0   -66.0  -12.140  -65.601   5030.1    542.6
     1     1     7     8    25    11     0     1   -67.0  -12.122  -65.602   5027.7    543.9
     1     1     7     8    25    10     0     2   -68.0  -12.122  -65.590   5046.3    542.5
     1     1     7     8    25     9     0     3   -69.0  -12.143  -65.564   5085.4    539.7
     1     1     7     8    25     8     0     2   -70.0  -12.182  -65.525   5125.3    535.8
     1     1     7     8    25     7     0     1   -71.0  -12.232  -65.473   5147.0    534.4
     1     1     7     8    25     6     0     0   -72.0  -12.291  -65.411   5151.4    534.2
     1     1     7     8    25     5     0     1   -73.0  -12.352  -65.344   5142.7    535.2
     1     1     7     8    25     4     0     2   -74.0  -12.412  -65.275   5124.9    536.5
     1     1     7     8    25     3     0     3   -75.0  -12.472  -65.205   5098.3    538.3
     1     1     7     8    25     2     0     2   -76.0  -12.531  -65.140   5079.6    540.3
     1     1     7     8    25     1     0     1   -77.0  -12.587  -65.080   5087.3    539.5
     1     1     7     8    25     0     0     0   -78.0  -12.638  -65.022   5123.9    536.6
     1     1     7     8    24    23     0     1   -79.0  -12.682  -64.961   5181.5    531.8
     1     1     7     8    24    22     0     2   -80.0  -12.715  -64.891   5250.5    526.9
     1     1     7     8    24    21     0     3   -81.0  -12.735  -64.811   5328.9    521.5
     1     1     7     8    24    20     0     2   -82.0  -12.739  -64.714   5402.2    516.3
     1     1     7     8    24    19     0     1   -83.0  -12.731  -64.603   5457.1    513.3
     1     1     7     8    24    18     0     0   -84.0  -12.715  -64.477   5494.1    511.5
     1     1     7     8    24    17     0     1   -85.0  -12.705  -64.342   5509.2    510.8
     1     1     7     8    24    16     0     2   -86.0  -12.713  -64.204   5499.1    512.0
     1     1     7     8    24    15     0     3   -87.0  -12.741  -64.071   5463.9    514.9
     1     1     7     8    24    14     0     2   -88.0  -12.782  -63.946   5419.6    518.8
     1     1     7     8    24    13     0     1   -89.0  -12.830  -63.829   5385.0    520.7
     1     1     7     8    24    12     0     0   -90.0  -12.885  -63.716   5366.7    521.6
     1     1     7     8    24    11     0     1   -91.0  -12.941  -63.613   5360.6    521.0
     1     1     7     8    24    10     0     2   -92.0  -12.997  -63.529   5359.0    520.5
     1     1     7     8    24     9     0     3   -93.0  -13.053  -63.465   5358.5    519.9
     1     1     7     8    24     8     0     2   -94.0  -13.102  -63.415   5354.0    519.8
     1     1     7     8    24     7     0     1   -95.0  -13.140  -63.371   5342.0    520.5
     1     1     7     8    24     6     0     0   -96.0  -13.169  -63.335   5322.8    521.8
     1     1     7     8    24     5     0     1   -97.0  -13.195  -63.305   5306.4    523.6
     1     1     7     8    24     4     0     2   -98.0  -13.220  -63.275   5302.8    524.0
     1     1     7     8    24     3     0     3   -99.0  -13.243  -63.244   5312.2    523.5
     1     1     7     8    24     2     0     2  -100.0  -13.263  -63.209   5343.2    521.7
     1     1     7     8    24     1     0     1  -101.0  -13.279  -63.166   5405.3    517.4
     1     1     7     8    24     0     0     0  -102.0  -13.289  -63.109   5499.8    511.0
     1     1     7     8    23    23     0     1  -103.0  -13.284  -63.032   5600.4    502.4
     1     1     7     8    23    22     0     2  -104.0  -13.262  -62.939   5680.8    497.1
     1     1     7     8    23    21     0     3  -105.0  -13.226  -62.832   5741.6    493.4
     1     1     7     8    23    20     0     2  -106.0  -13.184  -62.719   5788.5    491.3
     1     1     7     8    23    19     0     1  -107.0  -13.147  -62.607   5825.4    489.6
     1     1     7     8    23    18     0     0  -108.0  -13.117  -62.499   5849.7    488.6
     1     1     7     8    23    17     0     1  -109.0  -13.101  -62.394   5868.8    488.6
     1     1     7     8    23    16     0     2  -110.0  -13.100  -62.288   5890.8    487.6
     1     1     7     8    23    15     0     3  -111.0  -13.114  -62.179   5914.4    486.5
     1     1     7     8    23    14     0     2  -112.0  -13.140  -62.064   5938.1    484.9
     1     1     7     8    23    13     0     1  -113.0  -13.171  -61.941   5959.4    482.7
     1     1     7     8    23    12     0     0  -114.0  -13.206  -61.810   5979.6    479.9
     1     1     7     8    23    11     0     1  -115.0  -13.236  -61.683   5996.3    477.1
     1     1     7     8    23    10     0     2  -116.0  -13.254  -61.569   6005.2    475.4
     1     1     7     8    23     9     0     3  -117.0  -13.258  -61.472   6007.4    474.3
     1     1     7     8    23     8     0     2  -118.0  -13.252  -61.383   6010.6    474.1
     1     1     7     8    23     7     0     1  -119.0  -13.238  -61.289   6022.0    472.9
     1     1     7     8    23     6     0     0  -120.0  -13.216  -61.190   6041.5    471.1
