     1     1    12     9    12    17     0     1     0.0  -23.561  -46.740   1000.0    841.6    306.6
     2     1    12     9    12    17     0     1     0.0  -23.561  -46.740   2000.0    748.5    309.7
     3     1    12     9    12    17     0     1     0.0  -23.561  -46.740   2500.0    704.8    310.7
     4     1    12     9    12    17     0     1     0.0  -23.561  -46.740   2800.0    679.7    311.4
     5     1    12     9    12    17     0     1     0.0  -23.561  -46.740   3000.0    663.1    312.0
     6     1    12     9    12    17     0     1     0.0  -23.561  -46.740   3500.0    623.4    314.2
     7     1    12     9    12    17     0     1     0.0  -23.561  -46.740   3800.0    600.6    316.0
     1     1    12     9    12    16     0     2    -1.0  -23.631  -47.003   1183.4    811.1    308.0
     2     1    12     9    12    16     0     2    -1.0  -23.645  -47.159   1942.7    746.1    309.9
     3     1    12     9    12    16     0     2    -1.0  -23.603  -47.218   2425.6    705.4    310.8
     4     1    12     9    12    16     0     2    -1.0  -23.574  -47.246   2742.4    679.8    311.4
     5     1    12     9    12    16     0     2    -1.0  -23.560  -47.253   2958.8    662.2    312.0
     6     1    12     9    12    16     0     2    -1.0  -23.552  -47.241   3479.7    621.4    314.2
     7     1    12     9    12    16     0     2    -1.0  -23.566  -47.212   3776.5    598.5    316.0
     1     1    12     9    12    15     0     3    -2.0  -23.726  -47.305   1248.2    810.5    307.9
     2     1    12     9    12    15     0     3    -2.0  -23.740  -47.582   1863.3    756.2    309.6
     3     1    12     9    12    15     0     3    -2.0  -23.649  -47.688   2348.6    714.5    310.5
     4     1    12     9    12    15     0     3    -2.0  -23.579  -47.739   2704.3    685.8    311.1
     5     1    12     9    12    15     0     3    -2.0  -23.546  -47.749   2946.5    666.0    311.8
     6     1    12     9    12    15     0     3    -2.0  -23.528  -47.721   3498.3    622.3    314.0
     7     1    12     9    12    15     0     3    -2.0  -23.562  -47.660   3787.1    599.8    315.8
     1     1    12     9    12    14     0     2    -3.0  -23.822  -47.624   1244.9    810.9    308.1
     2     1    12     9    12    14     0     2    -3.0  -23.845  -48.001   1798.0    762.3    309.6
     3     1    12     9    12    14     0     2    -3.0  -23.701  -48.142   2290.1    719.4    310.4
     4     1    12     9    12    14     0     2    -3.0  -23.576  -48.208   2674.1    686.3    311.0
     5     1    12     9    12    14     0     2    -3.0  -23.519  -48.219   2938.9    664.3    311.9
     6     1    12     9    12    14     0     2    -3.0  -23.494  -48.167   3517.5    618.9    314.4
     7     1    12     9    12    14     0     2    -3.0  -23.555  -48.076   3800.7    597.9    316.2
     1     1    12     9    12    13     0     1    -4.0  -23.910  -47.943   1214.6    814.4    308.0
     2     1    12     9    12    13     0     1    -4.0  -23.949  -48.426   1786.7    759.9    309.5
     3     1    12     9    12    13     0     1    -4.0  -23.746  -48.587   2270.4    716.3    310.4
     4     1    12     9    12    13     0     1    -4.0  -23.559  -48.656   2645.1    684.0    311.1
     5     1    12     9    12    13     0     1    -4.0  -23.477  -48.659   2918.8    661.3    312.0
     6     1    12     9    12    13     0     1    -4.0  -23.456  -48.576   3507.3    615.3    314.9
     7     1    12     9    12    13     0     1    -4.0  -23.549  -48.459   3781.6    594.8    316.7
     1     1    12     9    12    12     0     0    -5.0  -23.998  -48.279   1183.3    812.8    308.1
     2     1    12     9    12    12     0     0    -5.0  -24.052  -48.874   1811.5    749.9    309.6
     3     1    12     9    12    12     0     0    -5.0  -23.779  -49.030   2287.3    710.0    310.4
     4     1    12     9    12    12     0     0    -5.0  -23.528  -49.083   2635.3    682.9    311.1
     5     1    12     9    12    12     0     0    -5.0  -23.424  -49.070   2905.0    660.6    312.1
     6     1    12     9    12    12     0     0    -5.0  -23.416  -48.950   3479.8    614.1    315.1
     7     1    12     9    12    12     0     0    -5.0  -23.546  -48.814   3737.6    595.1    317.0
     1     1    12     9    12    11     0     1    -6.0  -24.069  -48.629   1143.7    813.2    307.8
     2     1    12     9    12    11     0     1    -6.0  -24.141  -49.340   1826.3    747.2    309.5
     3     1    12     9    12    11     0     1    -6.0  -23.798  -49.471   2296.3    712.4    310.4
     4     1    12     9    12    11     0     1    -6.0  -23.490  -49.494   2624.6    688.9    311.1
     5     1    12     9    12    11     0     1    -6.0  -23.365  -49.463   2885.5    667.9    312.0
     6     1    12     9    12    11     0     1    -6.0  -23.372  -49.308   3440.5    621.2    314.9
     7     1    12     9    12    11     0     1    -6.0  -23.545  -49.157   3680.9    599.5    316.9
     1     1    12     9    12    10     0     2    -7.0  -24.101  -48.989   1164.1    805.7    308.0
     2     1    12     9    12    10     0     2    -7.0  -24.205  -49.813   1851.9    746.8    309.3
     3     1    12     9    12    10     0     2    -7.0  -23.804  -49.909   2322.6    713.6    310.3
     4     1    12     9    12    10     0     2    -7.0  -23.449  -49.897   2641.1    692.6    311.0
     5     1    12     9    12    10     0     2    -7.0  -23.306  -49.847   2892.1    673.1    311.8
     6     1    12     9    12    10     0     2    -7.0  -23.323  -49.666   3421.2    627.6    314.6
     7     1    12     9    12    10     0     2    -7.0  -23.541  -49.503   3645.0    605.7    316.7
     1     1    12     9    12     9     0     3    -8.0  -24.102  -49.359   1182.7    805.9    307.6
     2     1    12     9    12     9     0     3    -8.0  -24.256  -50.285   1892.5    742.6    309.3
     3     1    12     9    12     9     0     3    -8.0  -23.801  -50.340   2361.5    710.2    310.4
     4     1    12     9    12     9     0     3    -8.0  -23.403  -50.289   2670.1    691.8    311.0
     5     1    12     9    12     9     0     3    -8.0  -23.244  -50.221   2914.6    674.2    311.9
     6     1    12     9    12     9     0     3    -8.0  -23.267  -50.024   3422.2    632.5    314.5
     7     1    12     9    12     9     0     3    -8.0  -23.526  -49.857   3626.9    610.8    316.6
     1     1    12     9    12     8     0     2    -9.0  -24.085  -49.717   1202.5    806.9    307.5
     2     1    12     9    12     8     0     2    -9.0  -24.290  -50.751   1934.5    738.3    309.5
     3     1    12     9    12     8     0     2    -9.0  -23.788  -50.760   2401.9    705.8    310.7
     4     1    12     9    12     8     0     2    -9.0  -23.350  -50.667   2695.5    691.7    311.1
     5     1    12     9    12     8     0     2    -9.0  -23.179  -50.582   2937.8    675.1    311.9
     6     1    12     9    12     8     0     2    -9.0  -23.206  -50.376   3432.4    634.3    314.4
     7     1    12     9    12     8     0     2    -9.0  -23.506  -50.213   3619.9    613.7    316.5
     1     1    12     9    12     7     0     1   -10.0  -24.058  -50.058   1217.5    807.7    307.4
     2     1    12     9    12     7     0     1   -10.0  -24.307  -51.206   1959.8    739.9    309.7
     3     1    12     9    12     7     0     1   -10.0  -23.763  -51.163   2431.0    707.1    310.8
     4     1    12     9    12     7     0     1   -10.0  -23.290  -51.022   2704.7    694.1    311.1
     5     1    12     9    12     7     0     1   -10.0  -23.107  -50.920   2948.6    677.7    311.8
     6     1    12     9    12     7     0     1   -10.0  -23.146  -50.712   3444.1    636.2    314.4
     7     1    12     9    12     7     0     1   -10.0  -23.488  -50.562   3616.6    615.0    316.5
     1     1    12     9    12     6     0     0   -11.0  -24.020  -50.380   1211.1    807.4    307.7
     2     1    12     9    12     6     0     0   -11.0  -24.315  -51.655   1965.7    746.9    309.6
     3     1    12     9    12     6     0     0   -11.0  -23.733  -51.549   2447.8    715.0    310.7
     4     1    12     9    12     6     0     0   -11.0  -23.225  -51.349   2694.7    699.6    311.1
     5     1    12     9    12     6     0     0   -11.0  -23.031  -51.228   2935.4    682.1    311.9
     6     1    12     9    12     6     0     0   -11.0  -23.083  -51.022   3442.8    639.3    314.3
     7     1    12     9    12     6     0     0   -11.0  -23.469  -50.895   3612.4    616.6    316.6
     1     1    12     9    12     5     0     1   -12.0  -23.985  -50.678   1189.5    810.9    307.9
     2     1    12     9    12     5     0     1   -12.0  -24.320  -52.101   1962.6    754.3    309.6
     3     1    12     9    12     5     0     1   -12.0  -23.709  -51.932   2460.9    723.0    310.5
     4     1    12     9    12     5     0     1   -12.0  -23.167  -51.659   2674.3    705.5    311.0
     5     1    12     9    12     5     0     1   -12.0  -22.959  -51.511   2907.4    687.3    311.7
     6     1    12     9    12     5     0     1   -12.0  -23.019  -51.305   3426.7    643.8    314.0
     7     1    12     9    12     5     0     1   -12.0  -23.449  -51.204   3608.4    620.4    316.4
     1     1    12     9    12     4     0     2   -13.0  -23.964  -50.953   1180.0    812.9    308.0
     2     1    12     9    12     4     0     2   -13.0  -24.311  -52.544   1954.5    759.2    309.6
     3     1    12     9    12     4     0     2   -13.0  -23.687  -52.318   2469.6    723.9    310.6
     4     1    12     9    12     4     0     2   -13.0  -23.122  -51.963   2672.4    707.7    311.0
     5     1    12     9    12     4     0     2   -13.0  -22.899  -51.779   2902.2    688.6    311.8
     6     1    12     9    12     4     0     2   -13.0  -22.962  -51.560   3425.4    645.0    314.0
     7     1    12     9    12     4     0     2   -13.0  -23.432  -51.487   3609.2    624.1    316.3
     1     1    12     9    12     3     0     3   -14.0  -23.951  -51.213   1208.9    816.1    307.9
     2     1    12     9    12     3     0     3   -14.0  -24.282  -52.982   1961.4    762.2    309.6
     3     1    12     9    12     3     0     3   -14.0  -23.657  -52.700   2474.6    724.5    310.7
     4     1    12     9    12     3     0     3   -14.0  -23.089  -52.261   2667.2    710.1    311.0
     5     1    12     9    12     3     0     3   -14.0  -22.853  -52.036   2893.0    690.7    311.8
     6     1    12     9    12     3     0     3   -14.0  -22.914  -51.793   3416.0    646.8    314.0
     7     1    12     9    12     3     0     3   -14.0  -23.425  -51.751   3602.3    628.0    316.2
     1     1    12     9    12     2     0     2   -15.0  -23.942  -51.460   1244.9    820.4    307.8
     2     1    12     9    12     2     0     2   -15.0  -24.237  -53.423   1973.8    767.6    309.6
     3     1    12     9    12     2     0     2   -15.0  -23.619  -53.082   2477.0    725.9    310.7
     4     1    12     9    12     2     0     2   -15.0  -23.064  -52.566   2666.5    712.2    310.9
     5     1    12     9    12     2     0     2   -15.0  -22.816  -52.297   2885.4    693.0    311.7
     6     1    12     9    12     2     0     2   -15.0  -22.873  -52.019   3405.5    649.1    313.8
     7     1    12     9    12     2     0     2   -15.0  -23.425  -52.012   3597.4    632.2    315.7
     1     1    12     9    12     1     0     1   -16.0  -23.941  -51.698   1285.9    823.3    307.6
     2     1    12     9    12     1     0     1   -16.0  -24.178  -53.871   1978.6    775.2    309.5
     3     1    12     9    12     1     0     1   -16.0  -23.574  -53.476   2476.3    729.9    310.7
     4     1    12     9    12     1     0     1   -16.0  -23.039  -52.884   2675.7    713.5    310.9
     5     1    12     9    12     1     0     1   -16.0  -22.785  -52.577   2885.3    694.4    311.7
     6     1    12     9    12     1     0     1   -16.0  -22.839  -52.256   3401.1    650.8    313.7
     7     1    12     9    12     1     0     1   -16.0  -23.429  -52.282   3599.7    632.9    315.6
     1     1    12     9    12     0     0     0   -17.0  -23.949  -51.928   1326.1    825.7    307.4
     2     1    12     9    12     0     0     0   -17.0  -24.106  -54.331   1972.5    777.9    309.6
     3     1    12     9    12     0     0     0   -17.0  -23.519  -53.885   2467.7    734.4    310.6
     4     1    12     9    12     0     0     0   -17.0  -23.011  -53.214   2689.7    713.3    310.9
     5     1    12     9    12     0     0     0   -17.0  -22.755  -52.874   2896.9    694.7    311.6
     6     1    12     9    12     0     0     0   -17.0  -22.813  -52.510   3405.6    651.7    313.6
     7     1    12     9    12     0     0     0   -17.0  -23.437  -52.560   3614.2    632.7    315.6
     1     1    12     9    11    23     0     1   -18.0  -23.962  -52.171   1368.0    823.9    307.4
     2     1    12     9    11    23     0     1   -18.0  -24.009  -54.806   2042.6    769.3    309.6
     3     1    12     9    11    23     0     1   -18.0  -23.443  -54.312   2477.4    732.5    310.7
     4     1    12     9    11    23     0     1   -18.0  -22.968  -53.566   2667.3    716.0    311.0
     5     1    12     9    11    23     0     1   -18.0  -22.715  -53.195   2880.2    696.5    311.7
     6     1    12     9    11    23     0     1   -18.0  -22.791  -52.790   3373.9    654.6    313.6
     7     1    12     9    11    23     0     1   -18.0  -23.452  -52.848   3604.5    633.3    315.7
     1     1    12     9    11    22     0     2   -19.0  -23.972  -52.457   1453.4    814.5    307.7
     2     1    12     9    11    22     0     2   -19.0  -23.876  -55.288   2116.1    765.1    309.5
     3     1    12     9    11    22     0     2   -19.0  -23.328  -54.764   2500.9    726.6    310.8
     4     1    12     9    11    22     0     2   -19.0  -22.900  -53.942   2651.6    718.2    311.0
     5     1    12     9    11    22     0     2   -19.0  -22.653  -53.547   2873.9    697.9    311.8
     6     1    12     9    11    22     0     2   -19.0  -22.765  -53.106   3347.3    657.5    313.5
     7     1    12     9    11    22     0     2   -19.0  -23.470  -53.155   3595.8    634.9    315.7
     1     1    12     9    11    21     0     3   -20.0  -23.977  -52.791   1534.2    806.3    308.0
     2     1    12     9    11    21     0     3   -20.0  -23.712  -55.758   2195.9    761.6    309.4
     3     1    12     9    11    21     0     3   -20.0  -23.172  -55.242   2541.3    721.2    310.9
     4     1    12     9    11    21     0     3   -20.0  -22.799  -54.347   2651.1    716.1    311.0
     5     1    12     9    11    21     0     3   -20.0  -22.568  -53.920   2883.3    698.3    311.8
     6     1    12     9    11    21     0     3   -20.0  -22.729  -53.452   3323.6    659.9    313.5
     7     1    12     9    11    21     0     3   -20.0  -23.484  -53.480   3586.0    637.5    315.6
     1     1    12     9    11    20     0     2   -21.0  -23.974  -53.160   1606.8    801.8    308.1
     2     1    12     9    11    20     0     2   -21.0  -23.518  -56.205   2261.9    757.4    309.5
     3     1    12     9    11    20     0     2   -21.0  -22.972  -55.710   2576.2    718.3    310.9
     4     1    12     9    11    20     0     2   -21.0  -22.653  -54.786   2667.7    710.8    311.0
     5     1    12     9    11    20     0     2   -21.0  -22.451  -54.308   2902.0    694.7    311.8
     6     1    12     9    11    20     0     2   -21.0  -22.669  -53.815   3304.9    663.0    313.2
     7     1    12     9    11    20     0     2   -21.0  -23.484  -53.826   3572.1    641.3    315.5
     1     1    12     9    11    19     0     1   -22.0  -23.955  -53.544   1671.3    802.0    308.0
     2     1    12     9    11    19     0     1   -22.0  -23.296  -56.633   2309.1    758.1    309.5
     3     1    12     9    11    19     0     1   -22.0  -22.736  -56.142   2607.0    718.8    310.9
     4     1    12     9    11    19     0     1   -22.0  -22.465  -55.223   2649.2    710.8    310.9
     5     1    12     9    11    19     0     1   -22.0  -22.297  -54.708   2894.2    692.0    311.8
     6     1    12     9    11    19     0     1   -22.0  -22.576  -54.186   3296.9    662.9    313.3
     7     1    12     9    11    19     0     1   -22.0  -23.457  -54.187   3552.0    643.3    315.5
     1     1    12     9    11    18     0     0   -23.0  -23.915  -53.929   1721.7    803.7    307.8
     2     1    12     9    11    18     0     0   -23.0  -23.046  -57.055   2348.6    761.0    309.5
     3     1    12     9    11    18     0     0   -23.0  -22.472  -56.553   2654.7    718.5    310.8
     4     1    12     9    11    18     0     0   -23.0  -22.244  -55.637   2651.5    709.5    310.9
     5     1    12     9    11    18     0     0   -23.0  -22.107  -55.112   2868.3    692.3    311.7
     6     1    12     9    11    18     0     0   -23.0  -22.451  -54.563   3290.4    661.4    313.4
     7     1    12     9    11    18     0     0   -23.0  -23.406  -54.552   3534.6    642.6    315.6
     1     1    12     9    11    17     0     1   -24.0  -23.862  -54.317   1769.8    797.5    307.9
     2     1    12     9    11    17     0     1   -24.0  -22.775  -57.459   2377.2    757.9    309.5
     3     1    12     9    11    17     0     1   -24.0  -22.183  -56.943   2694.1    718.0    310.8
     4     1    12     9    11    17     0     1   -24.0  -22.004  -56.011   2682.9    700.9    311.0
     5     1    12     9    11    17     0     1   -24.0  -21.896  -55.490   2851.1    693.3    311.5
     6     1    12     9    11    17     0     1   -24.0  -22.307  -54.926   3286.6    659.6    313.5
     7     1    12     9    11    17     0     1   -24.0  -23.343  -54.897   3527.8    640.6    315.9
     1     1    12     9    11    16     0     2   -25.0  -23.807  -54.706   1818.7    790.3    308.1
     2     1    12     9    11    16     0     2   -25.0  -22.499  -57.829   2404.9    756.2    309.5
     3     1    12     9    11    16     0     2   -25.0  -21.882  -57.296   2716.0    718.4    310.8
     4     1    12     9    11    16     0     2   -25.0  -21.759  -56.344   2730.3    703.7    311.2
     5     1    12     9    11    16     0     2   -25.0  -21.685  -55.820   2863.2    692.9    311.6
     6     1    12     9    11    16     0     2   -25.0  -22.152  -55.256   3281.9    658.2    313.3
     7     1    12     9    11    16     0     2   -25.0  -23.276  -55.210   3533.0    640.5    315.9
     1     1    12     9    11    15     0     3   -26.0  -23.751  -55.087   1875.2    784.1    308.2
     2     1    12     9    11    15     0     3   -26.0  -22.217  -58.173   2426.2    754.8    309.5
     3     1    12     9    11    15     0     3   -26.0  -21.574  -57.618   2733.5    721.9    310.8
     4     1    12     9    11    15     0     3   -26.0  -21.511  -56.652   2749.1    706.9    311.2
     5     1    12     9    11    15     0     3   -26.0  -21.477  -56.117   2887.4    695.5    311.6
     6     1    12     9    11    15     0     3   -26.0  -21.991  -55.548   3273.6    655.7    313.4
     7     1    12     9    11    15     0     3   -26.0  -23.203  -55.493   3544.9    641.1    315.9
     1     1    12     9    11    14     0     2   -27.0  -23.686  -55.466   1938.4    782.0    308.3
     2     1    12     9    11    14     0     2   -27.0  -21.924  -58.504   2445.5    753.3    309.6
     3     1    12     9    11    14     0     2   -27.0  -21.265  -57.916   2748.0    727.6    310.7
     4     1    12     9    11    14     0     2   -27.0  -21.265  -56.936   2739.4    706.5    311.2
     5     1    12     9    11    14     0     2   -27.0  -21.270  -56.393   2891.6    697.6    311.6
     6     1    12     9    11    14     0     2   -27.0  -21.833  -55.816   3252.4    658.4    313.4
     7     1    12     9    11    14     0     2   -27.0  -23.128  -55.758   3542.5    642.2    315.9
     1     1    12     9    11    13     0     1   -28.0  -23.609  -55.847   1981.9    782.6    308.2
     2     1    12     9    11    13     0     1   -28.0  -21.622  -58.820   2464.4    751.5    309.6
     3     1    12     9    11    13     0     1   -28.0  -20.957  -58.190   2760.4    728.3    310.7
     4     1    12     9    11    13     0     1   -28.0  -21.019  -57.195   2732.5    709.6    311.2
     5     1    12     9    11    13     0     1   -28.0  -21.063  -56.648   2891.8    696.0    311.7
     6     1    12     9    11    13     0     1   -28.0  -21.677  -56.071   3245.9    662.0    313.3
     7     1    12     9    11    13     0     1   -28.0  -23.053  -56.014   3541.2    643.2    315.9
     1     1    12     9    11    12     0     0   -29.0  -23.524  -56.225   2037.8    780.7    308.3
     2     1    12     9    11    12     0     0   -29.0  -21.317  -59.111   2476.6    749.8    309.6
     3     1    12     9    11    12     0     0   -29.0  -20.652  -58.439   2764.4    726.2    310.8
     4     1    12     9    11    12     0     0   -29.0  -20.772  -57.433   2737.4    717.4    311.0
     5     1    12     9    11    12     0     0   -29.0  -20.860  -56.876   2887.3    694.3    311.8
     6     1    12     9    11    12     0     0   -29.0  -21.523  -56.313   3245.7    665.7    313.2
     7     1    12     9    11    12     0     0   -29.0  -22.976  -56.264   3545.7    646.5    315.7
     1     1    12     9    11    11     0     1   -30.0  -23.443  -56.593   2101.1    778.5    308.3
     2     1    12     9    11    11     0     1   -30.0  -21.023  -59.387   2477.0    748.4    309.7
     3     1    12     9    11    11     0     1   -30.0  -20.362  -58.679   2757.8    724.7    310.8
     4     1    12     9    11    11     0     1   -30.0  -20.533  -57.668   2749.8    721.9    311.0
     5     1    12     9    11    11     0     1   -30.0  -20.667  -57.095   2890.1    696.5    311.8
     6     1    12     9    11    11     0     1   -30.0  -21.377  -56.551   3246.9    666.6    313.1
     7     1    12     9    11    11     0     1   -30.0  -22.897  -56.518   3556.2    649.2    315.4
     1     1    12     9    11    10     0     2   -31.0  -23.381  -56.949   2167.5    776.8    308.2
     2     1    12     9    11    10     0     2   -31.0  -20.752  -59.660   2460.1    748.0    309.7
     3     1    12     9    11    10     0     2   -31.0  -20.095  -58.924   2732.8    724.8    310.7
     4     1    12     9    11    10     0     2   -31.0  -20.316  -57.908   2765.8    724.7    310.9
     5     1    12     9    11    10     0     2   -31.0  -20.488  -57.324   2904.9    701.1    311.7
     6     1    12     9    11    10     0     2   -31.0  -21.251  -56.793   3251.1    664.6    313.1
     7     1    12     9    11    10     0     2   -31.0  -22.821  -56.781   3580.4    650.7    315.2
     1     1    12     9    11     9     0     3   -32.0  -23.346  -57.291   2225.5    772.2    308.3
     2     1    12     9    11     9     0     3   -32.0  -20.507  -59.930   2421.5    749.3    309.8
     3     1    12     9    11     9     0     3   -32.0  -19.853  -59.166   2680.0    726.5    310.8
     4     1    12     9    11     9     0     3   -32.0  -20.125  -58.151   2775.2    723.9    310.9
     5     1    12     9    11     9     0     3   -32.0  -20.326  -57.563   2922.8    704.4    311.6
     6     1    12     9    11     9     0     3   -32.0  -21.149  -57.036   3259.5    661.9    313.2
     7     1    12     9    11     9     0     3   -32.0  -22.754  -57.046   3620.2    650.4    315.1
     1     1    12     9    11     8     0     2   -33.0  -23.319  -57.621   2271.3    768.9    308.4
     2     1    12     9    11     8     0     2   -33.0  -20.277  -60.199   2374.1    753.3    309.7
     3     1    12     9    11     8     0     2   -33.0  -19.625  -59.395   2609.5    730.9    310.9
     4     1    12     9    11     8     0     2   -33.0  -19.941  -58.387   2764.9    722.6    311.0
     5     1    12     9    11     8     0     2   -33.0  -20.169  -57.798   2936.8    707.2    311.6
     6     1    12     9    11     8     0     2   -33.0  -21.054  -57.283   3278.4    665.4    313.2
     7     1    12     9    11     8     0     2   -33.0  -22.691  -57.309   3660.7    647.2    315.3
     1     1    12     9    11     7     0     1   -34.0  -23.282  -57.950   2307.4    767.0    308.4
     2     1    12     9    11     7     0     1   -34.0  -20.043  -60.470   2346.1    753.7    309.7
     3     1    12     9    11     7     0     1   -34.0  -19.392  -59.607   2545.1    734.1    310.9
     4     1    12     9    11     7     0     1   -34.0  -19.742  -58.605   2714.1    725.4    311.0
     5     1    12     9    11     7     0     1   -34.0  -20.005  -58.014   2924.1    711.2    311.5
     6     1    12     9    11     7     0     1   -34.0  -20.944  -57.537   3288.0    671.9    313.0
     7     1    12     9    11     7     0     1   -34.0  -22.622  -57.571   3691.6    646.1    315.3
     1     1    12     9    11     6     0     0   -35.0  -23.236  -58.277   2343.6    763.8    308.4
     2     1    12     9    11     6     0     0   -35.0  -19.800  -60.747   2323.7    752.7    309.6
     3     1    12     9    11     6     0     0   -35.0  -19.149  -59.810   2488.2    735.7    310.9
     4     1    12     9    11     6     0     0   -35.0  -19.537  -58.809   2650.3    729.0    311.1
     5     1    12     9    11     6     0     0   -35.0  -19.832  -58.214   2892.6    711.8    311.6
     6     1    12     9    11     6     0     0   -35.0  -20.821  -57.795   3304.6    677.2    312.9
     7     1    12     9    11     6     0     0   -35.0  -22.546  -57.836   3719.3    645.4    315.3
     1     1    12     9    11     5     0     1   -36.0  -23.188  -58.597   2387.9    759.4    308.2
     2     1    12     9    11     5     0     1   -36.0  -19.551  -61.021   2308.2    750.5    309.7
     3     1    12     9    11     5     0     1   -36.0  -18.896  -59.996   2437.0    736.4    310.9
     4     1    12     9    11     5     0     1   -36.0  -19.334  -58.988   2588.5    733.4    311.0
     5     1    12     9    11     5     0     1   -36.0  -19.647  -58.397   2853.0    714.3    311.5
     6     1    12     9    11     5     0     1   -36.0  -20.687  -58.050   3314.6    680.4    312.9
     7     1    12     9    11     5     0     1   -36.0  -22.469  -58.104   3744.5    644.7    315.2
     1     1    12     9    11     4     0     2   -37.0  -23.148  -58.898   2439.9    753.7    308.2
     2     1    12     9    11     4     0     2   -37.0  -19.304  -61.278   2291.3    748.0    309.7
     3     1    12     9    11     4     0     2   -37.0  -18.642  -60.148   2395.1    737.5    311.0
     4     1    12     9    11     4     0     2   -37.0  -19.135  -59.130   2541.5    735.6    310.9
     5     1    12     9    11     4     0     2   -37.0  -19.455  -58.556   2819.1    715.9    311.5
     6     1    12     9    11     4     0     2   -37.0  -20.549  -58.292   3302.0    680.5    313.0
     7     1    12     9    11     4     0     2   -37.0  -22.398  -58.373   3770.4    642.6    315.2
     1     1    12     9    11     3     0     3   -38.0  -23.125  -59.180   2489.2    748.3    308.2
     2     1    12     9    11     3     0     3   -38.0  -19.056  -61.517   2267.7    747.1    309.6
     3     1    12     9    11     3     0     3   -38.0  -18.395  -60.263   2366.5    738.5    311.0
     4     1    12     9    11     3     0     3   -38.0  -18.936  -59.235   2508.0    735.5    310.9
     5     1    12     9    11     3     0     3   -38.0  -19.265  -58.682   2800.3    716.3    311.4
     6     1    12     9    11     3     0     3   -38.0  -20.410  -58.520   3275.8    682.1    313.0
     7     1    12     9    11     3     0     3   -38.0  -22.335  -58.640   3801.9    640.1    315.2
     1     1    12     9    11     2     0     2   -39.0  -23.104  -59.453   2520.7    744.0    308.6
     2     1    12     9    11     2     0     2   -39.0  -18.800  -61.737   2250.4    749.7    309.4
     3     1    12     9    11     2     0     2   -39.0  -18.148  -60.345   2363.2    738.3    310.9
     4     1    12     9    11     2     0     2   -39.0  -18.732  -59.314   2479.4    733.7    311.0
     5     1    12     9    11     2     0     2   -39.0  -19.084  -58.779   2788.8    714.6    311.5
     6     1    12     9    11     2     0     2   -39.0  -20.268  -58.733   3236.3    684.4    313.1
     7     1    12     9    11     2     0     2   -39.0  -22.280  -58.908   3822.3    637.1    315.6
     1     1    12     9    11     1     0     1   -40.0  -23.072  -59.723   2531.0    743.0    308.7
     2     1    12     9    11     1     0     1   -40.0  -18.534  -61.931   2253.8    751.0    309.3
     3     1    12     9    11     1     0     1   -40.0  -17.897  -60.398   2398.7    735.3    310.8
     4     1    12     9    11     1     0     1   -40.0  -18.518  -59.377   2461.1    732.1    311.1
     5     1    12     9    11     1     0     1   -40.0  -18.905  -58.856   2772.2    713.6    311.6
     6     1    12     9    11     1     0     1   -40.0  -20.121  -58.929   3178.5    688.1    313.2
     7     1    12     9    11     1     0     1   -40.0  -22.236  -59.184   3811.8    637.4    315.9
     1     1    12     9    11     0     0     0   -41.0  -23.043  -59.988   2532.0    742.9    308.7
     2     1    12     9    11     0     0     0   -41.0  -18.261  -62.090   2273.4    750.1    309.2
     3     1    12     9    11     0     0     0   -41.0  -17.656  -60.420   2483.8    727.5    310.8
     4     1    12     9    11     0     0     0   -41.0  -18.294  -59.422   2478.2    726.7    311.1
     5     1    12     9    11     0     0     0   -41.0  -18.721  -58.914   2751.5    712.6    311.6
     6     1    12     9    11     0     0     0   -41.0  -19.968  -59.107   3097.2    694.7    313.2
     7     1    12     9    11     0     0     0   -41.0  -22.203  -59.471   3753.8    642.5    315.9
     1     1    12     9    10    23     0     1   -42.0  -23.015  -60.244   2536.5    742.0    308.5
     2     1    12     9    10    23     0     1   -42.0  -18.004  -62.211   2290.9    748.0    309.2
     3     1    12     9    10    23     0     1   -42.0  -17.450  -60.419   2556.7    721.0    310.9
     4     1    12     9    10    23     0     1   -42.0  -18.073  -59.445   2514.9    719.4    311.1
     5     1    12     9    10    23     0     1   -42.0  -18.529  -58.963   2743.9    709.3    311.6
     6     1    12     9    10    23     0     1   -42.0  -19.808  -59.281   3028.2    699.6    312.8
     7     1    12     9    10    23     0     1   -42.0  -22.160  -59.776   3698.2    646.3    315.7
     1     1    12     9    10    22     0     2   -43.0  -22.981  -60.488   2547.7    739.6    308.5
     2     1    12     9    10    22     0     2   -43.0  -17.782  -62.302   2289.2    748.5    309.2
     3     1    12     9    10    22     0     2   -43.0  -17.292  -60.406   2602.3    717.2    311.0
     4     1    12     9    10    22     0     2   -43.0  -17.882  -59.447   2595.4    715.2    311.1
     5     1    12     9    10    22     0     2   -43.0  -18.333  -59.003   2755.3    704.3    311.5
     6     1    12     9    10    22     0     2   -43.0  -19.635  -59.461   2988.0    700.5    312.7
     7     1    12     9    10    22     0     2   -43.0  -22.092  -60.103   3652.7    648.8    315.5
     1     1    12     9    10    21     0     3   -44.0  -22.945  -60.718   2559.3    737.2    308.4
     2     1    12     9    10    21     0     3   -44.0  -17.589  -62.381   2265.0    751.3    309.3
     3     1    12     9    10    21     0     3   -44.0  -17.181  -60.383   2614.2    716.2    311.0
     4     1    12     9    10    21     0     3   -44.0  -17.725  -59.431   2752.2    706.9    311.4
     5     1    12     9    10    21     0     3   -44.0  -18.142  -59.022   2793.8    697.4    311.4
     6     1    12     9    10    21     0     3   -44.0  -19.443  -59.648   2980.0    698.6    312.7
     7     1    12     9    10    21     0     3   -44.0  -22.003  -60.446   3620.5    650.3    315.4
     1     1    12     9    10    20     0     2   -45.0  -22.901  -60.940   2568.3    736.1    308.4
     2     1    12     9    10    20     0     2   -45.0  -17.402  -62.468   2225.9    757.3    309.3
     3     1    12     9    10    20     0     2   -45.0  -17.101  -60.359   2621.5    719.0    310.7
     4     1    12     9    10    20     0     2   -45.0  -17.590  -59.424   2931.9    689.1    312.0
     5     1    12     9    10    20     0     2   -45.0  -17.963  -59.027   2865.1    690.0    311.5
     6     1    12     9    10    20     0     2   -45.0  -19.233  -59.835   3006.4    693.6    312.6
     7     1    12     9    10    20     0     2   -45.0  -21.895  -60.790   3593.0    650.8    315.5
     1     1    12     9    10    19     0     1   -46.0  -22.843  -61.163   2574.8    735.3    308.3
     2     1    12     9    10    19     0     1   -46.0  -17.211  -62.573   2189.2    763.6    309.2
     3     1    12     9    10    19     0     1   -46.0  -17.027  -60.343   2655.6    716.9    310.6
     4     1    12     9    10    19     0     1   -46.0  -17.463  -59.431   3074.2    678.5    312.1
     5     1    12     9    10    19     0     1   -46.0  -17.803  -59.041   2970.4    685.5    311.6
     6     1    12     9    10    19     0     1   -46.0  -19.015  -60.011   3068.7    685.8    312.5
     7     1    12     9    10    19     0     1   -46.0  -21.760  -61.132   3558.8    652.0    315.4
     1     1    12     9    10    18     0     0   -47.0  -22.772  -61.388   2582.8    734.4    308.3
     2     1    12     9    10    18     0     0   -47.0  -17.028  -62.691   2172.8    768.2    309.2
     3     1    12     9    10    18     0     0   -47.0  -16.953  -60.337   2713.4    712.5    310.5
     4     1    12     9    10    18     0     0   -47.0  -17.338  -59.445   3172.3    673.1    312.0
     5     1    12     9    10    18     0     0   -47.0  -17.655  -59.069   3074.7    678.1    311.6
     6     1    12     9    10    18     0     0   -47.0  -18.800  -60.172   3157.6    675.1    312.4
     7     1    12     9    10    18     0     0   -47.0  -21.600  -61.476   3516.5    653.1    315.4
     1     1    12     9    10    17     0     1   -48.0  -22.686  -61.611   2593.4    732.7    308.3
     2     1    12     9    10    17     0     1   -48.0  -16.841  -62.811   2184.5    767.8    309.1
     3     1    12     9    10    17     0     1   -48.0  -16.864  -60.335   2764.3    706.5    310.8
     4     1    12     9    10    17     0     1   -48.0  -17.214  -59.455   3240.7    671.2    312.0
     5     1    12     9    10    17     0     1   -48.0  -17.511  -59.098   3158.0    675.1    311.7
     6     1    12     9    10    17     0     1   -48.0  -18.587  -60.309   3239.4    665.4    312.7
     7     1    12     9    10    17     0     1   -48.0  -21.416  -61.808   3477.0    654.5    315.1
     1     1    12     9    10    16     0     2   -49.0  -22.586  -61.826   2604.3    731.0    308.3
     2     1    12     9    10    16     0     2   -49.0  -16.636  -62.925   2224.3    763.2    309.0
     3     1    12     9    10    16     0     2   -49.0  -16.759  -60.332   2790.1    705.8    310.9
     4     1    12     9    10    16     0     2   -49.0  -17.096  -59.455   3295.5    669.6    311.8
     5     1    12     9    10    16     0     2   -49.0  -17.373  -59.116   3225.6    672.9    311.7
     6     1    12     9    10    16     0     2   -49.0  -18.371  -60.419   3302.1    660.7    312.6
     7     1    12     9    10    16     0     2   -49.0  -21.203  -62.118   3441.0    653.2    315.1
     1     1    12     9    10    15     0     3   -50.0  -22.477  -62.026   2613.9    729.4    308.4
     2     1    12     9    10    15     0     3   -50.0  -16.421  -63.024   2269.6    757.2    309.0
     3     1    12     9    10    15     0     3   -50.0  -16.645  -60.326   2807.1    705.9    310.8
     4     1    12     9    10    15     0     3   -50.0  -16.990  -59.447   3345.2    668.0    311.8
     5     1    12     9    10    15     0     3   -50.0  -17.249  -59.120   3281.7    671.7    311.6
     6     1    12     9    10    15     0     3   -50.0  -18.162  -60.504   3360.4    656.3    312.7
     7     1    12     9    10    15     0     3   -50.0  -20.950  -62.395   3396.3    651.0    315.0
     1     1    12     9    10    14     0     2   -51.0  -22.348  -62.214   2616.0    727.7    308.4
     2     1    12     9    10    14     0     2   -51.0  -16.208  -63.109   2207.2    762.2    308.9
     3     1    12     9    10    14     0     2   -51.0  -16.529  -60.316   2742.7    711.4    310.7
     4     1    12     9    10    14     0     2   -51.0  -16.894  -59.430   3350.8    667.5    311.8
     5     1    12     9    10    14     0     2   -51.0  -17.141  -59.110   3314.9    670.7    311.6
     6     1    12     9    10    14     0     2   -51.0  -17.967  -60.567   3357.2    656.7    312.7
     7     1    12     9    10    14     0     2   -51.0  -20.671  -62.637   3315.9    651.3    314.8
     1     1    12     9    10    13     0     1   -52.0  -22.199  -62.396   2596.3    728.1    308.4
     2     1    12     9    10    13     0     1   -52.0  -15.999  -63.184   2124.6    768.4    308.9
     3     1    12     9    10    13     0     1   -52.0  -16.416  -60.299   2658.4    718.6    310.7
     4     1    12     9    10    13     0     1   -52.0  -16.806  -59.403   3358.6    666.7    311.8
     5     1    12     9    10    13     0     1   -52.0  -17.044  -59.084   3336.5    672.2    311.6
     6     1    12     9    10    13     0     1   -52.0  -17.788  -60.615   3355.8    657.4    312.7
     7     1    12     9    10    13     0     1   -52.0  -20.394  -62.862   3222.8    652.1    314.6
     1     1    12     9    10    12     0     0   -53.0  -22.051  -62.565   2562.2    729.5    308.3
     2     1    12     9    10    12     0     0   -53.0  -15.787  -63.259   2014.4    779.3    308.9
     3     1    12     9    10    12     0     0   -53.0  -16.305  -60.278   2545.5    728.6    310.7
     4     1    12     9    10    12     0     0   -53.0  -16.726  -59.367   3368.3    665.8    311.9
     5     1    12     9    10    12     0     0   -53.0  -16.956  -59.044   3353.3    672.2    311.6
     6     1    12     9    10    12     0     0   -53.0  -17.624  -60.654   3352.7    658.0    312.8
     7     1    12     9    10    12     0     0   -53.0  -20.127  -63.079   3116.2    651.2    314.6
     1     1    12     9    10    11     0     1   -54.0  -21.901  -62.714   2507.9    730.7    308.4
     2     1    12     9    10    11     0     1   -54.0  -15.572  -63.333   1889.8    791.8    309.1
     3     1    12     9    10    11     0     1   -54.0  -16.197  -60.252   2414.1    741.2    310.6
     4     1    12     9    10    11     0     1   -54.0  -16.651  -59.326   3376.7    664.3    312.0
     5     1    12     9    10    11     0     1   -54.0  -16.872  -59.000   3366.4    670.0    311.7
     6     1    12     9    10    11     0     1   -54.0  -17.470  -60.685   3341.5    658.0    313.2
     7     1    12     9    10    11     0     1   -54.0  -19.860  -63.269   3001.3    647.7    315.1
     1     1    12     9    10    10     0     2   -55.0  -21.740  -62.828   2431.6    734.0    308.4
     2     1    12     9    10    10     0     2   -55.0  -15.356  -63.401   1767.6    803.8    309.1
     3     1    12     9    10    10     0     2   -55.0  -16.101  -60.220   2285.4    753.4    310.6
     4     1    12     9    10    10     0     2   -55.0  -16.576  -59.286   3380.2    663.4    312.1
     5     1    12     9    10    10     0     2   -55.0  -16.790  -58.964   3374.1    668.1    311.8
     6     1    12     9    10    10     0     2   -55.0  -17.314  -60.706   3317.7    659.6    313.3
     7     1    12     9    10    10     0     2   -55.0  -19.586  -63.417   2883.8    649.8    315.2
     1     1    12     9    10     9     0     3   -56.0  -21.560  -62.905   2339.4    738.3    308.4
     2     1    12     9    10     9     0     3   -56.0  -15.142  -63.465   1649.3    814.4    309.2
     3     1    12     9    10     9     0     3   -56.0  -16.020  -60.183   2171.7    764.4    310.6
     4     1    12     9    10     9     0     3   -56.0  -16.501  -59.246   3378.9    662.7    312.1
     5     1    12     9    10     9     0     3   -56.0  -16.709  -58.933   3376.2    666.7    311.8
     6     1    12     9    10     9     0     3   -56.0  -17.147  -60.708   3287.1    661.7    313.4
     7     1    12     9    10     9     0     3   -56.0  -19.309  -63.524   2750.4    655.5    315.2
     1     1    12     9    10     8     0     2   -57.0  -21.346  -62.947   2240.4    744.0    308.3
     2     1    12     9    10     8     0     2   -57.0  -14.942  -63.531   1539.4    825.8    309.1
     3     1    12     9    10     8     0     2   -57.0  -15.951  -60.144   2057.1    773.1    310.7
     4     1    12     9    10     8     0     2   -57.0  -16.424  -59.210   3374.6    662.9    312.1
     5     1    12     9    10     8     0     2   -57.0  -16.625  -58.910   3372.3    666.4    311.9
     6     1    12     9    10     8     0     2   -57.0  -16.966  -60.684   3265.4    664.5    313.3
     7     1    12     9    10     8     0     2   -57.0  -19.040  -63.608   2603.7    665.1    315.2
     1     1    12     9    10     7     0     1   -58.0  -21.078  -62.959   2141.1    748.3    308.2
     2     1    12     9    10     7     0     1   -58.0  -14.758  -63.597   1499.4    829.1    309.1
     3     1    12     9    10     7     0     1   -58.0  -15.888  -60.114   1881.7    789.5    310.6
     4     1    12     9    10     7     0     1   -58.0  -16.344  -59.181   3363.4    663.3    312.1
     5     1    12     9    10     7     0     1   -58.0  -16.538  -58.896   3353.0    667.4    311.9
     6     1    12     9    10     7     0     1   -58.0  -16.775  -60.635   3276.5    663.8    313.3
     7     1    12     9    10     7     0     1   -58.0  -18.804  -63.691   2432.6    671.4    315.6
     1     1    12     9    10     6     0     0   -59.0  -20.758  -62.946   2048.3    752.4    308.2
     2     1    12     9    10     6     0     0   -59.0  -14.588  -63.661   1449.2    834.8    309.1
     3     1    12     9    10     6     0     0   -59.0  -15.831  -60.095   1688.8    808.1    310.6
     4     1    12     9    10     6     0     0   -59.0  -16.261  -59.159   3349.1    663.9    312.1
     5     1    12     9    10     6     0     0   -59.0  -16.448  -58.893   3330.4    668.4    311.9
     6     1    12     9    10     6     0     0   -59.0  -16.583  -60.562   3299.0    662.8    313.2
     7     1    12     9    10     6     0     0   -59.0  -18.605  -63.780   2257.1    675.7    316.0
     1     1    12     9    10     5     0     1   -60.0  -20.405  -62.931   1916.6    758.0    308.6
     2     1    12     9    10     5     0     1   -60.0  -14.438  -63.725   1413.6    841.7    308.9
     3     1    12     9    10     5     0     1   -60.0  -15.779  -60.087   1422.9    827.7    310.7
     4     1    12     9    10     5     0     1   -60.0  -16.169  -59.153   3334.4    665.0    312.0
     5     1    12     9    10     5     0     1   -60.0  -16.349  -58.906   3303.9    669.8    311.9
     6     1    12     9    10     5     0     1   -60.0  -16.388  -60.465   3338.2    661.4    312.9
     7     1    12     9    10     5     0     1   -60.0  -18.425  -63.893   2072.9    678.6    316.5
     1     1    12     9    10     4     0     2   -61.0  -20.023  -62.944   1681.0    772.6    308.9
     2     1    12     9    10     4     0     2   -61.0  -14.310  -63.789   1420.5    842.5    308.9
     3     1    12     9    10     4     0     2   -61.0  -15.738  -60.094    993.8    868.8    310.6
     4     1    12     9    10     4     0     2   -61.0  -16.063  -59.166   3322.3    665.5    312.0
     5     1    12     9    10     4     0     2   -61.0  -16.236  -58.940   3273.4    671.3    312.0
     6     1    12     9    10     4     0     2   -61.0  -16.196  -60.342   3390.5    658.3    313.1
     7     1    12     9    10     4     0     2   -61.0  -18.245  -64.051   1884.6    677.8    317.2
     1     1    12     9    10     3     0     3   -62.0  -19.573  -63.001   1318.1    812.2    308.7
     2     1    12     9    10     3     0     3   -62.0  -14.199  -63.846   1481.2    838.0    308.8
     3     1    12     9    10     3     0     3   -62.0  -15.716  -60.118    640.0    924.0    310.3
     4     1    12     9    10     3     0     3   -62.0  -15.941  -59.191   3310.8    665.3    312.1
     5     1    12     9    10     3     0     3   -62.0  -16.112  -58.999   3243.5    672.5    312.1
     6     1    12     9    10     3     0     3   -62.0  -16.009  -60.188   3445.9    655.7    313.1
     7     1    12     9    10     3     0     3   -62.0  -18.051  -64.263   1731.8    675.3    317.7
     1     1    12     9    10     2     0     2   -63.0  -19.072  -63.084   1007.6    858.7    307.8
     2     1    12     9    10     2     0     2   -63.0  -14.099  -63.888   1543.6    826.8    308.9
     3     1    12     9    10     2     0     2   -63.0  -15.694  -60.156    412.7    943.6    310.1
     4     1    12     9    10     2     0     2   -63.0  -15.802  -59.210   3277.9    664.5    312.1
     5     1    12     9    10     2     0     2   -63.0  -15.979  -59.063   3195.2    673.1    312.1
     6     1    12     9    10     2     0     2   -63.0  -15.831  -60.022   3479.7    652.5    313.4
     7     1    12     9    10     2     0     2   -63.0  -17.840  -64.494   1684.3    693.8    316.4
     1     1    12     9    10     1     0     1   -64.0  -18.588  -63.200    838.4    858.9    308.1
     2     1    12     9    10     1     0     1   -64.0  -14.012  -63.928   1549.3    827.0    308.9
     3     1    12     9    10     1     0     1   -64.0  -15.659  -60.210    258.0    956.8    309.8
     4     1    12     9    10     1     0     1   -64.0  -15.651  -59.213   3037.0    670.5    312.2
     5     1    12     9    10     1     0     1   -64.0  -15.838  -59.103   2953.8    679.6    312.1
     6     1    12     9    10     1     0     1   -64.0  -15.655  -59.869   3476.6    651.8    313.5
     7     1    12     9    10     1     0     1   -64.0  -17.626  -64.709   1761.3    709.2    315.3
     1     1    12     9    10     0     0     0   -65.0  -18.146  -63.368    741.9    850.9    308.0
     2     1    12     9    10     0     0     0   -65.0  -13.943  -63.972   1491.7    831.4    308.9
     3     1    12     9    10     0     0     0   -65.0  -15.615  -60.276    163.6    964.6    309.5
     4     1    12     9    10     0     0     0   -65.0  -15.530  -59.185   2239.3    759.7    312.1
     5     1    12     9    10     0     0     0   -65.0  -15.716  -59.097   2079.9    751.8    312.0
     6     1    12     9    10     0     0     0   -65.0  -15.474  -59.732   3448.2    652.1    313.3
     7     1    12     9    10     0     0     0   -65.0  -17.400  -64.922   1901.5    724.9    313.7
     1     1    12     9     9    23     0     1   -66.0  -17.760  -63.563    675.1    848.6    308.2
     2     1    12     9     9    23     0     1   -66.0  -13.891  -64.029   1251.8    845.2    309.1
     3     1    12     9     9    23     0     1   -66.0  -15.570  -60.339     59.0    970.3    309.6
     4     1    12     9     9    23     0     1   -66.0  -15.458  -59.124   1264.9    842.6    312.0
     5     1    12     9     9    23     0     1   -66.0  -15.648  -59.027   1343.6    842.7    312.0
     6     1    12     9     9    23     0     1   -66.0  -15.300  -59.614   3407.3    653.5    313.1
     7     1    12     9     9    23     0     1   -66.0  -17.154  -65.146   2019.3    726.6    312.7
     1     1    12     9     9    22     0     2   -67.0  -17.473  -63.742    923.9    873.5    307.5
     2     1    12     9     9    22     0     2   -67.0  -13.853  -64.108   1755.7    891.6    309.3
     3     1    12     9     9    22     0     2   -67.0  -15.540  -60.376      0.0    979.0    308.7
     4     1    12     9     9    22     0     2   -67.0  -15.438  -59.059      0.0    930.9    311.9
     5     1    12     9     9    22     0     2   -67.0  -15.609  -58.941    845.8    852.4    312.2
     6     1    12     9     9    22     0     2   -67.0  -15.146  -59.512   3362.6    654.1    312.9
     7     1    12     9     9    22     0     2   -67.0  -16.917  -65.367   2064.6    708.1    313.5
     1     1    12     9     9    21     0     3   -68.0  -17.270  -63.917    255.0    914.6    307.0
     2     1    12     9     9    21     0     3   -68.0  -13.805  -64.170   1604.1    911.5    309.5
     3     1    12     9     9    21     0     3   -68.0  -15.515  -60.396      0.0    979.1    311.1
     4     1    12     9     9    21     0     3   -68.0  -15.452  -59.039      0.0    929.0    312.6
     5     1    12     9     9    21     0     3   -68.0  -15.603  -58.882      0.0    942.2    312.4
     6     1    12     9     9    21     0     3   -68.0  -15.013  -59.412   3315.4    654.6    312.8
     7     1    12     9     9    21     0     3   -68.0  -16.718  -65.564   2095.7    692.4    314.3
     1     1    12     9     9    20     0     2   -69.0  -17.181  -64.050      0.0    959.5    308.2
     2     1    12     9     9    20     0     2   -69.0  -13.757  -64.237   2338.4    892.7    309.2
     3     1    12     9     9    20     0     2   -69.0  -15.489  -60.411      0.0    979.2    313.4
     4     1    12     9     9    20     0     2   -69.0  -15.466  -59.025      0.0    926.7    312.3
     5     1    12     9     9    20     0     2   -69.0  -15.606  -58.851      0.0    922.3    312.2
     6     1    12     9     9    20     0     2   -69.0  -14.905  -59.308   3242.2    656.9    312.6
     7     1    12     9     9    20     0     2   -69.0  -16.547  -65.729   2183.0    686.3    314.3
     1     1    12     9     9    19     0     1   -70.0  -17.117  -64.165      0.0    967.9    309.6
     2     1    12     9     9    19     0     1   -70.0  -13.662  -64.262   2208.6    778.8    309.4
     3     1    12     9     9    19     0     1   -70.0  -15.462  -60.424      0.0    979.4    315.6
     4     1    12     9     9    19     0     1   -70.0  -15.469  -59.014      0.0    936.6    312.1
     5     1    12     9     9    19     0     1   -70.0  -15.601  -58.824      0.0    939.2    311.9
     6     1    12     9     9    19     0     1   -70.0  -14.821  -59.205   2722.4    667.0    312.4
     7     1    12     9     9    19     0     1   -70.0  -16.385  -65.873   2350.8    680.0    314.1
     1     1    12     9     9    18     0     0   -71.0  -17.054  -64.287      0.0    977.6    310.6
     2     1    12     9     9    18     0     0   -71.0  -13.566  -64.283   2306.8    776.8    309.2
     3     1    12     9     9    18     0     0   -71.0  -15.435  -60.435      0.0    979.6    317.9
     4     1    12     9     9    18     0     0   -71.0  -15.463  -59.008      0.0    949.2    311.9
     5     1    12     9     9    18     0     0   -71.0  -15.588  -58.802      0.0    954.5    312.0
     6     1    12     9     9    18     0     0   -71.0  -14.787  -59.161   1286.9    955.1    320.3
     7     1    12     9     9    18     0     0   -71.0  -16.220  -66.016   2579.4    676.8    313.6
     1     1    12     9     9    17     0     1   -72.0  -17.004  -64.408     16.2    983.3    307.7
     2     1    12     9     9    17     0     1   -72.0  -13.460  -64.277   2442.8    746.4    309.5
     3     1    12     9     9    17     0     1   -72.0  -15.406  -60.446     23.9    978.0    315.5
     4     1    12     9     9    17     0     1   -72.0  -15.448  -59.009     15.8    963.3    317.4
     5     1    12     9     9    17     0     1   -72.0  -15.566  -58.789     22.6    968.1    315.8
     6     1    12     9     9    17     0     1   -72.0  -14.760  -59.140    261.8    955.5    320.2
     7     1    12     9     9    17     0     1   -72.0  -16.053  -66.151   2816.9    674.7    313.4
     1     1    12     9     9    16     0     2   -73.0  -16.973  -64.511      7.2    986.9    307.4
     2     1    12     9     9    16     0     2   -73.0  -13.355  -64.252   2545.1    738.6    309.5
     3     1    12     9     9    16     0     2   -73.0  -15.375  -60.459     37.2    978.4    314.7
     4     1    12     9     9    16     0     2   -73.0  -15.422  -59.018     22.0    963.5    316.3
     5     1    12     9     9    16     0     2   -73.0  -15.530  -58.780     30.1    968.2    314.7
     6     1    12     9     9    16     0     2   -73.0  -14.733  -59.132    144.6    954.5    318.0
     7     1    12     9     9    16     0     2   -73.0  -15.896  -66.251   3013.9    665.1    313.9
     1     1    12     9     9    15     0     3   -74.0  -16.951  -64.596      0.0    989.3    306.7
     2     1    12     9     9    15     0     3   -74.0  -13.256  -64.207   2626.5    732.5    309.5
     3     1    12     9     9    15     0     3   -74.0  -15.343  -60.475     43.2    979.4    314.5
     4     1    12     9     9    15     0     3   -74.0  -15.386  -59.034     20.9    964.5    316.4
     5     1    12     9     9    15     0     3   -74.0  -15.483  -58.778     25.7    969.0    314.9
     6     1    12     9     9    15     0     3   -74.0  -14.699  -59.127      0.0    957.2    319.9
     7     1    12     9     9    15     0     3   -74.0  -15.747  -66.303   3196.3    652.9    314.3
     1     1    12     9     9    14     0     2   -75.0  -16.941  -64.669    554.0    989.9    304.4
     2     1    12     9     9    14     0     2   -75.0  -13.165  -64.146   2682.0    726.6    309.7
     3     1    12     9     9    14     0     2   -75.0  -15.314  -60.491     22.2    979.8    311.6
     4     1    12     9     9    14     0     2   -75.0  -15.345  -59.056      0.0    964.9    314.3
     5     1    12     9     9    14     0     2   -75.0  -15.434  -58.782      0.0    969.9    313.7
     6     1    12     9     9    14     0     2   -75.0  -14.666  -59.126      0.0    957.0    316.1
     7     1    12     9     9    14     0     2   -75.0  -15.605  -66.313   3367.3    642.0    315.2
     1     1    12     9     9    13     0     1   -76.0  -16.905  -64.828    584.9    923.1    303.0
     2     1    12     9     9    13     0     1   -76.0  -13.081  -64.072   2709.7    724.6    309.8
     3     1    12     9     9    13     0     1   -76.0  -15.296  -60.504      0.0    984.7    311.3
     4     1    12     9     9    13     0     1   -76.0  -15.306  -59.079      0.0    965.6    311.6
     5     1    12     9     9    13     0     1   -76.0  -15.388  -58.794      0.0    969.8    311.0
     6     1    12     9     9    13     0     1   -76.0  -14.628  -59.125      0.0    956.9    312.2
     7     1    12     9     9    13     0     1   -76.0  -15.475  -66.293   3513.4    634.4    315.8
     1     1    12     9     9    12     0     0   -77.0  -16.869  -64.965    579.0    926.1    302.5
     2     1    12     9     9    12     0     0   -77.0  -12.999  -63.985   2718.3    723.8    309.8
     3     1    12     9     9    12     0     0   -77.0  -15.285  -60.515      0.0    984.8    307.3
     4     1    12     9     9    12     0     0   -77.0  -15.264  -59.105      0.0    965.0    307.7
     5     1    12     9     9    12     0     0   -77.0  -15.341  -58.814      0.0    968.2    307.2
     6     1    12     9     9    12     0     0   -77.0  -14.587  -59.126      0.0    956.9    308.3
     7     1    12     9     9    12     0     0   -77.0  -15.355  -66.255   3628.6    629.2    316.1
     1     1    12     9     9    11     0     1   -78.0  -16.833  -65.076    591.6    912.9    303.1
     2     1    12     9     9    11     0     1   -78.0  -12.904  -63.885   2720.2    724.0    309.8
     3     1    12     9     9    11     0     1   -78.0  -15.281  -60.526      0.0    984.7    304.1
     4     1    12     9     9    11     0     1   -78.0  -15.218  -59.124      0.0    964.1    305.0
     5     1    12     9     9    11     0     1   -78.0  -15.289  -58.832      0.0    966.3    304.8
     6     1    12     9     9    11     0     1   -78.0  -14.545  -59.122      0.0    955.9    305.1
     7     1    12     9     9    11     0     1   -78.0  -15.254  -66.219   3704.6    625.7    316.4
     1     1    12     9     9    10     0     2   -79.0  -16.785  -65.167    598.6    892.7    304.1
     2     1    12     9     9    10     0     2   -79.0  -12.789  -63.773   2723.0    723.2    309.8
     3     1    12     9     9    10     0     2   -79.0  -15.285  -60.538      0.0    984.6    300.9
     4     1    12     9     9    10     0     2   -79.0  -15.167  -59.130      0.0    962.8    302.4
     5     1    12     9     9    10     0     2   -79.0  -15.230  -58.838      0.0    964.5    302.3
     6     1    12     9     9    10     0     2   -79.0  -14.501  -59.107      0.0    954.4    301.8
     7     1    12     9     9    10     0     2   -79.0  -15.180  -66.199   3744.5    624.6    316.5
     1     1    12     9     9     9     0     3   -80.0  -16.732  -65.239    588.4    881.5    304.8
     2     1    12     9     9     9     0     3   -80.0  -12.657  -63.652   2722.4    722.7    309.7
     3     1    12     9     9     9     0     3   -80.0  -15.297  -60.551     35.1    984.3    297.7
     4     1    12     9     9     9     0     3   -80.0  -15.110  -59.120     22.5    961.3    299.7
     5     1    12     9     9     9     0     3   -80.0  -15.163  -58.831     23.6    963.0    299.8
     6     1    12     9     9     9     0     3   -80.0  -14.457  -59.079     31.2    952.5    298.5
     7     1    12     9     9     9     0     3   -80.0  -15.125  -66.195   3756.9    624.7    316.6
     1     1    12     9     9     8     0     2   -81.0  -16.686  -65.295    561.5    878.4    305.1
     2     1    12     9     9     8     0     2   -81.0  -12.512  -63.524   2714.4    723.8    309.7
     3     1    12     9     9     8     0     2   -81.0  -15.319  -60.573     72.3    973.6    302.3
     4     1    12     9     9     8     0     2   -81.0  -15.028  -59.089     49.6    951.9    303.5
     5     1    12     9     9     8     0     2   -81.0  -15.069  -58.802     51.3    954.5    303.2
     6     1    12     9     9     8     0     2   -81.0  -14.390  -59.029     70.5    940.9    302.7
     7     1    12     9     9     8     0     2   -81.0  -15.084  -66.208   3754.9    626.5    316.5
     1     1    12     9     9     7     0     1   -82.0  -16.650  -65.341    531.3    876.2    305.4
     2     1    12     9     9     7     0     1   -82.0  -12.362  -63.390   2692.4    725.8    309.7
     3     1    12     9     9     7     0     1   -82.0  -15.344  -60.602     84.2    972.6    302.9
     4     1    12     9     9     7     0     1   -82.0  -14.938  -59.044     61.0    949.1    303.9
     5     1    12     9     9     7     0     1   -82.0  -14.970  -58.764     61.5    953.0    303.6
     6     1    12     9     9     7     0     1   -82.0  -14.316  -58.969     86.8    937.9    303.5
     7     1    12     9     9     7     0     1   -82.0  -15.047  -66.239   3749.4    627.8    316.5
     1     1    12     9     9     6     0     0   -83.0  -16.625  -65.378    495.3    875.8    305.6
     2     1    12     9     9     6     0     0   -83.0  -12.208  -63.255   2639.9    730.1    309.7
     3     1    12     9     9     6     0     0   -83.0  -15.369  -60.636     76.7    973.8    303.1
     4     1    12     9     9     6     0     0   -83.0  -14.849  -58.991     61.2    947.2    304.0
     5     1    12     9     9     6     0     0   -83.0  -14.875  -58.719     60.0    952.5    303.5
     6     1    12     9     9     6     0     0   -83.0  -14.243  -58.907     84.4    937.9    303.6
     7     1    12     9     9     6     0     0   -83.0  -15.014  -66.289   3744.6    628.9    316.5
     1     1    12     9     9     5     0     1   -84.0  -16.610  -65.411    445.4    876.7    305.9
     2     1    12     9     9     5     0     1   -84.0  -12.051  -63.118   2515.1    739.5    309.7
     3     1    12     9     9     5     0     1   -84.0  -15.396  -60.672     61.6    976.5    302.8
     4     1    12     9     9     5     0     1   -84.0  -14.765  -58.933     54.5    948.3    303.7
     5     1    12     9     9     5     0     1   -84.0  -14.788  -58.671     51.8    953.1    303.3
     6     1    12     9     9     5     0     1   -84.0  -14.174  -58.843     73.4    939.9    303.2
     7     1    12     9     9     5     0     1   -84.0  -14.986  -66.352   3736.6    629.5    316.7
     1     1    12     9     9     4     0     2   -85.0  -16.609  -65.439    376.5    880.3    306.2
     2     1    12     9     9     4     0     2   -85.0  -11.895  -62.976   2179.7    761.0    309.7
     3     1    12     9     9     4     0     2   -85.0  -15.428  -60.706     46.6    977.6    302.7
     4     1    12     9     9     4     0     2   -85.0  -14.686  -58.872     45.4    949.1    303.7
     5     1    12     9     9     4     0     2   -85.0  -14.708  -58.617     42.0    953.5    303.3
     6     1    12     9     9     4     0     2   -85.0  -14.106  -58.778     60.8    940.1    303.4
     7     1    12     9     9     4     0     2   -85.0  -14.968  -66.420   3721.3    630.8    316.8
     1     1    12     9     9     3     0     3   -86.0  -16.622  -65.462    299.9    883.9    306.3
     2     1    12     9     9     3     0     3   -86.0  -11.756  -62.843   1626.2    824.1    309.6
     3     1    12     9     9     3     0     3   -86.0  -15.464  -60.740     31.5    979.0    302.6
     4     1    12     9     9     3     0     3   -86.0  -14.612  -58.811     34.1    950.1    303.6
     5     1    12     9     9     3     0     3   -86.0  -14.633  -58.562     31.1    954.1    303.2
     6     1    12     9     9     3     0     3   -86.0  -14.040  -58.714     45.8    940.4    303.6
     7     1    12     9     9     3     0     3   -86.0  -14.959  -66.496   3701.3    632.3    316.8
     1     1    12     9     9     2     0     2   -87.0  -16.633  -65.482    231.5    887.0    306.5
     2     1    12     9     9     2     0     2   -87.0  -11.651  -62.746   1139.5    871.2    309.3
     3     1    12     9     9     2     0     2   -87.0  -15.500  -60.775     13.8    980.0    302.7
     4     1    12     9     9     2     0     2   -87.0  -14.549  -58.754     19.7    951.2    303.7
     5     1    12     9     9     2     0     2   -87.0  -14.568  -58.508     17.2    954.6    303.4
     6     1    12     9     9     2     0     2   -87.0  -13.974  -58.657     29.9    941.7    303.6
     7     1    12     9     9     2     0     2   -87.0  -14.954  -66.583   3678.0    633.5    316.8
     1     1    12     9     9     1     0     1   -88.0  -16.623  -65.501    178.4    890.4    306.8
     2     1    12     9     9     1     0     1   -88.0  -11.570  -62.703    744.0    909.0    309.2
     3     1    12     9     9     1     0     1   -88.0  -15.533  -60.814      0.0    980.1    303.1
     4     1    12     9     9     1     0     1   -88.0  -14.498  -58.707      1.7    952.5    303.8
     5     1    12     9     9     1     0     1   -88.0  -14.515  -58.458      0.0    955.4    303.7
     6     1    12     9     9     1     0     1   -88.0  -13.910  -58.611     14.3    944.8    303.3
     7     1    12     9     9     1     0     1   -88.0  -14.952  -66.683   3650.7    634.7    316.8
     1     1    12     9     9     0     0     0   -89.0  -16.588  -65.519    140.6    894.3    307.2
     2     1    12     9     9     0     0     0   -89.0  -11.511  -62.713    497.3    945.2    308.9
     3     1    12     9     9     0     0     0   -89.0  -15.566  -60.860      0.0    979.0    303.9
     4     1    12     9     9     0     0     0   -89.0  -14.451  -58.661      0.0    951.9    304.7
     5     1    12     9     9     0     0     0   -89.0  -14.465  -58.406      0.0    954.5    304.6
     6     1    12     9     9     0     0     0   -89.0  -13.849  -58.575      0.0    946.7    303.4
     7     1    12     9     9     0     0     0   -89.0  -14.954  -66.793   3617.6    636.4    316.7
     1     1    12     9     8    23     0     1   -90.0  -16.523  -65.535     83.9    901.2    308.2
     2     1    12     9     8    23     0     1   -90.0  -11.461  -62.742    343.1    950.6    309.3
     3     1    12     9     8    23     0     1   -90.0  -15.590  -60.912      0.0    977.3    305.9
     4     1    12     9     8    23     0     1   -90.0  -14.403  -58.615      0.0    950.6    306.9
     5     1    12     9     8    23     0     1   -90.0  -14.413  -58.352      0.0    953.0    306.8
     6     1    12     9     8    23     0     1   -90.0  -13.789  -58.541      0.0    947.6    305.8
     7     1    12     9     8    23     0     1   -90.0  -14.950  -66.910   3569.5    638.6    317.0
     1     1    12     9     8    22     0     2   -91.0  -16.430  -65.550      0.0    908.1    309.5
     2     1    12     9     8    22     0     2   -91.0  -11.420  -62.774    435.4    969.9    309.3
     3     1    12     9     8    22     0     2   -91.0  -15.596  -60.965      0.0    976.0    308.0
     4     1    12     9     8    22     0     2   -91.0  -14.353  -58.569      0.0    949.3    309.1
     5     1    12     9     8    22     0     2   -91.0  -14.362  -58.298      0.0    951.4    308.9
     6     1    12     9     8    22     0     2   -91.0  -13.731  -58.503      0.0    948.4    308.3
     7     1    12     9     8    22     0     2   -91.0  -14.928  -67.035   3492.7    642.5    317.3
     1     1    12     9     8    21     0     3   -92.0  -16.314  -65.562      0.0    912.1    310.6
     2     1    12     9     8    21     0     3   -92.0  -11.356  -62.789   2620.1    901.4    310.6
     3     1    12     9     8    21     0     3   -92.0  -15.580  -61.019      0.0    975.1    310.0
     4     1    12     9     8    21     0     3   -92.0  -14.301  -58.521      0.0    948.0    311.4
     5     1    12     9     8    21     0     3   -92.0  -14.310  -58.243      0.0    949.8    311.2
     6     1    12     9     8    21     0     3   -92.0  -13.675  -58.461      0.0    949.1    311.0
     7     1    12     9     8    21     0     3   -92.0  -14.890  -67.164   3354.8    649.5    317.3
     1     1    12     9     8    20     0     2   -93.0  -16.161  -65.584    270.4    914.9    310.3
     2     1    12     9     8    20     0     2   -93.0  -11.286  -62.746   2656.7    726.8    310.7
     3     1    12     9     8    20     0     2   -93.0  -15.545  -61.071      0.0    977.1    311.2
     4     1    12     9     8    20     0     2   -93.0  -14.243  -58.475      0.0    947.4    314.2
     5     1    12     9     8    20     0     2   -93.0  -14.252  -58.190      0.0    949.0    314.1
     6     1    12     9     8    20     0     2   -93.0  -13.618  -58.420      0.0    950.2    313.6
     7     1    12     9     8    20     0     2   -93.0  -14.842  -67.298   3227.3    656.9    316.7
     1     1    12     9     8    19     0     1   -94.0  -15.978  -65.618    202.7    964.6    311.1
     2     1    12     9     8    19     0     1   -94.0  -11.223  -62.700   2696.1    719.8    310.6
     3     1    12     9     8    19     0     1   -94.0  -15.493  -61.117      0.0    979.2    312.5
     4     1    12     9     8    19     0     1   -94.0  -14.175  -58.433      0.0    946.3    317.1
     5     1    12     9     8    19     0     1   -94.0  -14.185  -58.143      0.0    947.6    317.1
     6     1    12     9     8    19     0     1   -94.0  -13.558  -58.386      0.0    951.4    316.3
     7     1    12     9     8    19     0     1   -94.0  -14.791  -67.437   3123.7    660.6    316.3
     1     1    12     9     8    18     0     0   -95.0  -15.802  -65.662      0.0    970.6    312.3
     2     1    12     9     8    18     0     0   -95.0  -11.167  -62.648   2737.7    716.9    310.5
     3     1    12     9     8    18     0     0   -95.0  -15.426  -61.159      0.0    981.5    313.7
     4     1    12     9     8    18     0     0   -95.0  -14.100  -58.396      0.0    944.8    320.3
     5     1    12     9     8    18     0     0   -95.0  -14.110  -58.104      0.0    945.7    320.4
     6     1    12     9     8    18     0     0   -95.0  -13.491  -58.357      0.0    952.6    318.9
     7     1    12     9     8    18     0     0   -95.0  -14.741  -67.581   3033.0    663.2    316.2
     1     1    12     9     8    17     0     1   -96.0  -15.669  -65.711      5.5    970.5    311.2
     2     1    12     9     8    17     0     1   -96.0  -11.117  -62.582   2771.2    713.4    310.9
     3     1    12     9     8    17     0     1   -96.0  -15.339  -61.206     36.0    978.0    312.2
     4     1    12     9     8    17     0     1   -96.0  -14.010  -58.363     43.8    938.4    317.5
     5     1    12     9     8    17     0     1   -96.0  -14.019  -58.071     44.8    938.8    317.6
     6     1    12     9     8    17     0     1   -96.0  -13.414  -58.330     40.2    950.5    315.8
     7     1    12     9     8    17     0     1   -96.0  -14.694  -67.723   2940.4    666.0    315.9
     1     1    12     9     8    16     0     2   -97.0  -15.546  -65.775      0.5    973.4    310.8
     2     1    12     9     8    16     0     2   -97.0  -11.065  -62.490   2787.3    713.0    311.0
     3     1    12     9     8    16     0     2   -97.0  -15.239  -61.259     48.9    979.4    311.6
     4     1    12     9     8    16     0     2   -97.0  -13.907  -58.331     63.8    940.3    316.5
     5     1    12     9     8    16     0     2   -97.0  -13.914  -58.042     64.2    940.6    316.7
     6     1    12     9     8    16     0     2   -97.0  -13.329  -58.303     55.3    952.9    314.8
     7     1    12     9     8    16     0     2   -97.0  -14.655  -67.858   2838.5    670.6    315.6
     1     1    12     9     8    15     0     3   -98.0  -15.424  -65.854      0.0    974.4    309.9
     2     1    12     9     8    15     0     3   -98.0  -11.009  -62.371   2789.3    714.4    311.1
     3     1    12     9     8    15     0     3   -98.0  -15.132  -61.315     43.0    982.2    311.3
     4     1    12     9     8    15     0     3   -98.0  -13.797  -58.302     66.2    943.7    315.7
     5     1    12     9     8    15     0     3   -98.0  -13.802  -58.017     66.0    944.2    316.0
     6     1    12     9     8    15     0     3   -98.0  -13.240  -58.278     50.1    956.6    314.3
     7     1    12     9     8    15     0     3   -98.0  -14.628  -67.988   2728.8    676.0    315.2
     1     1    12     9     8    14     0     2   -99.0  -15.312  -65.943      0.0    974.6    307.1
     2     1    12     9     8    14     0     2   -99.0  -10.949  -62.230   2788.6    716.3    310.9
     3     1    12     9     8    14     0     2   -99.0  -15.034  -61.363      0.0    985.6    309.2
     4     1    12     9     8    14     0     2   -99.0  -13.694  -58.282     34.4    947.1    312.8
     5     1    12     9     8    14     0     2   -99.0  -13.697  -58.000     32.2    947.6    313.0
     6     1    12     9     8    14     0     2   -99.0  -13.159  -58.259     11.8    960.7    311.8
     7     1    12     9     8    14     0     2   -99.0  -14.605  -68.106   2615.3    668.7    315.5
     1     1    12     9     8    13     0     1  -100.0  -15.223  -66.034      0.0    974.4    304.6
     2     1    12     9     8    13     0     1  -100.0  -10.890  -62.074   2791.4    716.8    310.9
     3     1    12     9     8    13     0     1  -100.0  -14.961  -61.393      0.0    988.3    307.0
     4     1    12     9     8    13     0     1  -100.0  -13.615  -58.273      0.0    954.7    311.1
     5     1    12     9     8    13     0     1  -100.0  -13.616  -57.994      0.0    955.4    311.1
     6     1    12     9     8    13     0     1  -100.0  -13.102  -58.246      0.0    965.5    309.6
     7     1    12     9     8    13     0     1  -100.0  -14.575  -68.207   2550.9    657.1    316.1
     1     1    12     9     8    12     0     0  -101.0  -15.161  -66.120      0.0    974.0    302.4
     2     1    12     9     8    12     0     0  -101.0  -10.835  -61.902   2788.9    716.6    311.0
     3     1    12     9     8    12     0     0  -101.0  -14.897  -61.415      0.0    987.6    304.0
     4     1    12     9     8    12     0     0  -101.0  -13.554  -58.273      0.0    955.9    307.4
     5     1    12     9     8    12     0     0  -101.0  -13.554  -57.995      0.0    956.5    307.4
     6     1    12     9     8    12     0     0  -101.0  -13.060  -58.237      0.0    966.3    306.2
     7     1    12     9     8    12     0     0  -101.0  -14.540  -68.293   2520.2    647.0    316.7
     1     1    12     9     8    11     0     1  -102.0  -15.119  -66.198      0.0    972.9    301.0
     2     1    12     9     8    11     0     1  -102.0  -10.781  -61.724   2794.1    715.9    310.8
     3     1    12     9     8    11     0     1  -102.0  -14.839  -61.431      0.0    986.5    302.1
     4     1    12     9     8    11     0     1  -102.0  -13.502  -58.274      0.0    955.9    303.6
     5     1    12     9     8    11     0     1  -102.0  -13.501  -57.996      0.0    956.3    303.6
     6     1    12     9     8    11     0     1  -102.0  -13.028  -58.226      0.0    965.8    302.1
     7     1    12     9     8    11     0     1  -102.0  -14.499  -68.374   2504.7    636.8    317.4
     1     1    12     9     8    10     0     2  -103.0  -15.091  -66.268      0.0    971.8    299.5
     2     1    12     9     8    10     0     2  -103.0  -10.727  -61.548   2821.3    712.5    310.7
     3     1    12     9     8    10     0     2  -103.0  -14.783  -61.447      0.0    985.6    300.2
     4     1    12     9     8    10     0     2  -103.0  -13.457  -58.269      0.0    955.8    299.8
     5     1    12     9     8    10     0     2  -103.0  -13.455  -57.987      0.0    956.1    299.8
     6     1    12     9     8    10     0     2  -103.0  -13.002  -58.210      0.0    965.1    297.9
     7     1    12     9     8    10     0     2  -103.0  -14.457  -68.461   2486.5    628.1    317.9
     1     1    12     9     8     9     0     3  -104.0  -15.075  -66.328      7.0    970.5    297.8
     2     1    12     9     8     9     0     3  -104.0  -10.678  -61.381   2875.3    707.0    310.8
     3     1    12     9     8     9     0     3  -104.0  -14.730  -61.461     14.8    984.7    298.3
     4     1    12     9     8     9     0     3  -104.0  -13.416  -58.258     37.6    955.6    295.9
     5     1    12     9     8     9     0     3  -104.0  -13.415  -57.970     37.6    955.9    295.9
     6     1    12     9     8     9     0     3  -104.0  -12.981  -58.187     31.2    964.1    293.8
     7     1    12     9     8     9     0     3  -104.0  -14.416  -68.553   2459.4    620.1    318.5
     1     1    12     9     8     8     0     2  -105.0  -15.058  -66.400     44.1    964.4    299.8
     2     1    12     9     8     8     0     2  -105.0  -10.639  -61.223   2930.7    699.7    311.3
     3     1    12     9     8     8     0     2  -105.0  -14.655  -61.492     50.2    977.0    300.8
     4     1    12     9     8     8     0     2  -105.0  -13.359  -58.247     80.0    946.2    300.9
     5     1    12     9     8     8     0     2  -105.0  -13.356  -57.950     80.2    946.5    300.9
     6     1    12     9     8     8     0     2  -105.0  -12.948  -58.166     71.1    955.7    299.1
     7     1    12     9     8     8     0     2  -105.0  -14.381  -68.648   2425.3    614.0    318.9
     1     1    12     9     8     7     0     1  -106.0  -15.044  -66.477     53.6    964.2    300.2
     2     1    12     9     8     7     0     1  -106.0  -10.609  -61.072   2957.7    697.1    311.6
     3     1    12     9     8     7     0     1  -106.0  -14.567  -61.536     60.1    976.4    301.3
     4     1    12     9     8     7     0     1  -106.0  -13.292  -58.244     95.8    946.6    301.6
     5     1    12     9     8     7     0     1  -106.0  -13.286  -57.938     95.4    947.2    301.6
     6     1    12     9     8     7     0     1  -106.0  -12.900  -58.159     87.0    954.7    300.2
     7     1    12     9     8     7     0     1  -106.0  -14.352  -68.743   2388.9    607.6    319.3
     1     1    12     9     8     6     0     0  -107.0  -15.039  -66.547     42.2    964.9    300.3
     2     1    12     9     8     6     0     0  -107.0  -10.581  -60.922   2953.0    697.5    311.6
     3     1    12     9     8     6     0     0  -107.0  -14.480  -61.585     53.0    976.9    301.6
     4     1    12     9     8     6     0     0  -107.0  -13.220  -58.253     92.5    949.0    301.5
     5     1    12     9     8     6     0     0  -107.0  -13.210  -57.938     90.9    949.7    301.6
     6     1    12     9     8     6     0     0  -107.0  -12.840  -58.166     83.5    956.2    300.4
     7     1    12     9     8     6     0     0  -107.0  -14.330  -68.840   2348.5    601.1    319.8
     1     1    12     9     8     5     0     1  -108.0  -15.046  -66.600     18.8    966.9    300.0
     2     1    12     9     8     5     0     1  -108.0  -10.553  -60.768   2926.6    701.1    311.6
     3     1    12     9     8     5     0     1  -108.0  -14.401  -61.633     38.7    978.7    301.4
     4     1    12     9     8     5     0     1  -108.0  -13.149  -58.264     81.1    953.0    301.1
     5     1    12     9     8     5     0     1  -108.0  -13.135  -57.941     78.5    954.0    301.0
     6     1    12     9     8     5     0     1  -108.0  -12.776  -58.173     69.9    959.6    300.2
     7     1    12     9     8     5     0     1  -108.0  -14.315  -68.933   2307.5    594.8    320.3
     1     1    12     9     8     4     0     2  -109.0  -15.065  -66.636      0.0    966.9    300.2
     2     1    12     9     8     4     0     2  -109.0  -10.527  -60.606   2891.7    704.6    311.7
     3     1    12     9     8     4     0     2  -109.0  -14.329  -61.680     24.7    980.2    301.4
     4     1    12     9     8     4     0     2  -109.0  -13.077  -58.270     68.7    955.8    301.1
     5     1    12     9     8     4     0     2  -109.0  -13.061  -57.936     66.0    956.6    300.9
     6     1    12     9     8     4     0     2  -109.0  -12.712  -58.167     52.1    961.5    300.4
     7     1    12     9     8     4     0     2  -109.0  -14.303  -69.013   2270.0    589.9    320.7
     1     1    12     9     8     3     0     3  -110.0  -15.089  -66.663      0.0    964.9    300.9
     2     1    12     9     8     3     0     3  -110.0  -10.501  -60.427   2851.1    708.5    311.6
     3     1    12     9     8     3     0     3  -110.0  -14.269  -61.723     11.4    982.4    301.1
     4     1    12     9     8     3     0     3  -110.0  -13.004  -58.271     54.7    958.3    301.1
     5     1    12     9     8     3     0     3  -110.0  -12.988  -57.925     52.6    959.0    300.9
     6     1    12     9     8     3     0     3  -110.0  -12.651  -58.149     28.2    964.3    300.4
     7     1    12     9     8     3     0     3  -110.0  -14.290  -69.086   2227.8    588.1    320.8
     1     1    12     9     8     2     0     2  -111.0  -15.110  -66.686      0.0    963.3    300.9
     2     1    12     9     8     2     0     2  -111.0  -10.472  -60.238   2824.6    712.6    311.1
     3     1    12     9     8     2     0     2  -111.0  -14.217  -61.761      0.0    982.6    301.7
     4     1    12     9     8     2     0     2  -111.0  -12.937  -58.269     38.9    960.4    301.2
     5     1    12     9     8     2     0     2  -111.0  -12.919  -57.907     37.6    961.2    301.1
     6     1    12     9     8     2     0     2  -111.0  -12.602  -58.126      3.6    968.0    299.3
     7     1    12     9     8     2     0     2  -111.0  -14.283  -69.162   2160.9    584.7    321.1
     1     1    12     9     8     1     0     1  -112.0  -15.122  -66.704      0.0    962.2    300.8
     2     1    12     9     8     1     0     1  -112.0  -10.440  -60.053   2828.3    712.2    310.9
     3     1    12     9     8     1     0     1  -112.0  -14.165  -61.798      0.0    982.6    302.3
     4     1    12     9     8     1     0     1  -112.0  -12.878  -58.263     23.1    963.0    301.0
     5     1    12     9     8     1     0     1  -112.0  -12.857  -57.886     22.6    963.9    300.8
     6     1    12     9     8     1     0     1  -112.0  -12.558  -58.104      0.0    968.6    299.5
     7     1    12     9     8     1     0     1  -112.0  -14.286  -69.250   2041.7    583.6    321.2
     1     1    12     9     8     0     0     0  -113.0  -15.124  -66.717      0.0    961.8    300.6
     2     1    12     9     8     0     0     0  -113.0  -10.410  -59.880   2852.3    709.6    310.9
     3     1    12     9     8     0     0     0  -113.0  -14.112  -61.833      0.0    982.6    302.8
     4     1    12     9     8     0     0     0  -113.0  -12.828  -58.257     10.2    965.5    300.6
     5     1    12     9     8     0     0     0  -113.0  -12.802  -57.866     10.8    966.6    300.4
     6     1    12     9     8     0     0     0  -113.0  -12.516  -58.083      0.0    969.2    299.4
     7     1    12     9     8     0     0     0  -113.0  -14.297  -69.348   1870.7    584.3    321.4
     1     1    12     9     7    23     0     1  -114.0  -15.109  -66.729    233.2    961.5    303.7
     2     1    12     9     7    23     0     1  -114.0  -10.379  -59.722   2874.6    706.0    311.0
     3     1    12     9     7    23     0     1  -114.0  -14.059  -61.868      0.0    981.5    304.8
     4     1    12     9     7    23     0     1  -114.0  -12.783  -58.249      0.0    964.9    303.5
     5     1    12     9     7    23     0     1  -114.0  -12.754  -57.846      0.0    966.0    303.2
     6     1    12     9     7    23     0     1  -114.0  -12.475  -58.065      0.0    968.7    302.7
     7     1    12     9     7    23     0     1  -114.0  -14.297  -69.441   1620.1    590.0    321.3
     1     1    12     9     7    22     0     2  -115.0  -14.955  -66.768    729.6    923.7    308.9
     2     1    12     9     7    22     0     2  -115.0  -10.339  -59.579   2876.9    705.4    310.9
     3     1    12     9     7    22     0     2  -115.0  -14.010  -61.905      0.0    980.5    306.9
     4     1    12     9     7    22     0     2  -115.0  -12.741  -58.239      0.0    964.3    306.6
     5     1    12     9     7    22     0     2  -115.0  -12.712  -57.827      0.0    965.4    306.2
     6     1    12     9     7    22     0     2  -115.0  -12.436  -58.048      0.0    968.1    306.0
     7     1    12     9     7    22     0     2  -115.0  -14.255  -69.524   1459.3    614.1    319.9
     1     1    12     9     7    21     0     3  -116.0  -14.718  -66.863   1982.0    834.2    309.7
     2     1    12     9     7    21     0     3  -116.0  -10.292  -59.452   2856.5    706.7    310.8
     3     1    12     9     7    21     0     3  -116.0  -13.965  -61.944      0.0    979.7    309.1
     4     1    12     9     7    21     0     3  -116.0  -12.702  -58.227      0.0    963.6    309.7
     5     1    12     9     7    21     0     3  -116.0  -12.674  -57.807      0.0    964.8    309.2
     6     1    12     9     7    21     0     3  -116.0  -12.399  -58.035      0.0    967.4    309.4
     7     1    12     9     7    21     0     3  -116.0  -14.190  -69.600   1495.9    632.1    319.0
     1     1    12     9     7    20     0     2  -117.0  -14.470  -67.056   2153.6    742.9    311.1
     2     1    12     9     7    20     0     2  -117.0  -10.239  -59.340   2832.4    710.9    310.5
     3     1    12     9     7    20     0     2  -117.0  -13.916  -61.982      0.0    980.3    310.1
     4     1    12     9     7    20     0     2  -117.0  -12.660  -58.214      0.0    964.7    311.9
     5     1    12     9     7    20     0     2  -117.0  -12.635  -57.788      0.0    965.8    311.5
     6     1    12     9     7    20     0     2  -117.0  -12.360  -58.023      0.0    968.1    311.6
     7     1    12     9     7    20     0     2  -117.0  -14.116  -69.678   1225.1    641.9    318.2
     1     1    12     9     7    19     0     1  -118.0  -14.206  -67.251   2182.3    750.2    310.7
     2     1    12     9     7    19     0     1  -118.0  -10.185  -59.240   2837.9    711.4    310.4
     3     1    12     9     7    19     0     1  -118.0  -13.855  -62.017      0.0    981.1    311.0
     4     1    12     9     7    19     0     1  -118.0  -12.613  -58.199      0.0    965.7    314.1
     5     1    12     9     7    19     0     1  -118.0  -12.590  -57.768      0.0    966.8    313.8
     6     1    12     9     7    19     0     1  -118.0  -12.315  -58.008      0.0    968.8    313.8
     7     1    12     9     7    19     0     1  -118.0  -14.037  -69.761   1179.4    610.4    319.4
     1     1    12     9     7    18     0     0  -119.0  -13.936  -67.463   2165.1    755.6    310.3
     2     1    12     9     7    18     0     0  -119.0  -10.130  -59.154   2885.6    707.8    310.4
     3     1    12     9     7    18     0     0  -119.0  -13.780  -62.051     25.3    980.9    311.8
     4     1    12     9     7    18     0     0  -119.0  -12.561  -58.182     18.6    966.6    316.3
     5     1    12     9     7    18     0     0  -119.0  -12.540  -57.746     34.0    967.7    316.1
     6     1    12     9     7    18     0     0  -119.0  -12.265  -57.992     27.2    969.4    315.9
     7     1    12     9     7    18     0     0  -119.0  -13.948  -69.840   1097.4    615.5    319.0
     1     1    12     9     7    17     0     1  -120.0  -13.674  -67.691   2165.2    756.4    310.3
     2     1    12     9     7    17     0     1  -120.0  -10.070  -59.072   2951.6    700.2    310.4
     3     1    12     9     7    17     0     1  -120.0  -13.680  -62.091     48.5    978.6    310.9
     4     1    12     9     7    17     0     1  -120.0  -12.493  -58.159     51.0    960.2    312.9
     5     1    12     9     7    17     0     1  -120.0  -12.470  -57.714     59.0    958.8    312.3
     6     1    12     9     7    17     0     1  -120.0  -12.195  -57.967     47.1    960.8    312.2
     7     1    12     9     7    17     0     1  -120.0  -13.848  -69.911    830.9    643.0    317.6