     1     1    12     9    12    15     0     3     0.0  -23.561  -46.740   1000.0    842.8    306.0
     2     1    12     9    12    15     0     3     0.0  -23.561  -46.740   2000.0    749.0    309.5
     3     1    12     9    12    15     0     3     0.0  -23.561  -46.740   2500.0    705.3    310.5
     4     1    12     9    12    15     0     3     0.0  -23.561  -46.740   3000.0    663.5    311.9
     5     1    12     9    12    15     0     3     0.0  -23.561  -46.740   3500.0    623.8    314.1
     6     1    12     9    12    15     0     3     0.0  -23.561  -46.740   3800.0    601.0    315.9
     1     1    12     9    12    14     0     2    -1.0  -23.623  -46.975    960.0    840.0    306.3
     2     1    12     9    12    14     0     2    -1.0  -23.652  -47.187   1907.9    750.8    309.6
     3     1    12     9    12    14     0     2    -1.0  -23.595  -47.244   2431.4    705.9    310.6
     4     1    12     9    12    14     0     2    -1.0  -23.545  -47.265   2940.6    663.9    311.8
     5     1    12     9    12    14     0     2    -1.0  -23.540  -47.239   3429.8    625.2    313.8
     6     1    12     9    12    14     0     2    -1.0  -23.563  -47.199   3714.5    603.2    315.7
     1     1    12     9    12    13     0     1    -2.0  -23.672  -47.204    909.6    846.8    306.2
     2     1    12     9    12    13     0     1    -2.0  -23.754  -47.620   1832.6    762.1    309.5
     3     1    12     9    12    13     0     1    -2.0  -23.637  -47.721   2383.2    713.2    310.4
     4     1    12     9    12    13     0     1    -2.0  -23.523  -47.753   2901.1    669.4    311.6
     5     1    12     9    12    13     0     1    -2.0  -23.506  -47.706   3387.8    630.6    313.5
     6     1    12     9    12    13     0     1    -2.0  -23.556  -47.629   3653.9    609.4    315.4
     1     1    12     9    12    12     0     0    -3.0  -23.710  -47.418    867.6    851.8    305.7
     2     1    12     9    12    12     0     0    -3.0  -23.864  -48.054   1820.2    761.3    309.5
     3     1    12     9    12    12     0     0    -3.0  -23.679  -48.182   2365.3    712.7    310.4
     4     1    12     9    12    12     0     0    -3.0  -23.487  -48.212   2865.8    671.6    311.6
     5     1    12     9    12    12     0     0    -3.0  -23.452  -48.149   3355.2    633.6    313.4
     6     1    12     9    12    12     0     0    -3.0  -23.540  -48.040   3604.4    614.3    315.2
     1     1    12     9    12    11     0     1    -4.0  -23.738  -47.604    846.8    853.5    304.8
     2     1    12     9    12    11     0     1    -4.0  -23.957  -48.503   1833.9    749.7    309.6
     3     1    12     9    12    11     0     1    -4.0  -23.707  -48.633   2358.6    705.6    310.7
     4     1    12     9    12    11     0     1    -4.0  -23.446  -48.644   2830.1    668.7    311.9
     5     1    12     9    12    11     0     1    -4.0  -23.396  -48.563   3317.0    630.9    313.9
     6     1    12     9    12    11     0     1    -4.0  -23.524  -48.430   3548.8    613.3    315.6
     1     1    12     9    12    10     0     2    -5.0  -23.751  -47.753    849.0    851.6    304.5
     2     1    12     9    12    10     0     2    -5.0  -24.018  -48.960   1842.6    744.4    309.8
     3     1    12     9    12    10     0     2    -5.0  -23.717  -49.075   2355.8    702.2    310.8
     4     1    12     9    12    10     0     2    -5.0  -23.410  -49.052   2797.5    667.0    312.1
     5     1    12     9    12    10     0     2    -5.0  -23.356  -48.952   3269.4    629.2    314.4
     6     1    12     9    12    10     0     2    -5.0  -23.520  -48.806   3489.2    613.0    315.9
     1     1    12     9    12     9     0     3    -6.0  -23.743  -47.871    869.1    848.5    304.3
     2     1    12     9    12     9     0     3    -6.0  -24.063  -49.424   1862.9    744.5    309.6
     3     1    12     9    12     9     0     3    -6.0  -23.716  -49.510   2362.7    706.4    310.7
     4     1    12     9    12     9     0     3    -6.0  -23.375  -49.448   2778.9    674.8    311.8
     5     1    12     9    12     9     0     3    -6.0  -23.321  -49.330   3227.1    637.2    314.1
     6     1    12     9    12     9     0     3    -6.0  -23.519  -49.180   3431.4    617.4    315.8
     1     1    12     9    12     8     0     2    -7.0  -23.719  -47.974    886.9    845.3    305.0
     2     1    12     9    12     8     0     2    -7.0  -24.099  -49.886   1886.1    744.7    309.4
     3     1    12     9    12     8     0     2    -7.0  -23.711  -49.939   2384.0    709.0    310.6
     4     1    12     9    12     8     0     2    -7.0  -23.340  -49.836   2786.6    680.4    311.7
     5     1    12     9    12     8     0     2    -7.0  -23.283  -49.703   3213.1    644.9    313.7
     6     1    12     9    12     8     0     2    -7.0  -23.513  -49.555   3399.8    625.1    315.4
     1     1    12     9    12     7     0     1    -8.0  -23.692  -48.071    885.3    845.0    305.3
     2     1    12     9    12     7     0     1    -8.0  -24.125  -50.341   1899.4    742.9    309.6
     3     1    12     9    12     7     0     1    -8.0  -23.703  -50.361   2400.2    707.9    310.7
     4     1    12     9    12     7     0     1    -8.0  -23.300  -50.215   2805.8    682.1    311.7
     5     1    12     9    12     7     0     1    -8.0  -23.240  -50.069   3227.6    649.0    313.5
     6     1    12     9    12     7     0     1    -8.0  -23.502  -49.932   3392.4    630.5    315.1
     1     1    12     9    12     6     0     0    -9.0  -23.663  -48.157    866.5    846.3    305.3
     2     1    12     9    12     6     0     0    -9.0  -24.139  -50.783   1887.0    743.1    309.8
     3     1    12     9    12     6     0     0    -9.0  -23.686  -50.762   2398.2    708.3    310.9
     4     1    12     9    12     6     0     0    -9.0  -23.254  -50.572   2815.8    683.3    311.8
     5     1    12     9    12     6     0     0    -9.0  -23.192  -50.419   3247.1    649.1    313.5
     6     1    12     9    12     6     0     0    -9.0  -23.489  -50.302   3393.3    631.7    315.2
     1     1    12     9    12     5     0     1   -10.0  -23.650  -48.229    849.2    849.0    304.9
     2     1    12     9    12     5     0     1   -10.0  -24.151  -51.211   1863.8    752.0    309.7
     3     1    12     9    12     5     0     1   -10.0  -23.669  -51.146   2386.6    714.1    310.8
     4     1    12     9    12     5     0     1   -10.0  -23.206  -50.903   2814.6    687.2    311.6
     5     1    12     9    12     5     0     1   -10.0  -23.144  -50.743   3259.8    651.3    313.2
     6     1    12     9    12     5     0     1   -10.0  -23.473  -50.649   3396.7    632.9    315.0
     1     1    12     9    12     4     0     2   -11.0  -23.665  -48.298    847.0    848.2    304.9
     2     1    12     9    12     4     0     2   -11.0  -24.166  -51.635   1853.6    762.2    309.5
     3     1    12     9    12     4     0     2   -11.0  -23.662  -51.528   2388.8    721.8    310.7
     4     1    12     9    12     4     0     2   -11.0  -23.163  -51.215   2829.2    689.0    311.6
     5     1    12     9    12     4     0     2   -11.0  -23.099  -51.038   3281.8    652.2    313.1
     6     1    12     9    12     4     0     2   -11.0  -23.456  -50.966   3410.4    632.7    315.1
     1     1    12     9    12     3     0     3   -12.0  -23.704  -48.371    858.1    845.8    305.0
     2     1    12     9    12     3     0     3   -12.0  -24.177  -52.057   1847.3    770.8    309.5
     3     1    12     9    12     3     0     3   -12.0  -23.665  -51.919   2396.9    728.7    310.6
     4     1    12     9    12     3     0     3   -12.0  -23.131  -51.515   2833.4    691.4    311.5
     5     1    12     9    12     3     0     3   -12.0  -23.062  -51.307   3288.2    654.3    313.0
     6     1    12     9    12     3     0     3   -12.0  -23.445  -51.258   3417.4    636.1    315.0
     1     1    12     9    12     2     0     2   -13.0  -23.755  -48.464    862.0    842.1    305.6
     2     1    12     9    12     2     0     2   -13.0  -24.180  -52.480   1840.2    773.1    309.5
     3     1    12     9    12     2     0     2   -13.0  -23.667  -52.321   2404.7    730.2    310.6
     4     1    12     9    12     2     0     2   -13.0  -23.109  -51.821   2832.0    693.8    311.5
     5     1    12     9    12     2     0     2   -13.0  -23.031  -51.572   3289.8    656.1    312.9
     6     1    12     9    12     2     0     2   -13.0  -23.442  -51.548   3425.1    640.0    314.6
     1     1    12     9    12     1     0     1   -14.0  -23.809  -48.576    840.7    842.2    305.8
     2     1    12     9    12     1     0     1   -14.0  -24.175  -52.911   1830.1    775.4    309.6
     3     1    12     9    12     1     0     1   -14.0  -23.661  -52.734   2410.1    730.2    310.7
     4     1    12     9    12     1     0     1   -14.0  -23.095  -52.145   2832.3    695.9    311.5
     5     1    12     9    12     1     0     1   -14.0  -23.004  -51.846   3291.8    657.1    312.9
     6     1    12     9    12     1     0     1   -14.0  -23.447  -51.849   3441.4    642.5    314.4
     1     1    12     9    12     0     0     0   -15.0  -23.868  -48.699    793.5    844.6    306.0
     2     1    12     9    12     0     0     0   -15.0  -24.164  -53.351   1815.4    782.9    309.5
     3     1    12     9    12     0     0     0   -15.0  -23.649  -53.158   2407.8    732.4    310.7
     4     1    12     9    12     0     0     0   -15.0  -23.085  -52.484   2841.6    697.1    311.4
     5     1    12     9    12     0     0     0   -15.0  -22.984  -52.130   3296.7    658.1    312.9
     6     1    12     9    12     0     0     0   -15.0  -23.458  -52.160   3463.6    643.2    314.4
     1     1    12     9    11    23     0     1   -16.0  -23.923  -48.839    239.7    849.5    306.3
     2     1    12     9    11    23     0     1   -16.0  -24.138  -53.798   1899.7    782.2    309.3
     3     1    12     9    11    23     0     1   -16.0  -23.617  -53.598   2427.8    735.1    310.6
     4     1    12     9    11    23     0     1   -16.0  -23.065  -52.848   2812.7    701.0    311.4
     5     1    12     9    11    23     0     1   -16.0  -22.969  -52.438   3253.4    662.8    312.9
     6     1    12     9    11    23     0     1   -16.0  -23.471  -52.486   3450.8    644.3    314.5
     1     1    12     9    11    22     0     2   -17.0  -24.004  -48.820    125.8    919.6    300.5
     2     1    12     9    11    22     0     2   -17.0  -24.086  -54.258   1978.2    777.1    309.3
     3     1    12     9    11    22     0     2   -17.0  -23.554  -54.054   2443.8    736.6    310.6
     4     1    12     9    11    22     0     2   -17.0  -23.022  -53.242   2788.6    704.2    311.4
     5     1    12     9    11    22     0     2   -17.0  -22.952  -52.783   3217.5    667.1    312.9
     6     1    12     9    11    22     0     2   -17.0  -23.483  -52.831   3438.0    645.8    314.5
     1     1    12     9    11    21     0     3   -18.0  -24.067  -48.856     87.4    915.0    302.8
     2     1    12     9    11    21     0     3   -18.0  -24.005  -54.741   2047.6    768.7    309.4
     3     1    12     9    11    21     0     3   -18.0  -23.459  -54.532   2461.0    732.0    310.7
     4     1    12     9    11    21     0     3   -18.0  -22.954  -53.660   2763.6    707.1    311.4
     5     1    12     9    11    21     0     3   -18.0  -22.925  -53.166   3188.9    670.4    313.0
     6     1    12     9    11    21     0     3   -18.0  -23.489  -53.199   3425.6    648.2    314.5
     1     1    12     9    11    20     0     2   -19.0  -24.103  -48.936    128.8    916.6    305.0
     2     1    12     9    11    20     0     2   -19.0  -23.889  -55.234   2115.4    763.9    309.4
     3     1    12     9    11    20     0     2   -19.0  -23.318  -55.028   2491.1    725.0    310.9
     4     1    12     9    11    20     0     2   -19.0  -22.851  -54.086   2747.6    709.8    311.3
     5     1    12     9    11    20     0     2   -19.0  -22.873  -53.566   3165.7    673.4    312.8
     6     1    12     9    11    20     0     2   -19.0  -23.475  -53.587   3411.5    652.3    314.3
     1     1    12     9    11    19     0     1   -20.0  -24.115  -49.118    387.4    902.6    308.6
     2     1    12     9    11    19     0     1   -20.0  -23.734  -55.706   2168.0    764.7    309.3
     3     1    12     9    11    19     0     1   -20.0  -23.130  -55.512   2505.6    726.4    310.8
     4     1    12     9    11    19     0     1   -20.0  -22.704  -54.522   2742.6    706.0    311.4
     5     1    12     9    11    19     0     1   -20.0  -22.784  -53.969   3156.1    675.0    312.7
     6     1    12     9    11    19     0     1   -20.0  -23.429  -53.992   3393.6    656.6    314.1
     1     1    12     9    11    18     0     0   -21.0  -24.106  -49.324      0.0    922.7    310.4
     2     1    12     9    11    18     0     0   -21.0  -23.547  -56.157   2223.5    762.2    309.3
     3     1    12     9    11    18     0     0   -21.0  -22.901  -55.968   2531.1    724.6    310.8
     4     1    12     9    11    18     0     0   -21.0  -22.516  -54.968   2722.5    704.5    311.4
     5     1    12     9    11    18     0     0   -21.0  -22.659  -54.376   3142.3    674.4    312.8
     6     1    12     9    11    18     0     0   -21.0  -23.349  -54.406   3368.2    656.9    314.2
     1     1    12     9    11    17     0     1   -22.0  -24.093  -49.536   1525.5    868.3    307.5
     2     1    12     9    11    17     0     1   -22.0  -23.339  -56.584   2275.1    761.1    309.3
     3     1    12     9    11    17     0     1   -22.0  -22.650  -56.389   2571.2    724.9    310.7
     4     1    12     9    11    17     0     1   -22.0  -22.301  -55.392   2705.8    706.4    311.1
     5     1    12     9    11    17     0     1   -22.0  -22.512  -54.771   3134.8    672.4    312.9
     6     1    12     9    11    17     0     1   -22.0  -23.252  -54.802   3357.3    654.7    314.4
     1     1    12     9    11    16     0     2   -23.0  -24.093  -50.053   1719.2    737.6    309.9
     2     1    12     9    11    16     0     2   -23.0  -23.125  -56.985   2322.8    763.4    309.2
     3     1    12     9    11    16     0     2   -23.0  -22.392  -56.771   2604.8    725.4    310.6
     4     1    12     9    11    16     0     2   -23.0  -22.078  -55.766   2708.2    701.5    311.1
     5     1    12     9    11    16     0     2   -23.0  -22.354  -55.135   3130.5    671.1    312.8
     6     1    12     9    11    16     0     2   -23.0  -23.145  -55.166   3361.7    653.3    314.6
     1     1    12     9    11    15     0     3   -24.0  -24.111  -50.619   1700.7    762.1    309.1
     2     1    12     9    11    15     0     3   -24.0  -22.904  -57.363   2360.1    760.3    309.3
     3     1    12     9    11    15     0     3   -24.0  -22.123  -57.117   2620.2    726.3    310.7
     4     1    12     9    11    15     0     3   -24.0  -21.852  -56.094   2720.9    701.1    311.2
     5     1    12     9    11    15     0     3   -24.0  -22.188  -55.461   3126.2    669.3    312.8
     6     1    12     9    11    15     0     3   -24.0  -23.026  -55.498   3377.7    653.1    314.5
     1     1    12     9    11    14     0     2   -25.0  -24.130  -51.193   1703.0    767.3    309.0
     2     1    12     9    11    14     0     2   -25.0  -22.677  -57.714   2394.3    757.0    309.4
     3     1    12     9    11    14     0     2   -25.0  -21.847  -57.436   2630.1    728.3    310.6
     4     1    12     9    11    14     0     2   -25.0  -21.622  -56.396   2713.5    709.6    311.1
     5     1    12     9    11    14     0     2   -25.0  -22.017  -55.755   3094.6    668.3    312.9
     6     1    12     9    11    14     0     2   -25.0  -22.899  -55.803   3378.5    653.1    314.5
     1     1    12     9    11    13     0     1   -26.0  -24.144  -51.756   1710.9    780.4    308.7
     2     1    12     9    11    13     0     1   -26.0  -22.446  -58.047   2420.1    756.3    309.4
     3     1    12     9    11    13     0     1   -26.0  -21.572  -57.738   2640.8    732.4    310.5
     4     1    12     9    11    13     0     1   -26.0  -21.389  -56.682   2709.3    711.3    311.1
     5     1    12     9    11    13     0     1   -26.0  -21.844  -56.031   3075.8    671.7    312.9
     6     1    12     9    11    13     0     1   -26.0  -22.766  -56.091   3377.5    654.1    314.5
     1     1    12     9    11    12     0     0   -27.0  -24.150  -52.319   1738.3    784.0    308.7
     2     1    12     9    11    12     0     0   -27.0  -22.207  -58.370   2441.5    754.0    309.4
     3     1    12     9    11    12     0     0   -27.0  -21.299  -58.019   2655.9    737.3    310.4
     4     1    12     9    11    12     0     0   -27.0  -21.159  -56.939   2697.4    709.3    311.2
     5     1    12     9    11    12     0     0   -27.0  -21.668  -56.292   3072.4    677.8    312.7
     6     1    12     9    11    12     0     0   -27.0  -22.630  -56.362   3379.5    657.2    314.4
     1     1    12     9    11    11     0     1   -28.0  -24.138  -52.893   1778.6    781.5    308.9
     2     1    12     9    11    11     0     1   -28.0  -21.965  -58.695   2466.4    751.2    309.5
     3     1    12     9    11    11     0     1   -28.0  -21.037  -58.284   2662.9    735.9    310.5
     4     1    12     9    11    11     0     1   -28.0  -20.940  -57.179   2693.1    712.9    311.1
     5     1    12     9    11    11     0     1   -28.0  -21.500  -56.551   3073.0    680.2    312.6
     6     1    12     9    11    11     0     1   -28.0  -22.494  -56.631   3386.9    659.9    314.2
     1     1    12     9    11    10     0     2   -29.0  -24.106  -53.462   1832.5    783.4    308.7
     2     1    12     9    11    10     0     2   -29.0  -21.736  -59.018   2487.5    748.1    309.5
     3     1    12     9    11    10     0     2   -29.0  -20.794  -58.550   2659.2    734.4    310.6
     4     1    12     9    11    10     0     2   -29.0  -20.738  -57.425   2703.3    719.4    311.0
     5     1    12     9    11    10     0     2   -29.0  -21.351  -56.811   3077.7    679.0    312.6
     6     1    12     9    11    10     0     2   -29.0  -22.367  -56.907   3410.1    661.1    314.1
     1     1    12     9    11     9     0     3   -30.0  -24.072  -54.015   1887.1    785.7    308.5
     2     1    12     9    11     9     0     3   -30.0  -21.532  -59.326   2490.4    746.6    309.6
     3     1    12     9    11     9     0     3   -30.0  -20.575  -58.820   2636.4    734.6    310.5
     4     1    12     9    11     9     0     3   -30.0  -20.554  -57.680   2720.3    723.6    310.9
     5     1    12     9    11     9     0     3   -30.0  -21.227  -57.071   3091.7    676.7    312.6
     6     1    12     9    11     9     0     3   -30.0  -22.255  -57.184   3458.3    658.4    314.2
     1     1    12     9    11     8     0     2   -31.0  -24.033  -54.557   1923.9    780.1    308.8
     2     1    12     9    11     8     0     2   -31.0  -21.342  -59.624   2485.3    746.7    309.6
     3     1    12     9    11     8     0     2   -31.0  -20.368  -59.088   2600.7    736.6    310.5
     4     1    12     9    11     8     0     2   -31.0  -20.378  -57.931   2735.1    727.5    310.9
     5     1    12     9    11     8     0     2   -31.0  -21.108  -57.332   3109.7    680.6    312.6
     6     1    12     9    11     8     0     2   -31.0  -22.148  -57.462   3503.8    656.4    314.3
     1     1    12     9    11     7     0     1   -32.0  -23.981  -55.090   1957.0    776.9    309.0
     2     1    12     9    11     7     0     1   -32.0  -21.142  -59.930   2476.2    747.2    309.5
     3     1    12     9    11     7     0     1   -32.0  -20.160  -59.344   2552.9    739.8    310.5
     4     1    12     9    11     7     0     1   -32.0  -20.192  -58.165   2734.1    727.5    310.9
     5     1    12     9    11     7     0     1   -32.0  -20.977  -57.595   3125.3    686.3    312.5
     6     1    12     9    11     7     0     1   -32.0  -22.031  -57.740   3541.7    656.1    314.3
     1     1    12     9    11     6     0     0   -33.0  -23.921  -55.602   2009.3    780.0    308.7
     2     1    12     9    11     6     0     0   -33.0  -20.934  -60.249   2468.5    746.6    309.5
     3     1    12     9    11     6     0     0   -33.0  -19.953  -59.587   2497.9    743.6    310.6
     4     1    12     9    11     6     0     0   -33.0  -19.997  -58.379   2708.8    728.3    310.9
     5     1    12     9    11     6     0     0   -33.0  -20.835  -57.859   3144.6    691.9    312.4
     6     1    12     9    11     6     0     0   -33.0  -21.904  -58.021   3572.0    657.3    314.3
     1     1    12     9    11     5     0     1   -34.0  -23.865  -56.081   2091.8    779.2    308.3
     2     1    12     9    11     5     0     1   -34.0  -20.726  -60.564   2464.6    744.8    309.5
     3     1    12     9    11     5     0     1   -34.0  -19.743  -59.812   2447.5    746.3    310.5
     4     1    12     9    11     5     0     1   -34.0  -19.796  -58.573   2667.6    730.9    310.9
     5     1    12     9    11     5     0     1   -34.0  -20.684  -58.115   3153.5    693.4    312.4
     6     1    12     9    11     5     0     1   -34.0  -21.776  -58.300   3592.2    656.5    314.3
     1     1    12     9    11     4     0     2   -35.0  -23.810  -56.534   2198.6    771.5    308.4
     2     1    12     9    11     4     0     2   -35.0  -20.518  -60.861   2465.1    742.9    309.5
     3     1    12     9    11     4     0     2   -35.0  -19.531  -60.017   2407.9    746.6    310.5
     4     1    12     9    11     4     0     2   -35.0  -19.596  -58.740   2629.7    732.7    310.9
     5     1    12     9    11     4     0     2   -35.0  -20.531  -58.356   3141.8    693.4    312.4
     6     1    12     9    11     4     0     2   -35.0  -21.652  -58.572   3612.5    655.0    314.3
     1     1    12     9    11     3     0     3   -36.0  -23.759  -56.966   2302.8    764.8    308.4
     2     1    12     9    11     3     0     3   -36.0  -20.307  -61.143   2466.3    739.9    309.5
     3     1    12     9    11     3     0     3   -36.0  -19.316  -60.205   2372.3    746.7    310.5
     4     1    12     9    11     3     0     3   -36.0  -19.401  -58.873   2603.1    733.6    310.9
     5     1    12     9    11     3     0     3   -36.0  -20.377  -58.580   3116.8    695.0    312.5
     6     1    12     9    11     3     0     3   -36.0  -21.532  -58.840   3631.5    653.6    314.3
     1     1    12     9    11     2     0     2   -37.0  -23.707  -57.385   2383.0    758.2    308.6
     2     1    12     9    11     2     0     2   -37.0  -20.083  -61.416   2389.5    742.9    309.4
     3     1    12     9    11     2     0     2   -37.0  -19.094  -60.378   2333.8    748.0    310.6
     4     1    12     9    11     2     0     2   -37.0  -19.216  -58.975   2566.4    734.7    310.9
     5     1    12     9    11     2     0     2   -37.0  -20.221  -58.787   3057.7    699.0    312.5
     6     1    12     9    11     2     0     2   -37.0  -21.413  -59.106   3569.1    657.9    314.3
     1     1    12     9    11     1     0     1   -38.0  -23.643  -57.793   2405.6    758.1    308.5
     2     1    12     9    11     1     0     1   -38.0  -19.835  -61.684   2311.9    746.2    309.3
     3     1    12     9    11     1     0     1   -38.0  -18.863  -60.535   2317.5    747.7    310.7
     4     1    12     9    11     1     0     1   -38.0  -19.034  -59.055   2534.9    735.5    310.9
     5     1    12     9    11     1     0     1   -38.0  -20.059  -58.976   2986.3    704.3    312.5
     6     1    12     9    11     1     0     1   -38.0  -21.292  -59.375   3497.5    663.3    314.3
     1     1    12     9    11     0     0     0   -39.0  -23.568  -58.191   2409.8    758.4    308.5
     2     1    12     9    11     0     0     0   -39.0  -19.556  -61.945   2245.1    749.1    309.2
     3     1    12     9    11     0     0     0   -39.0  -18.625  -60.663   2329.5    746.0    310.6
     4     1    12     9    11     0     0     0   -39.0  -18.848  -59.117   2510.3    734.5    310.9
     5     1    12     9    11     0     0     0   -39.0  -19.893  -59.147   2909.8    710.0    312.4
     6     1    12     9    11     0     0     0   -39.0  -21.167  -59.654   3420.7    669.0    314.2
     1     1    12     9    10    23     0     1   -40.0  -23.488  -58.574   2409.2    758.0    308.3
     2     1    12     9    10    23     0     1   -40.0  -19.261  -62.190   2191.1    750.2    309.1
     3     1    12     9    10    23     0     1   -40.0  -18.392  -60.762   2371.3    742.1    310.3
     4     1    12     9    10    23     0     1   -40.0  -18.657  -59.174   2500.0    731.6    311.0
     5     1    12     9    10    23     0     1   -40.0  -19.718  -59.312   2847.9    714.1    312.1
     6     1    12     9    10    23     0     1   -40.0  -21.020  -59.953   3350.8    674.6    313.8
     1     1    12     9    10    22     0     2   -41.0  -23.407  -58.941   2414.8    756.0    308.2
     2     1    12     9    10    22     0     2   -41.0  -18.963  -62.409   2144.8    752.7    309.0
     3     1    12     9    10    22     0     2   -41.0  -18.184  -60.848   2436.4    736.2    310.2
     4     1    12     9    10    22     0     2   -41.0  -18.470  -59.227   2506.9    727.1    310.9
     5     1    12     9    10    22     0     2   -41.0  -19.526  -59.483   2814.4    714.3    312.0
     6     1    12     9    10    22     0     2   -41.0  -20.844  -60.265   3296.0    676.7    313.6
     1     1    12     9    10    21     0     3   -42.0  -23.323  -59.293   2428.0    753.6    308.1
     2     1    12     9    10    21     0     3   -42.0  -18.684  -62.597   2092.5    757.1    308.7
     3     1    12     9    10    21     0     3   -42.0  -18.014  -60.939   2514.4    730.2    310.1
     4     1    12     9    10    21     0     3   -42.0  -18.298  -59.264   2529.2    721.7    310.9
     5     1    12     9    10    21     0     3   -42.0  -19.314  -59.659   2813.2    711.6    312.0
     6     1    12     9    10    21     0     3   -42.0  -20.650  -60.583   3258.6    677.3    313.6
     1     1    12     9    10    20     0     2   -43.0  -23.235  -59.637   2451.1    750.9    308.0
     2     1    12     9    10    20     0     2   -43.0  -18.434  -62.756   2023.5    764.0    308.4
     3     1    12     9    10    20     0     2   -43.0  -17.857  -61.045   2586.3    723.3    310.4
     4     1    12     9    10    20     0     2   -43.0  -18.143  -59.284   2552.4    716.3    310.8
     5     1    12     9    10    20     0     2   -43.0  -19.089  -59.831   2846.7    705.8    312.0
     6     1    12     9    10    20     0     2   -43.0  -20.435  -60.906   3227.1    676.8    313.5
     1     1    12     9    10    19     0     1   -44.0  -23.139  -59.981   2482.3    747.3    307.8
     2     1    12     9    10    19     0     1   -44.0  -18.195  -62.902   1933.1    772.8    308.2
     3     1    12     9    10    19     0     1   -44.0  -17.691  -61.152   2610.1    722.0    310.4
     4     1    12     9    10    19     0     1   -44.0  -18.012  -59.293   2495.7    718.9    310.6
     5     1    12     9    10    19     0     1   -44.0  -18.863  -59.985   2948.1    692.9    312.1
     6     1    12     9    10    19     0     1   -44.0  -20.196  -61.222   3183.1    677.4    313.5
     1     1    12     9    10    18     0     0   -45.0  -23.026  -60.323   2517.0    742.9    307.9
     2     1    12     9    10    18     0     0   -45.0  -17.953  -63.046   1807.8    781.8    308.2
     3     1    12     9    10    18     0     0   -45.0  -17.518  -61.253   2635.7    719.7    310.4
     4     1    12     9    10    18     0     0   -45.0  -17.913  -59.305   2449.7    727.7    310.5
     5     1    12     9    10    18     0     0   -45.0  -18.648  -60.118   3050.2    681.3    312.1
     6     1    12     9    10    18     0     0   -45.0  -19.936  -61.527   3129.6    677.6    313.6
     1     1    12     9    10    17     0     1   -46.0  -22.893  -60.652   2537.3    740.2    308.2
     2     1    12     9    10    17     0     1   -46.0  -17.735  -63.179   1699.3    789.7    308.0
     3     1    12     9    10    17     0     1   -46.0  -17.336  -61.342   2666.2    717.8    310.5
     4     1    12     9    10    17     0     1   -46.0  -17.806  -59.323   2443.6    730.4    310.6
     5     1    12     9    10    17     0     1   -46.0  -18.437  -60.226   3130.7    672.3    312.3
     6     1    12     9    10    17     0     1   -46.0  -19.656  -61.815   3085.7    679.4    313.4
     1     1    12     9    10    16     0     2   -47.0  -22.736  -60.966   2546.0    739.2    308.2
     2     1    12     9    10    16     0     2   -47.0  -17.547  -63.296   1631.4    795.5    307.9
     3     1    12     9    10    16     0     2   -47.0  -17.140  -61.409   2712.0    714.9    310.5
     4     1    12     9    10    16     0     2   -47.0  -17.664  -59.339   2480.3    730.1    310.8
     5     1    12     9    10    16     0     2   -47.0  -18.225  -60.307   3184.5    667.9    312.3
     6     1    12     9    10    16     0     2   -47.0  -19.370  -62.076   3077.0    677.7    313.2
     1     1    12     9    10    15     0     3   -48.0  -22.554  -61.265   2549.3    738.4    308.2
     2     1    12     9    10    15     0     3   -48.0  -17.371  -63.410   1588.1    802.8    307.9
     3     1    12     9    10    15     0     3   -48.0  -16.937  -61.457   2782.2    709.5    310.6
     4     1    12     9    10    15     0     3   -48.0  -17.492  -59.347   2540.3    727.8    310.8
     5     1    12     9    10    15     0     3   -48.0  -18.016  -60.362   3230.1    664.4    312.1
     6     1    12     9    10    15     0     3   -48.0  -19.088  -62.304   3099.4    673.7    313.0
     1     1    12     9    10    14     0     2   -49.0  -22.352  -61.537   2548.3    737.0    308.2
     2     1    12     9    10    14     0     2   -49.0  -17.202  -63.526   1560.8    812.5    307.8
     3     1    12     9    10    14     0     2   -49.0  -16.749  -61.491   2846.7    701.3    310.9
     4     1    12     9    10    14     0     2   -49.0  -17.318  -59.339   2648.8    725.3    311.0
     5     1    12     9    10    14     0     2   -49.0  -17.823  -60.400   3276.9    661.4    312.2
     6     1    12     9    10    14     0     2   -49.0  -18.808  -62.506   3125.2    670.3    313.1
     1     1    12     9    10    13     0     1   -50.0  -22.131  -61.775   2537.3    736.1    308.2
     2     1    12     9    10    13     0     1   -50.0  -17.042  -63.649   1551.8    824.5    307.7
     3     1    12     9    10    13     0     1   -50.0  -16.575  -61.516   2876.0    698.6    311.0
     4     1    12     9    10    13     0     1   -50.0  -17.165  -59.307   2815.9    710.9    311.1
     5     1    12     9    10    13     0     1   -50.0  -17.654  -60.429   3310.8    659.1    312.4
     6     1    12     9    10    13     0     1   -50.0  -18.523  -62.689   3134.7    670.6    312.9
     1     1    12     9    10    12     0     0   -51.0  -21.891  -61.982   2503.0    736.4    308.2
     2     1    12     9    10    12     0     0   -51.0  -16.880  -63.786   1553.7    827.2    307.8
     3     1    12     9    10    12     0     0   -51.0  -16.409  -61.532   2870.1    699.0    311.0
     4     1    12     9    10    12     0     0   -51.0  -17.035  -59.256   2932.3    698.8    311.3
     5     1    12     9    10    12     0     0   -51.0  -17.504  -60.452   3323.8    658.5    312.5
     6     1    12     9    10    12     0     0   -51.0  -18.230  -62.850   3142.4    671.1    312.5
     1     1    12     9    10    11     0     1   -52.0  -21.627  -62.168   2436.0    738.7    308.3
     2     1    12     9    10    11     0     1   -52.0  -16.695  -63.937   1585.1    826.1    308.0
     3     1    12     9    10    11     0     1   -52.0  -16.239  -61.522   2840.2    701.7    311.1
     4     1    12     9    10    11     0     1   -52.0  -16.916  -59.198   2969.5    698.5    311.3
     5     1    12     9    10    11     0     1   -52.0  -17.364  -60.468   3318.3    659.3    312.8
     6     1    12     9    10    11     0     1   -52.0  -17.950  -62.981   3124.3    670.4    313.0
     1     1    12     9    10    10     0     2   -53.0  -21.341  -62.325   2347.5    742.6    308.3
     2     1    12     9    10    10     0     2   -53.0  -16.468  -64.099   1646.6    818.1    308.3
     3     1    12     9    10    10     0     2   -53.0  -16.062  -61.472   2802.0    704.2    311.1
     4     1    12     9    10    10     0     2   -53.0  -16.807  -59.145   2948.7    700.0    311.3
     5     1    12     9    10    10     0     2   -53.0  -17.220  -60.475   3301.3    660.8    312.9
     6     1    12     9    10    10     0     2   -53.0  -17.699  -63.091   3045.9    674.3    313.5
     1     1    12     9    10     9     0     3   -54.0  -21.035  -62.445   2257.0    746.2    308.3
     2     1    12     9    10     9     0     3   -54.0  -16.214  -64.266   1656.9    813.3    308.5
     3     1    12     9    10     9     0     3   -54.0  -15.879  -61.383   2766.5    707.8    311.0
     4     1    12     9    10     9     0     3   -54.0  -16.704  -59.096   2857.9    705.4    311.2
     5     1    12     9    10     9     0     3   -54.0  -17.068  -60.467   3278.3    662.8    313.0
     6     1    12     9    10     9     0     3   -54.0  -17.458  -63.191   2940.2    684.8    313.5
     1     1    12     9    10     8     0     2   -55.0  -20.698  -62.534   2158.1    749.2    308.5
     2     1    12     9    10     8     0     2   -55.0  -15.963  -64.428   1562.3    822.4    308.5
     3     1    12     9    10     8     0     2   -55.0  -15.694  -61.267   2715.9    713.0    310.9
     4     1    12     9    10     8     0     2   -55.0  -16.602  -59.050   2694.1    720.2    311.2
     5     1    12     9    10     8     0     2   -55.0  -16.906  -60.439   3288.1    663.2    313.0
     6     1    12     9    10     8     0     2   -55.0  -17.206  -63.292   2902.8    697.1    313.1
     1     1    12     9    10     7     0     1   -56.0  -20.342  -62.593   2018.6    757.6    308.4
     2     1    12     9    10     7     0     1   -56.0  -15.733  -64.581   1418.9    839.7    308.4
     3     1    12     9    10     7     0     1   -56.0  -15.514  -61.139   2642.6    720.7    310.9
     4     1    12     9    10     7     0     1   -56.0  -16.495  -59.001   2475.2    738.7    311.3
     5     1    12     9    10     7     0     1   -56.0  -16.737  -60.393   3308.2    662.3    313.0
     6     1    12     9    10     7     0     1   -56.0  -16.943  -63.406   2927.7    703.2    313.0
     1     1    12     9    10     6     0     0   -57.0  -19.972  -62.629   1857.6    768.2    308.4
     2     1    12     9    10     6     0     0   -57.0  -15.522  -64.722   1246.4    857.1    308.3
     3     1    12     9    10     6     0     0   -57.0  -15.353  -61.011   2541.2    731.5    310.9
     4     1    12     9    10     6     0     0   -57.0  -16.379  -58.936   2202.8    762.0    311.3
     5     1    12     9    10     6     0     0   -57.0  -16.566  -60.328   3337.4    660.8    313.0
     6     1    12     9    10     6     0     0   -57.0  -16.687  -63.526   2961.1    697.3    313.6
     1     1    12     9    10     5     0     1   -58.0  -19.578  -62.683   1651.6    788.1    308.6
     2     1    12     9    10     5     0     1   -58.0  -15.330  -64.840   1036.9    878.2    308.1
     3     1    12     9    10     5     0     1   -58.0  -15.222  -60.906   2359.2    744.6    310.8
     4     1    12     9    10     5     0     1   -58.0  -16.252  -58.851   1920.6    792.1    311.3
     5     1    12     9    10     5     0     1   -58.0  -16.394  -60.242   3376.4    659.3    313.0
     6     1    12     9    10     5     0     1   -58.0  -16.443  -63.643   2991.8    695.8    313.6
     1     1    12     9    10     4     0     2   -59.0  -19.142  -62.782   1398.8    817.3    308.6
     2     1    12     9    10     4     0     2   -59.0  -15.157  -64.921    787.5    906.0    308.0
     3     1    12     9    10     4     0     2   -59.0  -15.132  -60.849   2155.7    770.6    310.6
     4     1    12     9    10     4     0     2   -59.0  -16.125  -58.746   1678.6    814.1    311.2
     5     1    12     9    10     4     0     2   -59.0  -16.218  -60.130   3424.4    656.9    313.1
     6     1    12     9    10     4     0     2   -59.0  -16.213  -63.755   3014.5    694.1    313.8
     1     1    12     9    10     3     0     3   -60.0  -18.638  -62.918   1171.7    846.0    308.2
     2     1    12     9    10     3     0     3   -60.0  -15.005  -64.956    599.5    934.3    307.9
     3     1    12     9    10     3     0     3   -60.0  -15.075  -60.822   1944.9    788.0    310.6
     4     1    12     9    10     3     0     3   -60.0  -16.004  -58.613   1497.5    834.7    311.2
     5     1    12     9    10     3     0     3   -60.0  -16.043  -59.988   3474.0    654.7    313.0
     6     1    12     9    10     3     0     3   -60.0  -15.993  -63.864   3009.3    695.0    313.8
     1     1    12     9    10     2     0     2   -61.0  -18.126  -63.090    974.1    855.5    308.1
     2     1    12     9    10     2     0     2   -61.0  -14.866  -64.976    483.3    941.8    308.0
     3     1    12     9    10     2     0     2   -61.0  -15.044  -60.821   1681.2    812.0    310.5
     4     1    12     9    10     2     0     2   -61.0  -15.894  -58.473   1348.8    843.9    311.3
     5     1    12     9    10     2     0     2   -61.0  -15.873  -59.845   3501.0    650.5    313.5
     6     1    12     9    10     2     0     2   -61.0  -15.781  -63.954   2987.1    699.1    313.6
     1     1    12     9    10     1     0     1   -62.0  -17.702  -63.283    849.6    866.7    307.9
     2     1    12     9    10     1     0     1   -62.0  -14.738  -65.008    385.8    951.0    308.0
     3     1    12     9    10     1     0     1   -62.0  -15.028  -60.847   1251.0    846.2    310.5
     4     1    12     9    10     1     0     1   -62.0  -15.792  -58.336   1200.6    859.8    311.3
     5     1    12     9    10     1     0     1   -62.0  -15.705  -59.724   3498.9    649.4    313.6
     6     1    12     9    10     1     0     1   -62.0  -15.579  -64.010   2982.3    699.8    313.5
     1     1    12     9    10     0     0     0   -63.0  -17.370  -63.467    827.8    875.1    307.7
     2     1    12     9    10     0     0     0   -63.0  -14.620  -65.047    300.2    959.6    308.0
     3     1    12     9    10     0     0     0   -63.0  -15.015  -60.908   1622.1    899.6    310.5
     4     1    12     9    10     0     0     0   -63.0  -15.699  -58.205   1082.5    873.1    311.2
     5     1    12     9    10     0     0     0   -63.0  -15.530  -59.616   3476.6    649.2    313.5
     6     1    12     9    10     0     0     0   -63.0  -15.390  -64.032   3007.8    697.7    313.5
     1     1    12     9     9    23     0     1   -64.0  -17.116  -63.628    994.3    884.4    307.5
     2     1    12     9     9    23     0     1   -64.0  -14.513  -65.091    344.2    967.3    308.2
     3     1    12     9     9    23     0     1   -64.0  -14.993  -60.937   1392.7    866.1    310.6
     4     1    12     9     9    23     0     1   -64.0  -15.611  -58.080   1313.6    881.2    311.3
     5     1    12     9     9    23     0     1   -64.0  -15.361  -59.520   3442.6    649.9    313.3
     6     1    12     9     9    23     0     1   -64.0  -15.213  -64.024   3062.1    692.1    313.5
     1     1    12     9     9    22     0     2   -65.0  -16.883  -63.779   1234.2    865.6    307.7
     2     1    12     9     9    22     0     2   -65.0  -14.404  -65.146    269.3    903.5    308.8
     3     1    12     9     9    22     0     2   -65.0  -14.968  -60.964   2303.3    836.5    310.7
     4     1    12     9     9    22     0     2   -65.0  -15.533  -57.965   1364.2    862.0    311.4
     5     1    12     9     9    22     0     2   -65.0  -15.210  -59.431   3403.0    650.2    313.1
     6     1    12     9     9    22     0     2   -65.0  -15.044  -63.992   3142.9    685.2    313.5
     1     1    12     9     9    21     0     3   -66.0  -16.638  -63.934   1503.9    823.1    308.3
     2     1    12     9     9    21     0     3   -66.0  -14.313  -65.207   1122.1    893.5    308.9
     3     1    12     9     9    21     0     3   -66.0  -14.913  -60.958   3890.2    795.2    310.9
     4     1    12     9     9    21     0     3   -66.0  -15.468  -57.870   2792.1    819.6    311.6
     5     1    12     9     9    21     0     3   -66.0  -15.080  -59.337   3355.1    651.0    313.0
     6     1    12     9     9    21     0     3   -66.0  -14.877  -63.937   3254.6    676.1    313.5
     1     1    12     9     9    20     0     2   -67.0  -16.406  -64.085   1711.7    817.0    308.1
     2     1    12     9     9    20     0     2   -67.0  -14.272  -65.184   3025.6    555.9    322.4
     3     1    12     9     9    20     0     2   -67.0  -14.795  -60.852   3907.1    623.2    316.1
     4     1    12     9     9    20     0     2   -67.0  -15.426  -57.861   2822.1    714.6    311.8
     5     1    12     9     9    20     0     2   -67.0  -14.968  -59.235   3314.2    652.7    312.6
     6     1    12     9     9    20     0     2   -67.0  -14.716  -63.860   3370.4    665.1    313.8
     1     1    12     9     9    19     0     1   -68.0  -16.177  -64.216   1915.2    793.2    308.2
     2     1    12     9     9    19     0     1   -68.0  -14.123  -65.179   3123.0    691.3    312.0
     3     1    12     9     9    19     0     1   -68.0  -14.687  -60.737   3916.5    621.6    316.1
     4     1    12     9     9    19     0     1   -68.0  -15.386  -57.839   2932.9    703.3    311.8
     5     1    12     9     9    19     0     1   -68.0  -14.876  -59.124   3278.1    651.7    312.4
     6     1    12     9     9    19     0     1   -68.0  -14.573  -63.764   3461.2    657.9    313.9
     1     1    12     9     9    18     0     0   -69.0  -15.947  -64.317   2092.1    777.5    308.2
     2     1    12     9     9    18     0     0   -69.0  -13.963  -65.149   3234.5    682.5    311.9
     3     1    12     9     9    18     0     0   -69.0  -14.592  -60.613   3919.6    620.7    316.0
     4     1    12     9     9    18     0     0   -69.0  -15.353  -57.801   3082.0    688.6    311.8
     5     1    12     9     9    18     0     0   -69.0  -14.804  -59.010   2819.5    656.2    312.2
     6     1    12     9     9    18     0     0   -69.0  -14.446  -63.657   3528.1    653.1    313.9
     1     1    12     9     9    17     0     1   -70.0  -15.705  -64.392   2209.9    764.5    308.7
     2     1    12     9     9    17     0     1   -70.0  -13.809  -65.100   3246.7    681.0    311.9
     3     1    12     9     9    17     0     1   -70.0  -14.513  -60.480   3924.2    620.3    316.0
     4     1    12     9     9    17     0     1   -70.0  -15.340  -57.746   3198.7    676.9    311.7
     5     1    12     9     9    17     0     1   -70.0  -14.761  -58.891   3142.0    639.2    313.0
     6     1    12     9     9    17     0     1   -70.0  -14.339  -63.544   3557.0    651.8    313.8
     1     1    12     9     9    16     0     2   -71.0  -15.456  -64.448   2180.7    773.3    308.6
     2     1    12     9     9    16     0     2   -71.0  -13.674  -65.041   3255.6    680.5    311.9
     3     1    12     9     9    16     0     2   -71.0  -14.451  -60.339   3929.7    619.8    315.9
     4     1    12     9     9    16     0     2   -71.0  -15.359  -57.672   3287.4    671.1    311.6
     5     1    12     9     9    16     0     2   -71.0  -14.745  -58.754   3276.6    646.5    312.3
     6     1    12     9     9    16     0     2   -71.0  -14.254  -63.429   3580.2    650.3    313.7
     1     1    12     9     9    15     0     3   -72.0  -15.203  -64.479   2173.3    774.7    308.6
     2     1    12     9     9    15     0     3   -72.0  -13.556  -64.973   3262.6    680.2    311.9
     3     1    12     9     9    15     0     3   -72.0  -14.407  -60.188   3936.6    619.4    315.8
     4     1    12     9     9    15     0     3   -72.0  -15.408  -57.580   3361.5    667.0    311.7
     5     1    12     9     9    15     0     3   -72.0  -14.764  -58.602   3351.1    648.3    312.1
     6     1    12     9     9    15     0     3   -72.0  -14.190  -63.308   3598.5    649.2    313.7
     1     1    12     9     9    14     0     2   -73.0  -14.958  -64.490   2168.1    773.3    308.7
     2     1    12     9     9    14     0     2   -73.0  -13.458  -64.900   3272.6    679.2    311.8
     3     1    12     9     9    14     0     2   -73.0  -14.376  -60.026   3947.4    618.4    315.6
     4     1    12     9     9    14     0     2   -73.0  -15.476  -57.479   3421.6    662.5    312.0
     5     1    12     9     9    14     0     2   -73.0  -14.814  -58.450   3411.9    645.7    312.5
     6     1    12     9     9    14     0     2   -73.0  -14.145  -63.189   3616.0    647.7    313.5
     1     1    12     9     9    13     0     1   -74.0  -14.739  -64.491   2134.7    775.4    308.7
     2     1    12     9     9    13     0     1   -74.0  -13.382  -64.825   3287.6    677.4    311.8
     3     1    12     9     9    13     0     1   -74.0  -14.357  -59.850   3955.0    614.1    315.7
     4     1    12     9     9    13     0     1   -74.0  -15.553  -57.383   3461.3    659.8    312.1
     5     1    12     9     9    13     0     1   -74.0  -14.889  -58.312   3460.0    645.2    312.7
     6     1    12     9     9    13     0     1   -74.0  -14.115  -63.079   3636.2    645.7    313.5
     1     1    12     9     9    12     0     0   -75.0  -14.545  -64.486   2040.7    782.0    308.8
     2     1    12     9     9    12     0     0   -75.0  -13.328  -64.750   3305.4    675.5    311.8
     3     1    12     9     9    12     0     0   -75.0  -14.357  -59.664   3962.6    609.2    315.9
     4     1    12     9     9    12     0     0   -75.0  -15.640  -57.293   3476.4    659.0    312.2
     5     1    12     9     9    12     0     0   -75.0  -14.989  -58.188   3502.0    645.6    312.8
     6     1    12     9     9    12     0     0   -75.0  -14.102  -62.977   3658.9    643.5    313.4
     1     1    12     9     9    11     0     1   -76.0  -14.379  -64.486   1896.4    798.3    308.7
     2     1    12     9     9    11     0     1   -76.0  -13.285  -64.677   3316.4    673.3    311.9
     3     1    12     9     9    11     0     1   -76.0  -14.374  -59.481   3965.8    603.8    316.3
     4     1    12     9     9    11     0     1   -76.0  -15.719  -57.212   3473.4    660.0    312.3
     5     1    12     9     9    11     0     1   -76.0  -15.096  -58.084   3540.2    645.4    312.8
     6     1    12     9     9    11     0     1   -76.0  -14.093  -62.884   3673.3    640.9    313.7
     1     1    12     9     9    10     0     2   -77.0  -14.238  -64.498   1742.2    813.1    308.7
     2     1    12     9     9    10     0     2   -77.0  -13.240  -64.606   3310.8    673.1    312.1
     3     1    12     9     9    10     0     2   -77.0  -14.405  -59.310   3959.6    600.1    316.6
     4     1    12     9     9    10     0     2   -77.0  -15.772  -57.140   3465.6    660.6    312.3
     5     1    12     9     9    10     0     2   -77.0  -15.194  -58.001   3573.6    644.5    312.8
     6     1    12     9     9    10     0     2   -77.0  -14.074  -62.801   3668.8    640.6    313.9
     1     1    12     9     9     9     0     3   -78.0  -14.121  -64.518   1585.7    827.9    308.8
     2     1    12     9     9     9     0     3   -78.0  -13.188  -64.537   3288.7    674.3    312.1
     3     1    12     9     9     9     0     3   -78.0  -14.440  -59.152   3944.6    597.4    316.8
     4     1    12     9     9     9     0     3   -78.0  -15.793  -57.076   3458.7    661.0    312.3
     5     1    12     9     9     9     0     3   -78.0  -15.278  -57.932   3595.7    643.4    312.9
     6     1    12     9     9     9     0     3   -78.0  -14.045  -62.730   3646.1    641.8    314.0
     1     1    12     9     9     8     0     2   -79.0  -14.022  -64.549   1457.4    843.2    308.6
     2     1    12     9     9     8     0     2   -79.0  -13.125  -64.467   3262.9    677.4    312.1
     3     1    12     9     9     8     0     2   -79.0  -14.474  -59.005   3921.9    596.4    317.1
     4     1    12     9     9     8     0     2   -79.0  -15.792  -57.008   3448.9    661.4    312.4
     5     1    12     9     9     8     0     2   -79.0  -15.348  -57.870   3602.3    644.0    313.2
     6     1    12     9     9     8     0     2   -79.0  -14.002  -62.663   3615.4    645.1    313.9
     1     1    12     9     9     7     0     1   -80.0  -13.929  -64.592   1384.7    850.8    308.5
     2     1    12     9     9     7     0     1   -80.0  -13.051  -64.395   3246.6    678.9    312.1
     3     1    12     9     9     7     0     1   -80.0  -14.507  -58.869   3902.6    599.3    317.0
     4     1    12     9     9     7     0     1   -80.0  -15.779  -56.923   3430.9    663.2    312.4
     5     1    12     9     9     7     0     1   -80.0  -15.409  -57.814   3592.8    645.9    313.2
     6     1    12     9     9     7     0     1   -80.0  -13.948  -62.594   3588.9    647.5    313.9
     1     1    12     9     9     6     0     0   -81.0  -13.833  -64.643   1369.2    852.3    308.5
     2     1    12     9     9     6     0     0   -81.0  -12.966  -64.316   3242.6    679.4    312.1
     3     1    12     9     9     6     0     0   -81.0  -14.541  -58.744   3878.7    602.4    316.9
     4     1    12     9     9     6     0     0   -81.0  -15.758  -56.818   3404.8    665.6    312.4
     5     1    12     9     9     6     0     0   -81.0  -15.462  -57.764   3569.7    648.7    313.3
     6     1    12     9     9     6     0     0   -81.0  -13.883  -62.522   3569.7    649.5    313.9
     1     1    12     9     9     5     0     1   -82.0  -13.729  -64.697   1372.3    848.3    308.6
     2     1    12     9     9     5     0     1   -82.0  -12.877  -64.236   3235.6    679.0    312.4
     3     1    12     9     9     5     0     1   -82.0  -14.575  -58.635   3852.0    606.3    316.7
     4     1    12     9     9     5     0     1   -82.0  -15.729  -56.693   3372.4    668.6    312.3
     5     1    12     9     9     5     0     1   -82.0  -15.501  -57.725   3538.8    652.4    313.2
     6     1    12     9     9     5     0     1   -82.0  -13.816  -62.447   3553.8    650.7    314.0
     1     1    12     9     9     4     0     2   -83.0  -13.610  -64.750   1355.7    849.9    308.6
     2     1    12     9     9     4     0     2   -83.0  -12.786  -64.162   3208.7    681.5    312.6
     3     1    12     9     9     4     0     2   -83.0  -14.609  -58.547   3827.4    609.6    316.6
     4     1    12     9     9     4     0     2   -83.0  -15.697  -56.548   3336.4    671.8    312.3
     5     1    12     9     9     4     0     2   -83.0  -15.522  -57.698   3505.4    655.6    313.2
     6     1    12     9     9     4     0     2   -83.0  -13.751  -62.368   3534.3    652.7    314.1
     1     1    12     9     9     3     0     3   -84.0  -13.478  -64.806   1318.0    853.6    308.6
     2     1    12     9     9     3     0     3   -84.0  -12.689  -64.087   3163.7    685.5    312.7
     3     1    12     9     9     3     0     3   -84.0  -14.641  -58.477   3806.2    612.7    316.6
     4     1    12     9     9     3     0     3   -84.0  -15.668  -56.382   3296.4    675.0    312.2
     5     1    12     9     9     3     0     3   -84.0  -15.526  -57.682   3469.5    658.9    313.2
     6     1    12     9     9     3     0     3   -84.0  -13.686  -62.286   3508.7    655.2    314.1
     1     1    12     9     9     2     0     2   -85.0  -13.334  -64.859   1297.6    858.8    308.4
     2     1    12     9     9     2     0     2   -85.0  -12.579  -64.001   3119.7    690.1    312.5
     3     1    12     9     9     2     0     2   -85.0  -14.668  -58.423   3793.0    614.8    316.2
     4     1    12     9     9     2     0     2   -85.0  -15.641  -56.197   3252.7    678.2    312.1
     5     1    12     9     9     2     0     2   -85.0  -15.513  -57.679   3433.7    661.7    313.2
     6     1    12     9     9     2     0     2   -85.0  -13.613  -62.204   3492.7    658.1    313.8
     1     1    12     9     9     1     0     1   -86.0  -13.181  -64.906   1334.0    854.7    308.4
     2     1    12     9     9     1     0     1   -86.0  -12.459  -63.900   3093.0    692.1    312.4
     3     1    12     9     9     1     0     1   -86.0  -14.688  -58.385   3790.7    615.4    316.1
     4     1    12     9     9     1     0     1   -86.0  -15.615  -55.993   3204.3    681.2    312.1
     5     1    12     9     9     1     0     1   -86.0  -15.484  -57.694   3401.0    664.0    313.2
     6     1    12     9     9     1     0     1   -86.0  -13.532  -62.130   3503.9    657.6    313.6
     1     1    12     9     9     0     0     0   -87.0  -13.022  -64.950   1424.9    844.3    308.4
     2     1    12     9     9     0     0     0   -87.0  -12.338  -63.786   3080.5    692.9    312.4
     3     1    12     9     9     0     0     0   -87.0  -14.699  -58.362   3797.5    615.2    316.0
     4     1    12     9     9     0     0     0   -87.0  -15.589  -55.794   3152.8    681.0    312.1
     5     1    12     9     9     0     0     0   -87.0  -15.440  -57.727   3373.9    665.4    313.2
     6     1    12     9     9     0     0     0   -87.0  -13.451  -62.072   3553.7    652.9    313.7
     1     1    12     9     8    23     0     1   -88.0  -12.862  -64.998   1279.9    830.7    308.8
     2     1    12     9     8    23     0     1   -88.0  -12.225  -63.674   3078.4    692.9    312.1
     3     1    12     9     8    23     0     1   -88.0  -14.707  -58.350   3802.7    613.9    316.2
     4     1    12     9     8    23     0     1   -88.0  -15.564  -55.621   3068.2    680.5    312.2
     5     1    12     9     8    23     0     1   -88.0  -15.390  -57.779   3339.0    666.5    313.3
     6     1    12     9     8    23     0     1   -88.0  -13.380  -62.026   3591.2    649.1    314.0
     1     1    12     9     8    22     0     2   -89.0  -12.712  -65.050   1352.6    950.9    308.7
     2     1    12     9     8    22     0     2   -89.0  -12.125  -63.583   3083.1    692.3    311.9
     3     1    12     9     8    22     0     2   -89.0  -14.717  -58.346   3794.8    614.4    316.2
     4     1    12     9     8    22     0     2   -89.0  -15.536  -55.472   2799.4    690.5    312.0
     5     1    12     9     8    22     0     2   -89.0  -15.338  -57.847   3285.7    669.4    313.4
     6     1    12     9     8    22     0     2   -89.0  -13.321  -61.988   3601.9    648.1    314.1
     1     1    12     9     8    21     0     3   -90.0  -12.603  -65.096    118.3    988.1    310.0
     2     1    12     9     8    21     0     3   -90.0  -12.042  -63.516   3096.5    690.9    311.8
     3     1    12     9     8    21     0     3   -90.0  -14.725  -58.350   3765.4    616.8    316.2
     4     1    12     9     8    21     0     3   -90.0  -15.486  -55.351   1174.4    764.6    311.6
     5     1    12     9     8    21     0     3   -90.0  -15.284  -57.931   3201.1    675.4    313.5
     6     1    12     9     8    21     0     3   -90.0  -13.268  -61.955   3569.4    651.4    314.0
     1     1    12     9     8    20     0     2   -91.0  -12.481  -65.156      0.0    851.0    309.0
     2     1    12     9     8    20     0     2   -91.0  -11.973  -63.471   3107.7    690.2    311.8
     3     1    12     9     8    20     0     2   -91.0  -14.725  -58.361   3736.6    619.4    316.1
     4     1    12     9     8    20     0     2   -91.0  -15.423  -55.284    497.8    960.9    312.1
     5     1    12     9     8    20     0     2   -91.0  -15.218  -58.018   3151.0    681.6    313.1
     6     1    12     9     8    20     0     2   -91.0  -13.218  -61.935   3536.9    654.9    313.8
     1     1    12     9     8    19     0     1   -92.0  -12.387  -65.204    755.1    933.4    308.9
     2     1    12     9     8    19     0     1   -92.0  -11.911  -63.440   3116.6    689.5    311.8
     3     1    12     9     8    19     0     1   -92.0  -14.714  -58.378   3712.2    621.2    316.0
     4     1    12     9     8    19     0     1   -92.0  -15.333  -55.215    319.5    939.1    311.5
     5     1    12     9     8    19     0     1   -92.0  -15.141  -58.087   3174.7    678.7    312.9
     6     1    12     9     8    19     0     1   -92.0  -13.167  -61.932   3511.1    657.8    313.7
     1     1    12     9     8    18     0     0   -93.0  -12.243  -65.268   1529.8    776.0    308.9
     2     1    12     9     8    18     0     0   -93.0  -11.856  -63.425   3126.1    688.8    311.8
     3     1    12     9     8    18     0     0   -93.0  -14.694  -58.400   3693.2    622.4    316.0
     4     1    12     9     8    18     0     0   -93.0  -15.249  -55.160      0.0    953.4    318.9
     5     1    12     9     8    18     0     0   -93.0  -15.058  -58.137   3218.6    669.6    313.0
     6     1    12     9     8    18     0     0   -93.0  -13.114  -61.946   3493.9    660.1    313.6
     1     1    12     9     8    17     0     1   -94.0  -12.100  -65.329   1040.6    862.2    308.4
     2     1    12     9     8    17     0     1   -94.0  -11.805  -63.419   3126.6    687.7    312.1
     3     1    12     9     8    17     0     1   -94.0  -14.666  -58.415   3674.1    623.0    316.1
     4     1    12     9     8    17     0     1   -94.0  -15.161  -55.115     53.7    943.5    315.8
     5     1    12     9     8    17     0     1   -94.0  -14.977  -58.164   3246.0    664.7    313.2
     6     1    12     9     8    17     0     1   -94.0  -13.061  -61.970   3474.0    661.6    313.7
     1     1    12     9     8    16     0     2   -95.0  -11.956  -65.386   1603.3    805.1    308.2
     2     1    12     9     8    16     0     2   -95.0  -11.756  -63.415   3107.5    689.1    312.3
     3     1    12     9     8    16     0     2   -95.0  -14.632  -58.417   3651.5    624.4    316.1
     4     1    12     9     8    16     0     2   -95.0  -15.047  -55.069     75.3    938.8    315.2
     5     1    12     9     8    16     0     2   -95.0  -14.901  -58.164   3250.9    663.3    313.4
     6     1    12     9     8    16     0     2   -95.0  -13.011  -61.998   3437.6    665.5    313.8
     1     1    12     9     8    15     0     3   -96.0  -11.809  -65.437   1879.0    805.3    307.9
     2     1    12     9     8    15     0     3   -96.0  -11.704  -63.412   3069.3    692.1    312.4
     3     1    12     9     8    15     0     3   -96.0  -14.592  -58.403   3627.1    626.0    316.1
     4     1    12     9     8    15     0     3   -96.0  -14.913  -55.023     76.8    938.7    315.0
     5     1    12     9     8    15     0     3   -96.0  -14.831  -58.134   3242.9    663.4    313.5
     6     1    12     9     8    15     0     3   -96.0  -12.965  -62.028   3380.4    669.8    313.8
     1     1    12     9     8    14     0     2   -97.0  -11.666  -65.480   2042.5    775.4    308.6
     2     1    12     9     8    14     0     2   -97.0  -11.647  -63.405   3027.5    696.0    312.2
     3     1    12     9     8    14     0     2   -97.0  -14.552  -58.381   3608.7    627.3    315.9
     4     1    12     9     8    14     0     2   -97.0  -14.782  -54.974     45.0    942.3    312.7
     5     1    12     9     8    14     0     2   -97.0  -14.770  -58.089   3238.3    663.9    313.3
     6     1    12     9     8    14     0     2   -97.0  -12.916  -62.049   3324.2    675.0    313.5
     1     1    12     9     8    13     0     1   -98.0  -11.525  -65.512   2077.5    777.2    308.8
     2     1    12     9     8    13     0     1   -98.0  -11.584  -63.396   2996.1    697.7    312.2
     3     1    12     9     8    13     0     1   -98.0  -14.514  -58.357   3602.1    627.0    315.9
     4     1    12     9     8    13     0     1   -98.0  -14.682  -54.927      0.0    949.9    311.6
     5     1    12     9     8    13     0     1   -98.0  -14.723  -58.042   3244.8    662.5    313.3
     6     1    12     9     8    13     0     1   -98.0  -12.861  -62.057   3291.4    676.4    313.3
     1     1    12     9     8    12     0     0   -99.0  -11.385  -65.530   2026.4    782.3    308.9
     2     1    12     9     8    12     0     0   -99.0  -11.517  -63.384   2974.3    698.6    312.2
     3     1    12     9     8    12     0     0   -99.0  -14.479  -58.332   3605.5    626.1    315.9
     4     1    12     9     8    12     0     0   -99.0  -14.604  -54.884      0.0    951.1    308.1
     5     1    12     9     8    12     0     0   -99.0  -14.688  -57.995   3259.1    660.7    313.3
     6     1    12     9     8    12     0     0   -99.0  -12.804  -62.054   3281.8    675.8    313.3
     1     1    12     9     8    11     0     1  -100.0  -11.245  -65.541   1953.6    793.7    308.6
     2     1    12     9     8    11     0     1  -100.0  -11.451  -63.367   2957.2    698.5    312.3
     3     1    12     9     8    11     0     1  -100.0  -14.451  -58.313   3609.7    624.2    316.1
     4     1    12     9     8    11     0     1  -100.0  -14.540  -54.833      0.0    951.4    304.5
     5     1    12     9     8    11     0     1  -100.0  -14.663  -57.957   3274.9    658.2    313.4
     6     1    12     9     8    11     0     1  -100.0  -12.752  -62.043   3279.6    673.3    313.5
     1     1    12     9     8    10     0     2  -101.0  -11.109  -65.554   1915.9    796.4    308.5
     2     1    12     9     8    10     0     2  -101.0  -11.388  -63.336   2940.8    698.8    312.3
     3     1    12     9     8    10     0     2  -101.0  -14.434  -58.303   3606.9    623.6    316.1
     4     1    12     9     8    10     0     2  -101.0  -14.488  -54.769      0.0    951.2    301.1
     5     1    12     9     8    10     0     2  -101.0  -14.646  -57.936   3287.6    656.4    313.4
     6     1    12     9     8    10     0     2  -101.0  -12.710  -62.025   3270.2    672.7    313.6
     1     1    12     9     8     9     0     3  -102.0  -10.980  -65.573   1912.1    796.0    308.5
     2     1    12     9     8     9     0     3  -102.0  -11.326  -63.292   2927.7    698.9    312.4
     3     1    12     9     8     9     0     3  -102.0  -14.428  -58.302   3597.8    623.7    316.2
     4     1    12     9     8     9     0     3  -102.0  -14.447  -54.692     44.3    950.5    297.7
     5     1    12     9     8     9     0     3  -102.0  -14.636  -57.933   3297.8    654.8    313.4
     6     1    12     9     8     9     0     3  -102.0  -12.675  -61.997   3253.8    672.8    313.7
     1     1    12     9     8     8     0     2  -103.0  -10.859  -65.594   1920.7    793.8    308.5
     2     1    12     9     8     8     0     2  -103.0  -11.269  -63.234   2917.6    699.3    312.5
     3     1    12     9     8     8     0     2  -103.0  -14.427  -58.307   3587.8    625.0    316.1
     4     1    12     9     8     8     0     2  -103.0  -14.379  -54.568     84.5    940.3    302.1
     5     1    12     9     8     8     0     2  -103.0  -14.627  -57.939   3303.8    654.2    313.5
     6     1    12     9     8     8     0     2  -103.0  -12.641  -61.961   3234.0    674.1    313.7
     1     1    12     9     8     7     0     1  -104.0  -10.746  -65.613   1921.2    794.4    308.5
     2     1    12     9     8     7     0     1  -104.0  -11.221  -63.167   2908.1    699.7    312.6
     3     1    12     9     8     7     0     1  -104.0  -14.426  -58.311   3581.5    625.7    316.1
     4     1    12     9     8     7     0     1  -104.0  -14.310  -54.438     97.6    939.9    302.6
     5     1    12     9     8     7     0     1  -104.0  -14.614  -57.946   3304.1    654.1    313.6
     6     1    12     9     8     7     0     1  -104.0  -12.602  -61.920   3213.2    675.2    313.8
     1     1    12     9     8     6     0     0  -105.0  -10.642  -65.633   1916.7    795.5    308.5
     2     1    12     9     8     6     0     0  -105.0  -11.181  -63.090   2897.7    700.4    312.7
     3     1    12     9     8     6     0     0  -105.0  -14.424  -58.315   3578.5    626.1    316.1
     4     1    12     9     8     6     0     0  -105.0  -14.249  -54.310     92.0    940.7    302.8
     5     1    12     9     8     6     0     0  -105.0  -14.595  -57.951   3298.9    654.3    313.6
     6     1    12     9     8     6     0     0  -105.0  -12.558  -61.874   3190.7    676.4    313.8
     1     1    12     9     8     5     0     1  -106.0  -10.542  -65.649   1913.1    796.7    308.4
     2     1    12     9     8     5     0     1  -106.0  -11.144  -62.997   2894.1    701.2    312.6
     3     1    12     9     8     5     0     1  -106.0  -14.417  -58.321   3576.1    626.1    316.1
     4     1    12     9     8     5     0     1  -106.0  -14.198  -54.191     77.3    943.3    302.8
     5     1    12     9     8     5     0     1  -106.0  -14.568  -57.958   3287.0    654.6    313.7
     6     1    12     9     8     5     0     1  -106.0  -12.507  -61.828   3167.3    677.7    313.8
     1     1    12     9     8     4     0     2  -107.0  -10.447  -65.657   1915.0    797.0    308.4
     2     1    12     9     8     4     0     2  -107.0  -11.104  -62.887   2904.8    700.6    312.5
     3     1    12     9     8     4     0     2  -107.0  -14.400  -58.329   3572.1    626.3    316.1
     4     1    12     9     8     4     0     2  -107.0  -14.153  -54.077     60.8    944.5    303.1
     5     1    12     9     8     4     0     2  -107.0  -14.525  -57.971   3267.5    655.3    313.8
     6     1    12     9     8     4     0     2  -107.0  -12.445  -61.788   3144.6    678.8    313.8
     1     1    12     9     8     3     0     3  -108.0  -10.360  -65.659   1923.6    796.7    308.4
     2     1    12     9     8     3     0     3  -108.0  -11.064  -62.771   2928.4    699.1    312.5
     3     1    12     9     8     3     0     3  -108.0  -14.373  -58.338   3567.4    626.4    316.1
     4     1    12     9     8     3     0     3  -108.0  -14.112  -53.964     41.7    946.4    303.3
     5     1    12     9     8     3     0     3  -108.0  -14.466  -57.988   3242.4    656.1    313.9
     6     1    12     9     8     3     0     3  -108.0  -12.373  -61.755   3122.6    679.9    313.9
     1     1    12     9     8     2     0     2  -109.0  -10.277  -65.657   1938.9    795.1    308.4
     2     1    12     9     8     2     0     2  -109.0  -11.019  -62.658   2968.6    696.7    312.1
     3     1    12     9     8     2     0     2  -109.0  -14.335  -58.351   3568.9    625.9    316.0
     4     1    12     9     8     2     0     2  -109.0  -14.081  -53.865     13.7    951.2    302.6
     5     1    12     9     8     2     0     2  -109.0  -14.391  -58.009   3258.4    653.4    314.0
     6     1    12     9     8     2     0     2  -109.0  -12.302  -61.726   3199.6    672.8    314.0
     1     1    12     9     8     1     0     1  -110.0  -10.195  -65.651   1970.9    792.1    308.4
     2     1    12     9     8     1     0     1  -110.0  -10.968  -62.556   3059.7    688.8    312.3
     3     1    12     9     8     1     0     1  -110.0  -14.288  -58.371   3594.6    622.7    316.2
     4     1    12     9     8     1     0     1  -110.0  -14.059  -53.782      0.0    952.4    303.0
     5     1    12     9     8     1     0     1  -110.0  -14.297  -58.029   3287.0    649.0    314.1
     6     1    12     9     8     1     0     1  -110.0  -12.244  -61.705   3279.6    665.7    314.0
     1     1    12     9     8     0     0     0  -111.0  -10.114  -65.641   2011.2    788.3    308.4
     2     1    12     9     8     0     0     0  -111.0  -10.914  -62.462   3146.4    682.6    312.3
     3     1    12     9     8     0     0     0  -111.0  -14.234  -58.397   3623.5    619.4    316.3
     4     1    12     9     8     0     0     0  -111.0  -14.040  -53.703      0.0    953.3    303.6
     5     1    12     9     8     0     0     0  -111.0  -14.182  -58.044   3329.8    642.8    314.3
     6     1    12     9     8     0     0     0  -111.0  -12.195  -61.691   3360.0    658.5    314.1
     1     1    12     9     7    23     0     1  -112.0  -10.026  -65.624   2057.5    783.7    308.4
     2     1    12     9     7    23     0     1  -112.0  -10.864  -62.378   3217.5    676.2    312.7
     3     1    12     9     7    23     0     1  -112.0  -14.175  -58.424   3647.5    615.6    316.7
     4     1    12     9     7    23     0     1  -112.0  -14.017  -53.625      0.0    953.9    305.3
     5     1    12     9     7    23     0     1  -112.0  -14.057  -58.048   3369.1    635.3    315.0
     6     1    12     9     7    23     0     1  -112.0  -12.156  -61.689   3430.8    651.4    314.4
     1     1    12     9     7    22     0     2  -113.0   -9.924  -65.602   2109.8    779.1    308.3
     2     1    12     9     7    22     0     2  -113.0  -10.821  -62.307   3262.5    672.9    312.8
     3     1    12     9     7    22     0     2  -113.0  -14.116  -58.445   3658.1    613.5    316.9
     4     1    12     9     7    22     0     2  -113.0  -13.986  -53.550      0.0    954.7    307.1
     5     1    12     9     7    22     0     2  -113.0  -13.937  -58.038   3388.6    632.9    315.2
     6     1    12     9     7    22     0     2  -113.0  -12.128  -61.701   3486.6    646.3    314.6
     1     1    12     9     7    21     0     3  -114.0   -9.809  -65.574   2173.2    774.0    308.3
     2     1    12     9     7    21     0     3  -114.0  -10.780  -62.248   3284.5    671.3    312.8
     3     1    12     9     7    21     0     3  -114.0  -14.056  -58.460   3655.0    612.5    317.0
     4     1    12     9     7    21     0     3  -114.0  -13.948  -53.477      0.0    955.7    308.9
     5     1    12     9     7    21     0     3  -114.0  -13.821  -58.019   3380.7    634.8    315.2
     6     1    12     9     7    21     0     3  -114.0  -12.106  -61.723   3529.6    642.2    314.8
     1     1    12     9     7    20     0     2  -115.0   -9.692  -65.540   2243.4    767.6    308.3
     2     1    12     9     7    20     0     2  -115.0  -10.738  -62.196   3299.8    671.9    312.6
     3     1    12     9     7    20     0     2  -115.0  -13.995  -58.470   3641.4    613.3    317.2
     4     1    12     9     7    20     0     2  -115.0  -13.905  -53.401      0.0    958.2    310.9
     5     1    12     9     7    20     0     2  -115.0  -13.708  -57.990   3350.6    640.2    314.9
     6     1    12     9     7    20     0     2  -115.0  -12.082  -61.755   3567.8    639.4    314.8
     1     1    12     9     7    19     0     1  -116.0   -9.582  -65.502   2306.4    762.4    308.4
     2     1    12     9     7    19     0     1  -116.0  -10.697  -62.148   3323.4    670.7    312.5
     3     1    12     9     7    19     0     1  -116.0  -13.930  -58.475   3622.9    615.7    317.2
     4     1    12     9     7    19     0     1  -116.0  -13.860  -53.318      0.0    960.8    313.3
     5     1    12     9     7    19     0     1  -116.0  -13.599  -57.947   3310.2    645.4    314.8
     6     1    12     9     7    19     0     1  -116.0  -12.045  -61.795   3607.7    635.8    314.9
     1     1    12     9     7    18     0     0  -117.0   -9.473  -65.457   2361.1    758.3    308.5
     2     1    12     9     7    18     0     0  -117.0  -10.654  -62.104   3355.4    668.7    312.5
     3     1    12     9     7    18     0     0  -117.0  -13.861  -58.474   3594.7    619.0    317.1
     4     1    12     9     7    18     0     0  -117.0  -13.813  -53.230     29.9    963.5    316.0
     5     1    12     9     7    18     0     0  -117.0  -13.494  -57.892   3259.5    651.7    314.7
     6     1    12     9     7    18     0     0  -117.0  -11.996  -61.840   3650.4    631.9    315.0
     1     1    12     9     7    17     0     1  -118.0   -9.361  -65.402   2410.3    754.8    308.5
     2     1    12     9     7    17     0     1  -118.0  -10.610  -62.059   3385.6    665.8    312.8
     3     1    12     9     7    17     0     1  -118.0  -13.790  -58.465   3563.8    623.3    317.0
     4     1    12     9     7    17     0     1  -118.0  -13.758  -53.121     66.4    956.8    312.1
     5     1    12     9     7    17     0     1  -118.0  -13.391  -57.830   3216.3    658.3    314.4
     6     1    12     9     7    17     0     1  -118.0  -11.942  -61.887   3686.3    628.6    315.5
     1     1    12     9     7    16     0     2  -119.0   -9.243  -65.331   2456.4    751.4    308.5
     2     1    12     9     7    16     0     2  -119.0  -10.560  -62.006   3401.8    665.0    312.9
     3     1    12     9     7    16     0     2  -119.0  -13.718  -58.449   3540.0    626.6    316.9
     4     1    12     9     7    16     0     2  -119.0  -13.700  -53.002     75.6    958.2    311.7
     5     1    12     9     7    16     0     2  -119.0  -13.288  -57.767   3193.6    662.3    314.2
     6     1    12     9     7    16     0     2  -119.0  -11.889  -61.935   3700.0    628.1    315.7
     1     1    12     9     7    15     0     3  -120.0   -9.118  -65.248   2499.9    748.2    308.5
     2     1    12     9     7    15     0     3  -120.0  -10.502  -61.944   3402.5    665.1    313.0
     3     1    12     9     7    15     0     3  -120.0  -13.646  -58.426   3526.4    629.1    316.8
     4     1    12     9     7    15     0     3  -120.0  -13.644  -52.878     70.0    961.0    311.7
     5     1    12     9     7    15     0     3  -120.0  -13.186  -57.704   3194.6    664.2    314.1
     6     1    12     9     7    15     0     3  -120.0  -11.838  -61.983   3691.2    629.3    315.8